"confidence_threshold","recording_id","species","true_positive","false_positive","true_negative","false_negative"
"0.36","1","Turdus merula","0","0","1","0"
"0.36","1","Hirundo rustica","0","0","1","0"
"0.36","1","Fringilla coelebs","0","0","1","0"
"0.36","1","Columba palumbus","0","0","1","0"
"0.36","1","Sylvia atricapilla","0","0","1","0"
"0.36","1","Corvus corone","0","0","1","0"
"0.36","1","Apus apus","0","0","1","0"
"0.36","1","Passer domesticus","0","0","1","0"
"0.36","1","Parus major","0","0","1","0"
"0.36","1","Pica pica","0","0","1","0"
"0.36","1","Carduelis carduelis","0","0","1","0"
"0.36","1","Serinus serinus","0","0","1","0"
"0.36","1","Milvus migrans","0","0","1","0"
"0.36","1","Luscinia megarhynchos","0","0","0","1"
"0.36","1","Streptopelia decaocto","0","0","1","0"
"0.36","1","Erithacus rubecula","0","0","1","0"
"0.36","1","Cuculus canorus","0","0","1","0"
"0.36","1","Cyanistes caeruleus","0","0","1","0"
"0.36","1","Phoenicurus ochruros","0","0","1","0"
"0.36","1","Delichon urbicum","0","0","1","0"
"0.36","1","Garrulus glandarius","0","0","1","0"
"0.36","1","Gyps fulvus","0","0","1","0"
"0.36","1","Motacilla alba","0","0","1","0"
"0.36","1","Chloris chloris","0","0","1","0"
"0.36","1","Anas platyrhynchos","0","0","1","0"
"0.36","1","Troglodytes troglodytes","0","0","1","0"
"0.36","1","Falco tinnunculus","0","0","1","0"
"0.36","1","Sturnus vulgaris","0","0","1","0"
"0.36","1","Emberiza cirlus","0","0","1","0"
"0.36","1","Columba livia","0","0","1","0"
"0.36","1","Buteo buteo","0","0","1","0"
"0.36","1","Phylloscopus bonelli","0","0","1","0"
"0.36","1","Larus michahellis","0","0","1","0"
"0.36","1","Linaria cannabina","0","0","1","0"
"0.36","1","Periparus ater","0","0","1","0"
"0.36","1","Merops apiaster","0","0","1","0"
"0.36","1","Oriolus oriolus","0","0","1","0"
"0.36","1","Ardea cinerea","0","0","1","0"
"0.36","1","Certhia brachydactyla","0","0","1","0"
"0.36","1","Upupa epops","0","0","1","0"
"0.36","1","Saxicola rubicola","0","0","1","0"
"0.36","1","Dendrocopos major","0","0","1","0"
"0.36","1","Hippolais polyglotta","0","0","1","0"
"0.36","1","Corvus corax","0","0","1","0"
"0.36","1","Aegithalos caudatus","0","0","1","0"
"0.36","1","Emberiza calandra","0","0","1","0"
"0.36","1","Regulus ignicapilla","0","0","1","0"
"0.36","1","Cettia cetti","0","0","1","0"
"0.36","1","Ptyonoprogne rupestris","0","0","1","0"
"0.36","1","Picus viridis","0","0","1","0"
"0.36","1","Sitta europaea","0","0","1","0"
"0.36","1","Turdus viscivorus","0","0","1","0"
"0.36","1","Egretta garzetta","0","0","1","0"
"0.36","1","Phalacrocorax carbo","0","0","1","0"
"0.36","1","Streptopelia turtur","0","0","1","0"
"0.36","1","Phylloscopus collybita","0","0","1","0"
"0.36","1","Fulica atra","0","0","1","0"
"0.36","1","Lullula arborea","0","0","1","0"
"0.36","1","Curruca melanocephala","0","0","1","0"
"0.36","1","Motacilla flava","0","0","1","0"
"0.36","1","Pyrrhocorax pyrrhocorax","0","0","1","0"
"0.36","1","Galerida cristata","0","0","1","0"
"0.36","1","Gallinula chloropus","0","0","1","0"
"0.36","1","Curruca communis","0","0","1","0"
"0.36","1","Turdus philomelos","0","0","1","0"
"0.36","1","Oenanthe oenanthe","0","0","1","0"
"0.36","1","Lophophanes cristatus","0","0","1","0"
"0.36","1","Milvus milvus","0","0","1","0"
"0.36","1","Petronia petronia","0","0","1","0"
"0.36","1","Cisticola juncidis","0","0","1","0"
"0.36","1","Alauda arvensis","0","0","1","0"
"0.36","1","Phoenicurus phoenicurus","0","0","1","0"
"0.36","1","Circus aeruginosus","0","0","1","0"
"0.36","1","Circaetus gallicus","0","0","1","0"
"0.36","1","Picus sharpei","0","0","1","0"
"0.36","1","Corvus monedula","0","0","1","0"
"0.36","1","Ciconia ciconia","0","0","1","0"
"0.36","1","Hieraaetus pennatus","0","0","1","0"
"0.36","1","Himantopus himantopus","0","0","1","0"
"0.36","1","Sturnus unicolor","0","0","1","0"
"0.36","1","Curruca iberiae","0","0","1","0"
"0.36","1","Carduelis citrinella","0","0","1","0"
"0.36","1","Prunella modularis","0","0","1","0"
"0.36","1","Motacilla cinerea","0","0","1","0"
"0.36","1","Podiceps cristatus","0","0","1","0"
"0.36","1","Lanius senator","0","0","1","0"
"0.36","1","Anthus trivialis","0","0","1","0"
"0.36","1","Bubulcus ibis","0","0","1","0"
"0.36","1","Alectoris rufa","0","0","1","0"
"0.36","1","Acrocephalus scirpaceus","0","0","1","0"
"0.36","1","Emberiza cia","0","0","1","0"
"0.36","1","Chroicocephalus ridibundus","0","0","1","0"
"0.36","1","Actitis hypoleucos","0","0","1","0"
"0.36","1","Lanius collurio","0","0","1","0"
"0.36","1","Muscicapa striata","0","0","1","0"
"0.36","1","Ardea purpurea","0","0","1","0"
"0.36","1","Acrocephalus arundinaceus","0","0","1","0"
"0.36","1","Pernis apivorus","0","0","1","0"
"0.36","1","Tachybaptus ruficollis","0","0","1","0"
"0.36","1","Passer montanus","0","0","1","0"
"0.36","1","Charadrius dubius","0","0","1","0"
"0.36","1","Tadorna tadorna","0","0","1","0"
"0.36","1","Sterna hirundo","0","0","1","0"
"0.36","1","Emberiza citrinella","0","0","1","0"
"0.36","1","Saxicola rubetra","0","0","1","0"
"0.36","1","Riparia riparia","0","0","1","0"
"0.36","1","Apus melba","0","0","1","0"
"0.36","1","Falco subbuteo","0","0","1","0"
"0.36","1","Netta rufina","0","0","1","0"
"0.36","1","Pyrrhula pyrrhula","0","0","1","0"
"0.36","1","Coturnix coturnix","0","0","1","0"
"0.36","1","Curruca undata","0","0","1","0"
"0.36","1","Recurvirostra avosetta","0","0","1","0"
"0.36","1","Sylvia borin","0","0","1","0"
"0.36","1","Poecile palustris","0","0","1","0"
"0.36","1","Ardea alba","0","0","1","0"
"0.36","1","Accipiter nisus","0","0","1","0"
"0.36","1","Mareca strepera","0","0","1","0"
"0.36","1","Ficedula hypoleuca","0","0","1","0"
"0.36","1","Phylloscopus trochilus","0","0","1","0"
"0.36","1","Circus pygargus","0","0","1","0"
"0.36","1","Phasianus colchicus","0","0","1","0"
"0.36","1","Plegadis falcinellus","0","0","1","0"
"0.36","1","Tringa glareola","0","0","1","0"
"0.36","1","Alcedo atthis","0","0","1","0"
"0.36","1","Aythya ferina","0","0","1","0"
"0.36","1","Melanocorypha calandra","0","0","1","0"
"0.36","1","Pyrrhocorax graculus","0","0","1","0"
"0.36","1","Tringa ochropus","0","0","1","0"
"0.36","1","Cinclus cinclus","0","0","1","0"
"0.36","1","Spatula clypeata","0","0","1","0"
"0.36","1","Tringa totanus","0","0","1","0"
"0.36","1","Aquila chrysaetos","0","0","1","0"
"0.36","1","Anthus campestris","0","0","1","0"
"0.36","1","Jynx torquilla","0","0","1","0"
"0.36","1","Cygnus olor","0","0","1","0"
"0.36","1","Vanellus vanellus","0","0","1","0"
"0.36","1","Coccothraustes coccothraustes","0","0","1","0"
"0.36","1","Anthus spinoletta","0","0","1","0"
"0.36","1","Nycticorax nycticorax","0","0","1","0"
"0.36","1","Psittacula krameri","0","0","1","0"
"0.36","1","Phoenicopterus roseus","0","0","1","0"
"0.36","1","Regulus regulus","0","0","1","0"
"0.36","1","Loxia curvirostra","0","0","1","0"
"0.36","1","Galerida theklae","0","0","1","0"
"0.36","1","Podiceps nigricollis","0","0","1","0"
"0.36","1","Emberiza schoeniclus","0","0","1","0"
"0.36","1","Ichthyaetus melanocephalus","0","0","1","0"
"0.36","1","Rallus aquaticus","0","0","1","0"
"0.36","1","Burhinus oedicnemus","0","0","1","0"
"0.36","1","Passer hispaniolensis","0","0","1","0"
"0.36","1","Tringa nebularia","0","0","1","0"
"0.36","1","Falco peregrinus","0","0","1","0"
"0.36","1","Morus bassanus","0","0","1","0"
"0.36","1","Falco naumanni","0","0","1","0"
"0.36","1","Aegypius monachus","0","0","1","0"
"0.36","1","Sternula albifrons","0","0","1","0"
"0.36","1","Cecropis daurica","0","0","1","0"
"0.36","1","Columba oenas","0","0","1","0"
"0.36","1","Chlidonias hybrida","0","0","1","0"
"0.36","1","Anthus pratensis","0","0","1","0"
"0.36","1","Monticola solitarius","0","0","1","0"
"0.36","1","Pandion haliaetus","0","0","1","0"
"0.36","1","Thalasseus sandvicensis","0","0","1","0"
"0.36","1","Gelochelidon nilotica","0","0","1","0"
"0.36","1","Calidris pugnax","0","0","1","0"
"0.36","1","Strix aluco","1","0","0","0"
"0.36","1","Limosa limosa","0","0","1","0"
"0.36","1","Phylloscopus ibericus","0","0","1","0"
"0.36","1","Ardeola ralloides","0","0","1","0"
"0.36","1","Chlidonias niger","0","0","1","0"
"0.36","1","Charadrius hiaticula","0","0","1","0"
"0.36","1","Dryocopus martius","0","0","1","0"
"0.36","1","Athene noctua","0","0","1","0"
"0.36","1","Platalea leucorodia","0","0","1","0"
"0.36","1","Anas crecca","0","0","1","0"
"0.36","2","Turdus merula","0","0","0","1"
"0.36","2","Hirundo rustica","0","0","1","0"
"0.36","2","Fringilla coelebs","0","0","1","0"
"0.36","2","Columba palumbus","0","0","1","0"
"0.36","2","Sylvia atricapilla","0","0","0","1"
"0.36","2","Corvus corone","0","0","0","1"
"0.36","2","Apus apus","0","0","1","0"
"0.36","2","Passer domesticus","0","0","1","0"
"0.36","2","Parus major","0","0","1","0"
"0.36","2","Pica pica","0","0","1","0"
"0.36","2","Carduelis carduelis","0","0","1","0"
"0.36","2","Serinus serinus","0","0","1","0"
"0.36","2","Milvus migrans","0","0","1","0"
"0.36","2","Luscinia megarhynchos","0","0","0","1"
"0.36","2","Streptopelia decaocto","0","0","0","1"
"0.36","2","Erithacus rubecula","0","0","0","1"
"0.36","2","Cuculus canorus","0","0","1","0"
"0.36","2","Cyanistes caeruleus","0","0","0","1"
"0.36","2","Phoenicurus ochruros","0","0","0","1"
"0.36","2","Delichon urbicum","0","0","1","0"
"0.36","2","Garrulus glandarius","0","0","1","0"
"0.36","2","Gyps fulvus","0","0","1","0"
"0.36","2","Motacilla alba","0","0","1","0"
"0.36","2","Chloris chloris","0","0","1","0"
"0.36","2","Anas platyrhynchos","0","0","1","0"
"0.36","2","Troglodytes troglodytes","0","0","1","0"
"0.36","2","Falco tinnunculus","0","0","1","0"
"0.36","2","Sturnus vulgaris","0","0","1","0"
"0.36","2","Emberiza cirlus","0","0","1","0"
"0.36","2","Columba livia","0","0","1","0"
"0.36","2","Buteo buteo","0","0","1","0"
"0.36","2","Phylloscopus bonelli","0","0","1","0"
"0.36","2","Larus michahellis","0","0","1","0"
"0.36","2","Linaria cannabina","0","0","1","0"
"0.36","2","Periparus ater","0","0","1","0"
"0.36","2","Merops apiaster","0","0","1","0"
"0.36","2","Oriolus oriolus","0","0","0","1"
"0.36","2","Ardea cinerea","0","0","1","0"
"0.36","2","Certhia brachydactyla","0","0","1","0"
"0.36","2","Upupa epops","0","0","1","0"
"0.36","2","Saxicola rubicola","0","0","1","0"
"0.36","2","Dendrocopos major","0","0","1","0"
"0.36","2","Hippolais polyglotta","0","0","0","1"
"0.36","2","Corvus corax","0","0","1","0"
"0.36","2","Aegithalos caudatus","0","0","1","0"
"0.36","2","Emberiza calandra","0","0","1","0"
"0.36","2","Regulus ignicapilla","0","0","1","0"
"0.36","2","Cettia cetti","0","0","1","0"
"0.36","2","Ptyonoprogne rupestris","0","0","1","0"
"0.36","2","Picus viridis","0","0","1","0"
"0.36","2","Sitta europaea","0","0","1","0"
"0.36","2","Turdus viscivorus","0","0","1","0"
"0.36","2","Egretta garzetta","0","0","1","0"
"0.36","2","Phalacrocorax carbo","0","0","1","0"
"0.36","2","Streptopelia turtur","0","0","1","0"
"0.36","2","Phylloscopus collybita","0","0","1","0"
"0.36","2","Fulica atra","0","0","1","0"
"0.36","2","Lullula arborea","0","0","1","0"
"0.36","2","Curruca melanocephala","0","0","1","0"
"0.36","2","Motacilla flava","0","0","1","0"
"0.36","2","Pyrrhocorax pyrrhocorax","0","0","1","0"
"0.36","2","Galerida cristata","0","0","1","0"
"0.36","2","Gallinula chloropus","0","0","1","0"
"0.36","2","Curruca communis","0","0","0","1"
"0.36","2","Turdus philomelos","0","0","1","0"
"0.36","2","Oenanthe oenanthe","0","0","1","0"
"0.36","2","Lophophanes cristatus","0","0","1","0"
"0.36","2","Milvus milvus","0","0","1","0"
"0.36","2","Petronia petronia","0","0","1","0"
"0.36","2","Cisticola juncidis","0","0","1","0"
"0.36","2","Alauda arvensis","0","0","1","0"
"0.36","2","Phoenicurus phoenicurus","0","0","1","0"
"0.36","2","Circus aeruginosus","0","0","1","0"
"0.36","2","Circaetus gallicus","0","0","1","0"
"0.36","2","Picus sharpei","0","0","1","0"
"0.36","2","Corvus monedula","0","0","1","0"
"0.36","2","Ciconia ciconia","0","0","1","0"
"0.36","2","Hieraaetus pennatus","0","0","1","0"
"0.36","2","Himantopus himantopus","0","0","1","0"
"0.36","2","Sturnus unicolor","0","0","1","0"
"0.36","2","Curruca iberiae","0","0","1","0"
"0.36","2","Carduelis citrinella","0","0","1","0"
"0.36","2","Prunella modularis","0","0","1","0"
"0.36","2","Motacilla cinerea","0","0","1","0"
"0.36","2","Podiceps cristatus","0","0","1","0"
"0.36","2","Lanius senator","0","0","1","0"
"0.36","2","Anthus trivialis","0","0","1","0"
"0.36","2","Bubulcus ibis","0","0","1","0"
"0.36","2","Alectoris rufa","0","0","0","1"
"0.36","2","Acrocephalus scirpaceus","0","0","1","0"
"0.36","2","Emberiza cia","0","0","1","0"
"0.36","2","Chroicocephalus ridibundus","0","0","1","0"
"0.36","2","Actitis hypoleucos","0","0","1","0"
"0.36","2","Lanius collurio","0","0","1","0"
"0.36","2","Muscicapa striata","0","0","1","0"
"0.36","2","Ardea purpurea","0","0","1","0"
"0.36","2","Acrocephalus arundinaceus","0","0","1","0"
"0.36","2","Pernis apivorus","0","0","1","0"
"0.36","2","Tachybaptus ruficollis","0","0","1","0"
"0.36","2","Passer montanus","0","0","1","0"
"0.36","2","Charadrius dubius","0","0","1","0"
"0.36","2","Tadorna tadorna","0","0","1","0"
"0.36","2","Sterna hirundo","0","0","1","0"
"0.36","2","Emberiza citrinella","0","0","1","0"
"0.36","2","Saxicola rubetra","0","0","1","0"
"0.36","2","Riparia riparia","0","0","1","0"
"0.36","2","Apus melba","0","0","1","0"
"0.36","2","Falco subbuteo","0","0","1","0"
"0.36","2","Netta rufina","0","0","1","0"
"0.36","2","Pyrrhula pyrrhula","0","0","1","0"
"0.36","2","Coturnix coturnix","0","1","0","0"
"0.36","2","Curruca undata","0","0","1","0"
"0.36","2","Recurvirostra avosetta","0","0","1","0"
"0.36","2","Sylvia borin","0","0","1","0"
"0.36","2","Poecile palustris","0","0","1","0"
"0.36","2","Ardea alba","0","0","1","0"
"0.36","2","Accipiter nisus","0","0","1","0"
"0.36","2","Mareca strepera","0","0","1","0"
"0.36","2","Ficedula hypoleuca","0","0","1","0"
"0.36","2","Phylloscopus trochilus","0","0","1","0"
"0.36","2","Circus pygargus","0","0","1","0"
"0.36","2","Phasianus colchicus","0","0","1","0"
"0.36","2","Plegadis falcinellus","0","0","1","0"
"0.36","2","Tringa glareola","0","0","1","0"
"0.36","2","Alcedo atthis","0","0","1","0"
"0.36","2","Aythya ferina","0","0","1","0"
"0.36","2","Melanocorypha calandra","0","0","1","0"
"0.36","2","Pyrrhocorax graculus","0","0","1","0"
"0.36","2","Tringa ochropus","0","0","1","0"
"0.36","2","Cinclus cinclus","0","0","1","0"
"0.36","2","Spatula clypeata","0","0","1","0"
"0.36","2","Tringa totanus","0","0","1","0"
"0.36","2","Aquila chrysaetos","0","0","1","0"
"0.36","2","Anthus campestris","0","0","1","0"
"0.36","2","Jynx torquilla","0","0","1","0"
"0.36","2","Cygnus olor","0","0","1","0"
"0.36","2","Vanellus vanellus","0","0","1","0"
"0.36","2","Coccothraustes coccothraustes","0","0","1","0"
"0.36","2","Anthus spinoletta","0","0","1","0"
"0.36","2","Nycticorax nycticorax","0","0","1","0"
"0.36","2","Psittacula krameri","0","0","1","0"
"0.36","2","Phoenicopterus roseus","0","0","1","0"
"0.36","2","Regulus regulus","0","0","1","0"
"0.36","2","Loxia curvirostra","0","0","1","0"
"0.36","2","Galerida theklae","0","0","1","0"
"0.36","2","Podiceps nigricollis","0","0","1","0"
"0.36","2","Emberiza schoeniclus","0","0","1","0"
"0.36","2","Ichthyaetus melanocephalus","0","0","1","0"
"0.36","2","Rallus aquaticus","0","0","1","0"
"0.36","2","Burhinus oedicnemus","0","0","1","0"
"0.36","2","Passer hispaniolensis","0","0","1","0"
"0.36","2","Tringa nebularia","0","0","1","0"
"0.36","2","Falco peregrinus","0","0","1","0"
"0.36","2","Morus bassanus","0","0","1","0"
"0.36","2","Falco naumanni","0","0","1","0"
"0.36","2","Aegypius monachus","0","0","1","0"
"0.36","2","Sternula albifrons","0","0","1","0"
"0.36","2","Cecropis daurica","0","0","1","0"
"0.36","2","Columba oenas","0","0","1","0"
"0.36","2","Chlidonias hybrida","0","0","1","0"
"0.36","2","Anthus pratensis","0","0","1","0"
"0.36","2","Monticola solitarius","0","0","1","0"
"0.36","2","Pandion haliaetus","0","0","1","0"
"0.36","2","Thalasseus sandvicensis","0","0","1","0"
"0.36","2","Gelochelidon nilotica","0","0","1","0"
"0.36","2","Calidris pugnax","0","0","1","0"
"0.36","2","Strix aluco","0","0","1","0"
"0.36","2","Limosa limosa","0","0","1","0"
"0.36","2","Phylloscopus ibericus","0","0","1","0"
"0.36","2","Ardeola ralloides","0","0","1","0"
"0.36","2","Chlidonias niger","0","0","1","0"
"0.36","2","Charadrius hiaticula","0","0","1","0"
"0.36","2","Dryocopus martius","0","0","1","0"
"0.36","2","Athene noctua","0","0","1","0"
"0.36","2","Platalea leucorodia","0","0","1","0"
"0.36","2","Anas crecca","0","0","1","0"
"0.36","3","Turdus merula","0","0","0","1"
"0.36","3","Hirundo rustica","0","0","1","0"
"0.36","3","Fringilla coelebs","0","0","1","0"
"0.36","3","Columba palumbus","0","0","1","0"
"0.36","3","Sylvia atricapilla","0","0","0","1"
"0.36","3","Corvus corone","0","0","1","0"
"0.36","3","Apus apus","0","0","1","0"
"0.36","3","Passer domesticus","0","0","1","0"
"0.36","3","Parus major","0","0","1","0"
"0.36","3","Pica pica","0","0","1","0"
"0.36","3","Carduelis carduelis","0","0","1","0"
"0.36","3","Serinus serinus","0","0","1","0"
"0.36","3","Milvus migrans","0","0","1","0"
"0.36","3","Luscinia megarhynchos","0","0","0","1"
"0.36","3","Streptopelia decaocto","0","0","0","1"
"0.36","3","Erithacus rubecula","0","0","1","0"
"0.36","3","Cuculus canorus","0","0","1","0"
"0.36","3","Cyanistes caeruleus","0","0","1","0"
"0.36","3","Phoenicurus ochruros","0","0","1","0"
"0.36","3","Delichon urbicum","0","0","1","0"
"0.36","3","Garrulus glandarius","0","0","1","0"
"0.36","3","Gyps fulvus","0","0","1","0"
"0.36","3","Motacilla alba","0","0","1","0"
"0.36","3","Chloris chloris","0","0","1","0"
"0.36","3","Anas platyrhynchos","0","0","1","0"
"0.36","3","Troglodytes troglodytes","0","0","1","0"
"0.36","3","Falco tinnunculus","0","0","1","0"
"0.36","3","Sturnus vulgaris","0","0","1","0"
"0.36","3","Emberiza cirlus","0","0","1","0"
"0.36","3","Columba livia","0","0","1","0"
"0.36","3","Buteo buteo","0","0","1","0"
"0.36","3","Phylloscopus bonelli","0","0","1","0"
"0.36","3","Larus michahellis","0","0","1","0"
"0.36","3","Linaria cannabina","0","0","1","0"
"0.36","3","Periparus ater","0","0","1","0"
"0.36","3","Merops apiaster","0","0","1","0"
"0.36","3","Oriolus oriolus","0","0","1","0"
"0.36","3","Ardea cinerea","0","0","1","0"
"0.36","3","Certhia brachydactyla","0","0","1","0"
"0.36","3","Upupa epops","0","0","1","0"
"0.36","3","Saxicola rubicola","0","0","1","0"
"0.36","3","Dendrocopos major","0","0","1","0"
"0.36","3","Hippolais polyglotta","0","0","1","0"
"0.36","3","Corvus corax","0","0","1","0"
"0.36","3","Aegithalos caudatus","0","0","1","0"
"0.36","3","Emberiza calandra","0","0","1","0"
"0.36","3","Regulus ignicapilla","0","0","1","0"
"0.36","3","Cettia cetti","0","0","1","0"
"0.36","3","Ptyonoprogne rupestris","0","0","1","0"
"0.36","3","Picus viridis","0","0","1","0"
"0.36","3","Sitta europaea","0","0","1","0"
"0.36","3","Turdus viscivorus","0","0","1","0"
"0.36","3","Egretta garzetta","0","0","1","0"
"0.36","3","Phalacrocorax carbo","0","0","1","0"
"0.36","3","Streptopelia turtur","0","0","1","0"
"0.36","3","Phylloscopus collybita","0","0","1","0"
"0.36","3","Fulica atra","0","0","1","0"
"0.36","3","Lullula arborea","0","0","1","0"
"0.36","3","Curruca melanocephala","0","0","1","0"
"0.36","3","Motacilla flava","0","0","1","0"
"0.36","3","Pyrrhocorax pyrrhocorax","0","0","1","0"
"0.36","3","Galerida cristata","0","0","1","0"
"0.36","3","Gallinula chloropus","0","0","1","0"
"0.36","3","Curruca communis","0","0","1","0"
"0.36","3","Turdus philomelos","0","0","1","0"
"0.36","3","Oenanthe oenanthe","0","0","1","0"
"0.36","3","Lophophanes cristatus","0","0","1","0"
"0.36","3","Milvus milvus","0","0","1","0"
"0.36","3","Petronia petronia","0","0","1","0"
"0.36","3","Cisticola juncidis","0","0","1","0"
"0.36","3","Alauda arvensis","0","0","1","0"
"0.36","3","Phoenicurus phoenicurus","0","0","1","0"
"0.36","3","Circus aeruginosus","0","0","1","0"
"0.36","3","Circaetus gallicus","0","0","1","0"
"0.36","3","Picus sharpei","0","0","1","0"
"0.36","3","Corvus monedula","0","0","1","0"
"0.36","3","Ciconia ciconia","0","0","1","0"
"0.36","3","Hieraaetus pennatus","0","0","1","0"
"0.36","3","Himantopus himantopus","0","0","1","0"
"0.36","3","Sturnus unicolor","0","0","1","0"
"0.36","3","Curruca iberiae","0","0","1","0"
"0.36","3","Carduelis citrinella","0","0","1","0"
"0.36","3","Prunella modularis","0","0","1","0"
"0.36","3","Motacilla cinerea","0","0","1","0"
"0.36","3","Podiceps cristatus","0","0","1","0"
"0.36","3","Lanius senator","0","0","1","0"
"0.36","3","Anthus trivialis","0","0","1","0"
"0.36","3","Bubulcus ibis","0","0","1","0"
"0.36","3","Alectoris rufa","0","0","1","0"
"0.36","3","Acrocephalus scirpaceus","0","0","1","0"
"0.36","3","Emberiza cia","0","0","1","0"
"0.36","3","Chroicocephalus ridibundus","0","0","1","0"
"0.36","3","Actitis hypoleucos","0","0","1","0"
"0.36","3","Lanius collurio","0","0","1","0"
"0.36","3","Muscicapa striata","0","0","1","0"
"0.36","3","Ardea purpurea","0","0","1","0"
"0.36","3","Acrocephalus arundinaceus","0","0","1","0"
"0.36","3","Pernis apivorus","0","0","1","0"
"0.36","3","Tachybaptus ruficollis","0","0","1","0"
"0.36","3","Passer montanus","0","0","1","0"
"0.36","3","Charadrius dubius","0","0","1","0"
"0.36","3","Tadorna tadorna","0","0","1","0"
"0.36","3","Sterna hirundo","0","0","1","0"
"0.36","3","Emberiza citrinella","0","0","1","0"
"0.36","3","Saxicola rubetra","0","0","1","0"
"0.36","3","Riparia riparia","0","0","1","0"
"0.36","3","Apus melba","0","0","1","0"
"0.36","3","Falco subbuteo","0","0","1","0"
"0.36","3","Netta rufina","0","0","1","0"
"0.36","3","Pyrrhula pyrrhula","0","0","1","0"
"0.36","3","Coturnix coturnix","0","0","1","0"
"0.36","3","Curruca undata","0","0","1","0"
"0.36","3","Recurvirostra avosetta","0","0","1","0"
"0.36","3","Sylvia borin","0","0","1","0"
"0.36","3","Poecile palustris","0","0","1","0"
"0.36","3","Ardea alba","0","0","1","0"
"0.36","3","Accipiter nisus","0","0","1","0"
"0.36","3","Mareca strepera","0","0","1","0"
"0.36","3","Ficedula hypoleuca","0","0","1","0"
"0.36","3","Phylloscopus trochilus","0","0","1","0"
"0.36","3","Circus pygargus","0","0","1","0"
"0.36","3","Phasianus colchicus","0","0","1","0"
"0.36","3","Plegadis falcinellus","0","0","1","0"
"0.36","3","Tringa glareola","0","0","1","0"
"0.36","3","Alcedo atthis","0","0","1","0"
"0.36","3","Aythya ferina","0","0","1","0"
"0.36","3","Melanocorypha calandra","0","0","1","0"
"0.36","3","Pyrrhocorax graculus","0","0","1","0"
"0.36","3","Tringa ochropus","0","0","1","0"
"0.36","3","Cinclus cinclus","0","0","1","0"
"0.36","3","Spatula clypeata","0","0","1","0"
"0.36","3","Tringa totanus","0","0","1","0"
"0.36","3","Aquila chrysaetos","0","0","1","0"
"0.36","3","Anthus campestris","0","0","1","0"
"0.36","3","Jynx torquilla","0","0","1","0"
"0.36","3","Cygnus olor","0","0","1","0"
"0.36","3","Vanellus vanellus","0","0","1","0"
"0.36","3","Coccothraustes coccothraustes","0","0","1","0"
"0.36","3","Anthus spinoletta","0","0","1","0"
"0.36","3","Nycticorax nycticorax","0","0","1","0"
"0.36","3","Psittacula krameri","0","0","1","0"
"0.36","3","Phoenicopterus roseus","0","0","1","0"
"0.36","3","Regulus regulus","0","0","1","0"
"0.36","3","Loxia curvirostra","0","0","1","0"
"0.36","3","Galerida theklae","0","0","1","0"
"0.36","3","Podiceps nigricollis","0","0","1","0"
"0.36","3","Emberiza schoeniclus","0","0","1","0"
"0.36","3","Ichthyaetus melanocephalus","0","0","1","0"
"0.36","3","Rallus aquaticus","0","0","1","0"
"0.36","3","Burhinus oedicnemus","0","0","1","0"
"0.36","3","Passer hispaniolensis","0","0","1","0"
"0.36","3","Tringa nebularia","0","0","1","0"
"0.36","3","Falco peregrinus","0","0","1","0"
"0.36","3","Morus bassanus","0","0","1","0"
"0.36","3","Falco naumanni","0","0","1","0"
"0.36","3","Aegypius monachus","0","0","1","0"
"0.36","3","Sternula albifrons","0","0","1","0"
"0.36","3","Cecropis daurica","0","0","1","0"
"0.36","3","Columba oenas","0","0","1","0"
"0.36","3","Chlidonias hybrida","0","0","1","0"
"0.36","3","Anthus pratensis","0","0","1","0"
"0.36","3","Monticola solitarius","0","0","1","0"
"0.36","3","Pandion haliaetus","0","0","1","0"
"0.36","3","Thalasseus sandvicensis","0","0","1","0"
"0.36","3","Gelochelidon nilotica","0","0","1","0"
"0.36","3","Calidris pugnax","0","0","1","0"
"0.36","3","Strix aluco","0","0","1","0"
"0.36","3","Limosa limosa","0","0","1","0"
"0.36","3","Phylloscopus ibericus","0","0","1","0"
"0.36","3","Ardeola ralloides","0","0","1","0"
"0.36","3","Chlidonias niger","0","0","1","0"
"0.36","3","Charadrius hiaticula","0","0","1","0"
"0.36","3","Dryocopus martius","0","0","1","0"
"0.36","3","Athene noctua","0","0","1","0"
"0.36","3","Platalea leucorodia","0","0","1","0"
"0.36","3","Anas crecca","0","0","1","0"
"0.36","4","Turdus merula","0","0","0","1"
"0.36","4","Hirundo rustica","0","0","1","0"
"0.36","4","Fringilla coelebs","0","0","1","0"
"0.36","4","Columba palumbus","0","0","1","0"
"0.36","4","Sylvia atricapilla","0","0","0","1"
"0.36","4","Corvus corone","0","0","1","0"
"0.36","4","Apus apus","0","0","1","0"
"0.36","4","Passer domesticus","0","0","1","0"
"0.36","4","Parus major","0","0","1","0"
"0.36","4","Pica pica","0","0","1","0"
"0.36","4","Carduelis carduelis","0","0","1","0"
"0.36","4","Serinus serinus","0","0","1","0"
"0.36","4","Milvus migrans","0","0","1","0"
"0.36","4","Streptopelia decaocto","0","0","0","1"
"0.36","4","Luscinia megarhynchos","1","0","0","0"
"0.36","4","Erithacus rubecula","0","0","1","0"
"0.36","4","Cuculus canorus","0","0","1","0"
"0.36","4","Cyanistes caeruleus","0","0","1","0"
"0.36","4","Phoenicurus ochruros","0","0","1","0"
"0.36","4","Delichon urbicum","0","0","1","0"
"0.36","4","Garrulus glandarius","0","0","1","0"
"0.36","4","Motacilla alba","0","0","1","0"
"0.36","4","Gyps fulvus","0","0","1","0"
"0.36","4","Chloris chloris","0","0","1","0"
"0.36","4","Anas platyrhynchos","0","0","1","0"
"0.36","4","Troglodytes troglodytes","0","0","1","0"
"0.36","4","Falco tinnunculus","0","0","1","0"
"0.36","4","Sturnus vulgaris","0","0","1","0"
"0.36","4","Emberiza cirlus","0","0","1","0"
"0.36","4","Columba livia","0","0","1","0"
"0.36","4","Buteo buteo","0","0","1","0"
"0.36","4","Phylloscopus bonelli","0","0","1","0"
"0.36","4","Larus michahellis","0","0","1","0"
"0.36","4","Linaria cannabina","0","0","1","0"
"0.36","4","Periparus ater","0","0","1","0"
"0.36","4","Merops apiaster","0","0","1","0"
"0.36","4","Oriolus oriolus","0","0","1","0"
"0.36","4","Ardea cinerea","0","0","1","0"
"0.36","4","Upupa epops","0","0","1","0"
"0.36","4","Certhia brachydactyla","0","0","1","0"
"0.36","4","Saxicola rubicola","0","0","1","0"
"0.36","4","Dendrocopos major","0","0","1","0"
"0.36","4","Hippolais polyglotta","0","0","1","0"
"0.36","4","Corvus corax","0","0","1","0"
"0.36","4","Aegithalos caudatus","0","0","0","1"
"0.36","4","Regulus ignicapilla","0","0","1","0"
"0.36","4","Emberiza calandra","0","0","1","0"
"0.36","4","Cettia cetti","0","0","1","0"
"0.36","4","Ptyonoprogne rupestris","0","0","1","0"
"0.36","4","Picus viridis","0","0","1","0"
"0.36","4","Sitta europaea","0","0","1","0"
"0.36","4","Turdus viscivorus","0","0","1","0"
"0.36","4","Egretta garzetta","0","0","1","0"
"0.36","4","Phalacrocorax carbo","0","0","1","0"
"0.36","4","Streptopelia turtur","0","0","1","0"
"0.36","4","Phylloscopus collybita","0","0","1","0"
"0.36","4","Fulica atra","0","0","1","0"
"0.36","4","Curruca melanocephala","0","0","1","0"
"0.36","4","Lullula arborea","0","0","1","0"
"0.36","4","Motacilla flava","0","0","1","0"
"0.36","4","Pyrrhocorax pyrrhocorax","0","0","1","0"
"0.36","4","Galerida cristata","0","0","1","0"
"0.36","4","Gallinula chloropus","0","0","1","0"
"0.36","4","Curruca communis","0","0","0","1"
"0.36","4","Turdus philomelos","0","0","1","0"
"0.36","4","Lophophanes cristatus","0","0","1","0"
"0.36","4","Oenanthe oenanthe","0","0","1","0"
"0.36","4","Petronia petronia","0","0","1","0"
"0.36","4","Milvus milvus","0","0","1","0"
"0.36","4","Alauda arvensis","0","0","1","0"
"0.36","4","Cisticola juncidis","0","0","1","0"
"0.36","4","Phoenicurus phoenicurus","0","0","1","0"
"0.36","4","Circaetus gallicus","0","0","1","0"
"0.36","4","Circus aeruginosus","0","0","1","0"
"0.36","4","Corvus monedula","0","0","1","0"
"0.36","4","Picus sharpei","0","0","1","0"
"0.36","4","Ciconia ciconia","0","0","1","0"
"0.36","4","Hieraaetus pennatus","0","0","1","0"
"0.36","4","Himantopus himantopus","0","0","1","0"
"0.36","4","Sturnus unicolor","0","0","1","0"
"0.36","4","Carduelis citrinella","0","0","1","0"
"0.36","4","Curruca iberiae","0","0","1","0"
"0.36","4","Prunella modularis","0","0","1","0"
"0.36","4","Motacilla cinerea","0","0","1","0"
"0.36","4","Podiceps cristatus","0","0","1","0"
"0.36","4","Lanius senator","0","0","1","0"
"0.36","4","Anthus trivialis","0","0","1","0"
"0.36","4","Bubulcus ibis","0","0","1","0"
"0.36","4","Acrocephalus scirpaceus","0","0","1","0"
"0.36","4","Alectoris rufa","0","0","1","0"
"0.36","4","Emberiza cia","0","0","1","0"
"0.36","4","Chroicocephalus ridibundus","0","0","1","0"
"0.36","4","Lanius collurio","0","0","1","0"
"0.36","4","Actitis hypoleucos","0","0","1","0"
"0.36","4","Muscicapa striata","0","0","1","0"
"0.36","4","Ardea purpurea","0","0","1","0"
"0.36","4","Acrocephalus arundinaceus","0","0","1","0"
"0.36","4","Pernis apivorus","0","0","1","0"
"0.36","4","Tachybaptus ruficollis","0","0","1","0"
"0.36","4","Passer montanus","0","0","1","0"
"0.36","4","Charadrius dubius","0","0","1","0"
"0.36","4","Tadorna tadorna","0","0","1","0"
"0.36","4","Sterna hirundo","0","0","1","0"
"0.36","4","Emberiza citrinella","0","0","1","0"
"0.36","4","Saxicola rubetra","0","0","1","0"
"0.36","4","Riparia riparia","0","0","1","0"
"0.36","4","Apus melba","0","0","1","0"
"0.36","4","Falco subbuteo","0","0","1","0"
"0.36","4","Netta rufina","0","0","1","0"
"0.36","4","Pyrrhula pyrrhula","0","0","1","0"
"0.36","4","Coturnix coturnix","0","0","1","0"
"0.36","4","Recurvirostra avosetta","0","0","1","0"
"0.36","4","Curruca undata","0","0","1","0"
"0.36","4","Sylvia borin","0","0","1","0"
"0.36","4","Poecile palustris","0","0","1","0"
"0.36","4","Ardea alba","0","0","1","0"
"0.36","4","Accipiter nisus","0","0","1","0"
"0.36","4","Mareca strepera","0","0","1","0"
"0.36","4","Ficedula hypoleuca","0","0","1","0"
"0.36","4","Phylloscopus trochilus","0","0","1","0"
"0.36","4","Phasianus colchicus","0","0","1","0"
"0.36","4","Circus pygargus","0","0","1","0"
"0.36","4","Plegadis falcinellus","0","0","1","0"
"0.36","4","Tringa glareola","0","0","1","0"
"0.36","4","Alcedo atthis","0","0","1","0"
"0.36","4","Aythya ferina","0","0","1","0"
"0.36","4","Melanocorypha calandra","0","0","1","0"
"0.36","4","Pyrrhocorax graculus","0","0","1","0"
"0.36","4","Cinclus cinclus","0","0","1","0"
"0.36","4","Spatula clypeata","0","0","1","0"
"0.36","4","Tringa ochropus","0","0","1","0"
"0.36","4","Tringa totanus","0","0","1","0"
"0.36","4","Aquila chrysaetos","0","0","1","0"
"0.36","4","Anthus campestris","0","0","1","0"
"0.36","4","Jynx torquilla","0","0","1","0"
"0.36","4","Cygnus olor","0","0","1","0"
"0.36","4","Coccothraustes coccothraustes","0","0","1","0"
"0.36","4","Anthus spinoletta","0","0","1","0"
"0.36","4","Vanellus vanellus","0","0","1","0"
"0.36","4","Psittacula krameri","0","0","1","0"
"0.36","4","Nycticorax nycticorax","0","0","1","0"
"0.36","4","Phoenicopterus roseus","0","0","1","0"
"0.36","4","Regulus regulus","0","0","1","0"
"0.36","4","Loxia curvirostra","0","0","1","0"
"0.36","4","Podiceps nigricollis","0","0","1","0"
"0.36","4","Galerida theklae","0","0","1","0"
"0.36","4","Emberiza schoeniclus","0","0","1","0"
"0.36","4","Ichthyaetus melanocephalus","0","0","1","0"
"0.36","4","Rallus aquaticus","0","0","1","0"
"0.36","4","Burhinus oedicnemus","0","0","1","0"
"0.36","4","Passer hispaniolensis","0","0","1","0"
"0.36","4","Tringa nebularia","0","0","1","0"
"0.36","4","Falco peregrinus","0","0","1","0"
"0.36","4","Morus bassanus","0","0","1","0"
"0.36","4","Falco naumanni","0","0","1","0"
"0.36","4","Sternula albifrons","0","0","1","0"
"0.36","4","Columba oenas","0","0","1","0"
"0.36","4","Aegypius monachus","0","0","1","0"
"0.36","4","Cecropis daurica","0","0","1","0"
"0.36","4","Chlidonias hybrida","0","0","1","0"
"0.36","4","Monticola solitarius","0","0","1","0"
"0.36","4","Anthus pratensis","0","0","1","0"
"0.36","4","Pandion haliaetus","0","0","1","0"
"0.36","4","Thalasseus sandvicensis","0","0","1","0"
"0.36","4","Gelochelidon nilotica","0","0","1","0"
"0.36","4","Calidris pugnax","0","0","1","0"
"0.36","4","Strix aluco","0","0","1","0"
"0.36","4","Limosa limosa","0","0","1","0"
"0.36","4","Ardeola ralloides","0","0","1","0"
"0.36","4","Chlidonias niger","0","0","1","0"
"0.36","4","Phylloscopus ibericus","0","0","1","0"
"0.36","4","Charadrius hiaticula","0","0","1","0"
"0.36","4","Dryocopus martius","0","0","1","0"
"0.36","4","Athene noctua","0","0","1","0"
"0.36","4","Platalea leucorodia","0","0","1","0"
"0.36","4","Anas crecca","0","0","1","0"
"0.36","5","Turdus merula","0","0","1","0"
"0.36","5","Hirundo rustica","0","0","1","0"
"0.36","5","Fringilla coelebs","0","0","1","0"
"0.36","5","Columba palumbus","0","0","1","0"
"0.36","5","Sylvia atricapilla","0","0","1","0"
"0.36","5","Corvus corone","0","0","1","0"
"0.36","5","Apus apus","0","0","1","0"
"0.36","5","Passer domesticus","0","0","1","0"
"0.36","5","Parus major","0","0","1","0"
"0.36","5","Pica pica","0","0","1","0"
"0.36","5","Carduelis carduelis","0","0","1","0"
"0.36","5","Serinus serinus","0","0","1","0"
"0.36","5","Milvus migrans","0","0","1","0"
"0.36","5","Streptopelia decaocto","0","0","1","0"
"0.36","5","Luscinia megarhynchos","1","0","0","0"
"0.36","5","Erithacus rubecula","0","0","1","0"
"0.36","5","Cuculus canorus","0","0","1","0"
"0.36","5","Cyanistes caeruleus","0","0","1","0"
"0.36","5","Phoenicurus ochruros","0","0","1","0"
"0.36","5","Delichon urbicum","0","0","1","0"
"0.36","5","Garrulus glandarius","0","0","1","0"
"0.36","5","Motacilla alba","0","0","1","0"
"0.36","5","Gyps fulvus","0","0","1","0"
"0.36","5","Chloris chloris","0","0","1","0"
"0.36","5","Anas platyrhynchos","0","0","1","0"
"0.36","5","Troglodytes troglodytes","0","0","1","0"
"0.36","5","Falco tinnunculus","0","0","1","0"
"0.36","5","Sturnus vulgaris","0","0","1","0"
"0.36","5","Emberiza cirlus","0","0","1","0"
"0.36","5","Columba livia","0","0","1","0"
"0.36","5","Buteo buteo","0","0","1","0"
"0.36","5","Phylloscopus bonelli","0","0","1","0"
"0.36","5","Larus michahellis","0","0","1","0"
"0.36","5","Linaria cannabina","0","0","1","0"
"0.36","5","Periparus ater","0","0","1","0"
"0.36","5","Merops apiaster","0","0","1","0"
"0.36","5","Oriolus oriolus","0","0","1","0"
"0.36","5","Ardea cinerea","0","0","1","0"
"0.36","5","Upupa epops","0","0","1","0"
"0.36","5","Certhia brachydactyla","0","0","1","0"
"0.36","5","Saxicola rubicola","0","0","1","0"
"0.36","5","Dendrocopos major","0","0","1","0"
"0.36","5","Hippolais polyglotta","0","0","1","0"
"0.36","5","Corvus corax","0","0","1","0"
"0.36","5","Aegithalos caudatus","0","0","1","0"
"0.36","5","Regulus ignicapilla","0","0","1","0"
"0.36","5","Emberiza calandra","0","0","1","0"
"0.36","5","Cettia cetti","0","0","1","0"
"0.36","5","Ptyonoprogne rupestris","0","0","1","0"
"0.36","5","Picus viridis","0","0","1","0"
"0.36","5","Sitta europaea","0","0","1","0"
"0.36","5","Turdus viscivorus","0","0","1","0"
"0.36","5","Egretta garzetta","0","0","1","0"
"0.36","5","Phalacrocorax carbo","0","0","1","0"
"0.36","5","Streptopelia turtur","0","0","1","0"
"0.36","5","Phylloscopus collybita","0","0","1","0"
"0.36","5","Fulica atra","0","0","1","0"
"0.36","5","Curruca melanocephala","0","0","1","0"
"0.36","5","Lullula arborea","0","0","1","0"
"0.36","5","Motacilla flava","0","0","1","0"
"0.36","5","Pyrrhocorax pyrrhocorax","0","0","1","0"
"0.36","5","Galerida cristata","0","0","1","0"
"0.36","5","Gallinula chloropus","0","0","1","0"
"0.36","5","Curruca communis","0","0","1","0"
"0.36","5","Turdus philomelos","0","0","1","0"
"0.36","5","Lophophanes cristatus","0","0","1","0"
"0.36","5","Oenanthe oenanthe","0","0","1","0"
"0.36","5","Petronia petronia","0","0","1","0"
"0.36","5","Milvus milvus","0","0","1","0"
"0.36","5","Alauda arvensis","0","0","1","0"
"0.36","5","Cisticola juncidis","0","0","1","0"
"0.36","5","Phoenicurus phoenicurus","0","0","1","0"
"0.36","5","Circaetus gallicus","0","0","1","0"
"0.36","5","Circus aeruginosus","0","0","1","0"
"0.36","5","Corvus monedula","0","0","1","0"
"0.36","5","Picus sharpei","0","0","1","0"
"0.36","5","Ciconia ciconia","0","0","1","0"
"0.36","5","Hieraaetus pennatus","0","0","1","0"
"0.36","5","Himantopus himantopus","0","0","1","0"
"0.36","5","Sturnus unicolor","0","0","1","0"
"0.36","5","Carduelis citrinella","0","0","1","0"
"0.36","5","Curruca iberiae","0","0","1","0"
"0.36","5","Prunella modularis","0","0","1","0"
"0.36","5","Motacilla cinerea","0","0","1","0"
"0.36","5","Podiceps cristatus","0","0","1","0"
"0.36","5","Lanius senator","0","0","1","0"
"0.36","5","Anthus trivialis","0","0","1","0"
"0.36","5","Bubulcus ibis","0","0","1","0"
"0.36","5","Acrocephalus scirpaceus","0","0","1","0"
"0.36","5","Alectoris rufa","0","0","1","0"
"0.36","5","Emberiza cia","0","0","1","0"
"0.36","5","Chroicocephalus ridibundus","0","0","1","0"
"0.36","5","Lanius collurio","0","0","1","0"
"0.36","5","Actitis hypoleucos","0","0","1","0"
"0.36","5","Muscicapa striata","0","0","1","0"
"0.36","5","Ardea purpurea","0","0","1","0"
"0.36","5","Acrocephalus arundinaceus","0","0","1","0"
"0.36","5","Pernis apivorus","0","0","1","0"
"0.36","5","Tachybaptus ruficollis","0","0","1","0"
"0.36","5","Passer montanus","0","0","1","0"
"0.36","5","Charadrius dubius","0","0","1","0"
"0.36","5","Tadorna tadorna","0","0","1","0"
"0.36","5","Sterna hirundo","0","0","1","0"
"0.36","5","Emberiza citrinella","0","0","1","0"
"0.36","5","Saxicola rubetra","0","0","1","0"
"0.36","5","Riparia riparia","0","0","1","0"
"0.36","5","Apus melba","0","0","1","0"
"0.36","5","Falco subbuteo","0","0","1","0"
"0.36","5","Netta rufina","0","0","1","0"
"0.36","5","Pyrrhula pyrrhula","0","0","1","0"
"0.36","5","Coturnix coturnix","0","0","1","0"
"0.36","5","Recurvirostra avosetta","0","0","1","0"
"0.36","5","Curruca undata","0","0","1","0"
"0.36","5","Sylvia borin","0","0","1","0"
"0.36","5","Poecile palustris","0","0","1","0"
"0.36","5","Ardea alba","0","0","1","0"
"0.36","5","Accipiter nisus","0","0","1","0"
"0.36","5","Mareca strepera","0","0","1","0"
"0.36","5","Ficedula hypoleuca","0","0","1","0"
"0.36","5","Phylloscopus trochilus","0","0","1","0"
"0.36","5","Phasianus colchicus","0","0","1","0"
"0.36","5","Circus pygargus","0","0","1","0"
"0.36","5","Plegadis falcinellus","0","0","1","0"
"0.36","5","Tringa glareola","0","0","1","0"
"0.36","5","Alcedo atthis","0","0","1","0"
"0.36","5","Aythya ferina","0","0","1","0"
"0.36","5","Melanocorypha calandra","0","0","1","0"
"0.36","5","Pyrrhocorax graculus","0","0","1","0"
"0.36","5","Cinclus cinclus","0","0","1","0"
"0.36","5","Spatula clypeata","0","0","1","0"
"0.36","5","Tringa ochropus","0","0","1","0"
"0.36","5","Tringa totanus","0","0","1","0"
"0.36","5","Aquila chrysaetos","0","0","1","0"
"0.36","5","Anthus campestris","0","0","1","0"
"0.36","5","Jynx torquilla","0","0","1","0"
"0.36","5","Cygnus olor","0","0","1","0"
"0.36","5","Coccothraustes coccothraustes","0","0","1","0"
"0.36","5","Anthus spinoletta","0","0","1","0"
"0.36","5","Vanellus vanellus","0","0","1","0"
"0.36","5","Psittacula krameri","0","0","1","0"
"0.36","5","Nycticorax nycticorax","0","0","1","0"
"0.36","5","Phoenicopterus roseus","0","0","1","0"
"0.36","5","Regulus regulus","0","0","1","0"
"0.36","5","Loxia curvirostra","0","0","1","0"
"0.36","5","Podiceps nigricollis","0","0","1","0"
"0.36","5","Galerida theklae","0","0","1","0"
"0.36","5","Emberiza schoeniclus","0","0","1","0"
"0.36","5","Ichthyaetus melanocephalus","0","0","1","0"
"0.36","5","Rallus aquaticus","0","0","1","0"
"0.36","5","Burhinus oedicnemus","0","0","1","0"
"0.36","5","Passer hispaniolensis","0","0","1","0"
"0.36","5","Tringa nebularia","0","0","1","0"
"0.36","5","Falco peregrinus","0","0","1","0"
"0.36","5","Morus bassanus","0","0","1","0"
"0.36","5","Falco naumanni","0","0","1","0"
"0.36","5","Sternula albifrons","0","0","1","0"
"0.36","5","Columba oenas","0","0","1","0"
"0.36","5","Aegypius monachus","0","0","1","0"
"0.36","5","Cecropis daurica","0","0","1","0"
"0.36","5","Chlidonias hybrida","0","0","1","0"
"0.36","5","Monticola solitarius","0","0","1","0"
"0.36","5","Anthus pratensis","0","0","1","0"
"0.36","5","Pandion haliaetus","0","0","1","0"
"0.36","5","Thalasseus sandvicensis","0","0","1","0"
"0.36","5","Gelochelidon nilotica","0","0","1","0"
"0.36","5","Calidris pugnax","0","0","1","0"
"0.36","5","Strix aluco","0","0","1","0"
"0.36","5","Limosa limosa","0","0","1","0"
"0.36","5","Ardeola ralloides","0","0","1","0"
"0.36","5","Chlidonias niger","0","0","1","0"
"0.36","5","Phylloscopus ibericus","0","0","1","0"
"0.36","5","Charadrius hiaticula","0","0","1","0"
"0.36","5","Dryocopus martius","0","0","1","0"
"0.36","5","Athene noctua","0","1","0","0"
"0.36","5","Platalea leucorodia","0","0","1","0"
"0.36","5","Anas crecca","0","0","1","0"
"0.36","5","Otus scops","0","0","0","1"
"0.36","6","Turdus merula","0","0","1","0"
"0.36","6","Hirundo rustica","0","0","1","0"
"0.36","6","Fringilla coelebs","0","0","1","0"
"0.36","6","Columba palumbus","0","0","0","1"
"0.36","6","Sylvia atricapilla","0","0","1","0"
"0.36","6","Corvus corone","0","0","0","1"
"0.36","6","Apus apus","0","0","1","0"
"0.36","6","Passer domesticus","0","0","1","0"
"0.36","6","Parus major","0","0","0","1"
"0.36","6","Pica pica","0","0","1","0"
"0.36","6","Carduelis carduelis","0","0","1","0"
"0.36","6","Serinus serinus","0","0","1","0"
"0.36","6","Milvus migrans","0","0","1","0"
"0.36","6","Streptopelia decaocto","0","0","1","0"
"0.36","6","Luscinia megarhynchos","0","0","0","1"
"0.36","6","Erithacus rubecula","0","0","1","0"
"0.36","6","Cuculus canorus","0","0","1","0"
"0.36","6","Cyanistes caeruleus","0","0","1","0"
"0.36","6","Phoenicurus ochruros","0","0","1","0"
"0.36","6","Delichon urbicum","0","0","1","0"
"0.36","6","Garrulus glandarius","0","0","1","0"
"0.36","6","Motacilla alba","0","0","1","0"
"0.36","6","Gyps fulvus","0","0","1","0"
"0.36","6","Chloris chloris","0","0","1","0"
"0.36","6","Anas platyrhynchos","0","0","1","0"
"0.36","6","Troglodytes troglodytes","0","0","1","0"
"0.36","6","Falco tinnunculus","0","0","1","0"
"0.36","6","Sturnus vulgaris","0","0","1","0"
"0.36","6","Emberiza cirlus","0","0","1","0"
"0.36","6","Columba livia","0","0","1","0"
"0.36","6","Buteo buteo","0","0","1","0"
"0.36","6","Phylloscopus bonelli","0","0","1","0"
"0.36","6","Larus michahellis","0","0","1","0"
"0.36","6","Linaria cannabina","0","0","1","0"
"0.36","6","Periparus ater","0","0","1","0"
"0.36","6","Merops apiaster","0","0","1","0"
"0.36","6","Oriolus oriolus","0","0","0","1"
"0.36","6","Ardea cinerea","0","0","1","0"
"0.36","6","Upupa epops","0","0","1","0"
"0.36","6","Certhia brachydactyla","0","0","1","0"
"0.36","6","Saxicola rubicola","0","0","1","0"
"0.36","6","Dendrocopos major","0","0","1","0"
"0.36","6","Hippolais polyglotta","0","0","1","0"
"0.36","6","Corvus corax","0","0","1","0"
"0.36","6","Aegithalos caudatus","0","0","0","1"
"0.36","6","Regulus ignicapilla","0","0","1","0"
"0.36","6","Emberiza calandra","0","0","0","1"
"0.36","6","Cettia cetti","0","0","1","0"
"0.36","6","Ptyonoprogne rupestris","0","0","1","0"
"0.36","6","Picus viridis","0","0","1","0"
"0.36","6","Sitta europaea","0","0","1","0"
"0.36","6","Turdus viscivorus","0","0","1","0"
"0.36","6","Egretta garzetta","0","0","1","0"
"0.36","6","Phalacrocorax carbo","0","0","1","0"
"0.36","6","Streptopelia turtur","0","0","1","0"
"0.36","6","Phylloscopus collybita","0","0","1","0"
"0.36","6","Fulica atra","0","0","1","0"
"0.36","6","Curruca melanocephala","0","0","1","0"
"0.36","6","Lullula arborea","0","0","1","0"
"0.36","6","Motacilla flava","0","0","1","0"
"0.36","6","Pyrrhocorax pyrrhocorax","0","0","1","0"
"0.36","6","Galerida cristata","0","0","1","0"
"0.36","6","Gallinula chloropus","0","0","1","0"
"0.36","6","Curruca communis","0","0","0","1"
"0.36","6","Turdus philomelos","0","0","1","0"
"0.36","6","Lophophanes cristatus","0","0","1","0"
"0.36","6","Oenanthe oenanthe","0","0","1","0"
"0.36","6","Petronia petronia","0","0","1","0"
"0.36","6","Milvus milvus","0","0","1","0"
"0.36","6","Alauda arvensis","0","0","1","0"
"0.36","6","Cisticola juncidis","0","0","1","0"
"0.36","6","Phoenicurus phoenicurus","0","0","1","0"
"0.36","6","Circaetus gallicus","0","0","1","0"
"0.36","6","Circus aeruginosus","0","0","1","0"
"0.36","6","Corvus monedula","0","0","1","0"
"0.36","6","Picus sharpei","0","0","1","0"
"0.36","6","Ciconia ciconia","0","0","1","0"
"0.36","6","Hieraaetus pennatus","0","0","1","0"
"0.36","6","Himantopus himantopus","0","0","1","0"
"0.36","6","Sturnus unicolor","0","0","1","0"
"0.36","6","Carduelis citrinella","0","0","1","0"
"0.36","6","Curruca iberiae","0","0","1","0"
"0.36","6","Prunella modularis","0","0","1","0"
"0.36","6","Motacilla cinerea","0","0","1","0"
"0.36","6","Podiceps cristatus","0","0","1","0"
"0.36","6","Lanius senator","0","0","1","0"
"0.36","6","Anthus trivialis","0","0","1","0"
"0.36","6","Bubulcus ibis","0","0","1","0"
"0.36","6","Acrocephalus scirpaceus","0","0","1","0"
"0.36","6","Alectoris rufa","0","0","1","0"
"0.36","6","Emberiza cia","0","0","1","0"
"0.36","6","Chroicocephalus ridibundus","0","0","1","0"
"0.36","6","Lanius collurio","0","0","1","0"
"0.36","6","Actitis hypoleucos","0","0","1","0"
"0.36","6","Muscicapa striata","0","0","1","0"
"0.36","6","Ardea purpurea","0","0","1","0"
"0.36","6","Acrocephalus arundinaceus","0","0","1","0"
"0.36","6","Pernis apivorus","0","0","1","0"
"0.36","6","Tachybaptus ruficollis","0","0","1","0"
"0.36","6","Passer montanus","0","0","1","0"
"0.36","6","Charadrius dubius","0","0","1","0"
"0.36","6","Tadorna tadorna","0","0","1","0"
"0.36","6","Sterna hirundo","0","0","1","0"
"0.36","6","Emberiza citrinella","0","0","1","0"
"0.36","6","Saxicola rubetra","0","0","1","0"
"0.36","6","Riparia riparia","0","0","1","0"
"0.36","6","Apus melba","0","0","1","0"
"0.36","6","Falco subbuteo","0","0","1","0"
"0.36","6","Netta rufina","0","0","1","0"
"0.36","6","Pyrrhula pyrrhula","0","0","1","0"
"0.36","6","Coturnix coturnix","0","0","1","0"
"0.36","6","Recurvirostra avosetta","0","0","1","0"
"0.36","6","Curruca undata","0","0","1","0"
"0.36","6","Sylvia borin","0","0","1","0"
"0.36","6","Poecile palustris","0","0","1","0"
"0.36","6","Ardea alba","0","0","1","0"
"0.36","6","Accipiter nisus","0","0","1","0"
"0.36","6","Mareca strepera","0","0","1","0"
"0.36","6","Ficedula hypoleuca","0","0","1","0"
"0.36","6","Phylloscopus trochilus","0","0","1","0"
"0.36","6","Phasianus colchicus","0","0","1","0"
"0.36","6","Circus pygargus","0","0","1","0"
"0.36","6","Plegadis falcinellus","0","0","1","0"
"0.36","6","Tringa glareola","0","0","1","0"
"0.36","6","Alcedo atthis","0","0","1","0"
"0.36","6","Aythya ferina","0","0","1","0"
"0.36","6","Melanocorypha calandra","0","0","1","0"
"0.36","6","Pyrrhocorax graculus","0","0","1","0"
"0.36","6","Cinclus cinclus","0","0","1","0"
"0.36","6","Spatula clypeata","0","0","1","0"
"0.36","6","Tringa ochropus","0","0","1","0"
"0.36","6","Tringa totanus","0","0","1","0"
"0.36","6","Aquila chrysaetos","0","0","1","0"
"0.36","6","Anthus campestris","0","0","1","0"
"0.36","6","Jynx torquilla","1","0","0","0"
"0.36","6","Cygnus olor","0","0","1","0"
"0.36","6","Coccothraustes coccothraustes","0","0","1","0"
"0.36","6","Anthus spinoletta","0","0","1","0"
"0.36","6","Vanellus vanellus","0","0","1","0"
"0.36","6","Psittacula krameri","0","0","1","0"
"0.36","6","Nycticorax nycticorax","0","0","1","0"
"0.36","6","Phoenicopterus roseus","0","0","1","0"
"0.36","6","Regulus regulus","0","0","1","0"
"0.36","6","Loxia curvirostra","0","0","1","0"
"0.36","6","Podiceps nigricollis","0","0","1","0"
"0.36","6","Galerida theklae","0","0","1","0"
"0.36","6","Emberiza schoeniclus","0","0","1","0"
"0.36","6","Ichthyaetus melanocephalus","0","0","1","0"
"0.36","6","Rallus aquaticus","0","0","1","0"
"0.36","6","Burhinus oedicnemus","0","0","1","0"
"0.36","6","Passer hispaniolensis","0","0","1","0"
"0.36","6","Tringa nebularia","0","0","1","0"
"0.36","6","Falco peregrinus","0","0","1","0"
"0.36","6","Morus bassanus","0","0","1","0"
"0.36","6","Falco naumanni","0","0","1","0"
"0.36","6","Sternula albifrons","0","0","1","0"
"0.36","6","Columba oenas","0","0","1","0"
"0.36","6","Aegypius monachus","0","0","1","0"
"0.36","6","Cecropis daurica","0","0","1","0"
"0.36","6","Chlidonias hybrida","0","0","1","0"
"0.36","6","Monticola solitarius","0","0","1","0"
"0.36","6","Anthus pratensis","0","0","1","0"
"0.36","6","Pandion haliaetus","0","0","1","0"
"0.36","6","Thalasseus sandvicensis","0","0","1","0"
"0.36","6","Gelochelidon nilotica","0","0","1","0"
"0.36","6","Calidris pugnax","0","0","1","0"
"0.36","6","Strix aluco","0","0","1","0"
"0.36","6","Limosa limosa","0","0","1","0"
"0.36","6","Ardeola ralloides","0","0","1","0"
"0.36","6","Chlidonias niger","0","0","1","0"
"0.36","6","Phylloscopus ibericus","0","0","1","0"
"0.36","6","Charadrius hiaticula","0","0","1","0"
"0.36","6","Dryocopus martius","0","0","1","0"
"0.36","6","Athene noctua","0","0","1","0"
"0.36","6","Platalea leucorodia","0","0","1","0"
"0.36","6","Anas crecca","0","0","1","0"
"0.36","6","Otus scops","0","0","1","0"
"0.36","7","Turdus merula","0","0","1","0"
"0.36","7","Apus apus","0","0","1","0"
"0.36","7","Fringilla coelebs","0","0","1","0"
"0.36","7","Columba palumbus","0","0","1","0"
"0.36","7","Hirundo rustica","0","0","1","0"
"0.36","7","Passer domesticus","0","0","1","0"
"0.36","7","Sylvia atricapilla","0","0","1","0"
"0.36","7","Corvus corone","0","0","1","0"
"0.36","7","Pica pica","0","0","1","0"
"0.36","7","Carduelis carduelis","0","0","1","0"
"0.36","7","Serinus serinus","0","0","1","0"
"0.36","7","Parus major","0","0","1","0"
"0.36","7","Streptopelia decaocto","0","0","1","0"
"0.36","7","Milvus migrans","0","0","1","0"
"0.36","7","Delichon urbicum","0","0","1","0"
"0.36","7","Phoenicurus ochruros","0","0","1","0"
"0.36","7","Erithacus rubecula","0","0","1","0"
"0.36","7","Gyps fulvus","0","0","1","0"
"0.36","7","Motacilla alba","0","0","1","0"
"0.36","7","Garrulus glandarius","0","0","1","0"
"0.36","7","Cyanistes caeruleus","0","0","1","0"
"0.36","7","Chloris chloris","0","0","1","0"
"0.36","7","Troglodytes troglodytes","0","0","1","0"
"0.36","7","Emberiza cirlus","0","0","1","0"
"0.36","7","Luscinia megarhynchos","0","0","0","1"
"0.36","7","Oriolus oriolus","0","0","1","0"
"0.36","7","Columba livia","0","0","1","0"
"0.36","7","Falco tinnunculus","0","0","1","0"
"0.36","7","Cuculus canorus","0","0","1","0"
"0.36","7","Buteo buteo","0","0","1","0"
"0.36","7","Sturnus vulgaris","0","0","1","0"
"0.36","7","Phylloscopus bonelli","0","0","1","0"
"0.36","7","Linaria cannabina","0","0","1","0"
"0.36","7","Periparus ater","0","0","1","0"
"0.36","7","Hippolais polyglotta","0","0","1","0"
"0.36","7","Larus michahellis","0","0","1","0"
"0.36","7","Merops apiaster","0","0","1","0"
"0.36","7","Anas platyrhynchos","0","0","1","0"
"0.36","7","Ptyonoprogne rupestris","0","0","1","0"
"0.36","7","Certhia brachydactyla","0","0","1","0"
"0.36","7","Saxicola rubicola","0","0","1","0"
"0.36","7","Ardea cinerea","0","0","1","0"
"0.36","7","Dendrocopos major","0","0","1","0"
"0.36","7","Streptopelia turtur","0","0","1","0"
"0.36","7","Picus viridis","0","0","1","0"
"0.36","7","Upupa epops","0","0","1","0"
"0.36","7","Emberiza calandra","0","0","1","0"
"0.36","7","Regulus ignicapilla","0","0","1","0"
"0.36","7","Corvus corax","0","0","1","0"
"0.36","7","Aegithalos caudatus","0","0","1","0"
"0.36","7","Alauda arvensis","0","0","1","0"
"0.36","7","Turdus viscivorus","0","0","1","0"
"0.36","7","Turdus philomelos","0","0","1","0"
"0.36","7","Sitta europaea","0","0","1","0"
"0.36","7","Lullula arborea","0","0","1","0"
"0.36","7","Pyrrhocorax pyrrhocorax","0","0","1","0"
"0.36","7","Galerida cristata","0","0","1","0"
"0.36","7","Phylloscopus collybita","0","0","1","0"
"0.36","7","Petronia petronia","0","0","1","0"
"0.36","7","Cettia cetti","0","0","1","0"
"0.36","7","Lophophanes cristatus","0","0","1","0"
"0.36","7","Fulica atra","0","0","1","0"
"0.36","7","Curruca melanocephala","0","0","1","0"
"0.36","7","Egretta garzetta","0","0","1","0"
"0.36","7","Lanius collurio","0","0","1","0"
"0.36","7","Cisticola juncidis","0","0","1","0"
"0.36","7","Curruca communis","0","0","1","0"
"0.36","7","Circaetus gallicus","0","0","1","0"
"0.36","7","Phalacrocorax carbo","0","0","1","0"
"0.36","7","Carduelis citrinella","0","0","1","0"
"0.36","7","Milvus milvus","0","0","1","0"
"0.36","7","Gallinula chloropus","0","0","1","0"
"0.36","7","Oenanthe oenanthe","0","0","1","0"
"0.36","7","Hieraaetus pennatus","0","0","1","0"
"0.36","7","Phoenicurus phoenicurus","0","0","1","0"
"0.36","7","Ciconia ciconia","0","0","1","0"
"0.36","7","Chroicocephalus ridibundus","0","0","1","0"
"0.36","7","Picus sharpei","0","0","1","0"
"0.36","7","Corvus monedula","0","0","1","0"
"0.36","7","Motacilla cinerea","0","0","1","0"
"0.36","7","Lanius senator","0","0","1","0"
"0.36","7","Himantopus himantopus","0","0","1","0"
"0.36","7","Acrocephalus scirpaceus","0","0","1","0"
"0.36","7","Emberiza cia","0","0","1","0"
"0.36","7","Prunella modularis","0","0","1","0"
"0.36","7","Bubulcus ibis","0","0","1","0"
"0.36","7","Curruca iberiae","0","0","1","0"
"0.36","7","Coturnix coturnix","0","0","1","0"
"0.36","7","Alectoris rufa","0","0","1","0"
"0.36","7","Emberiza citrinella","0","0","1","0"
"0.36","7","Circus aeruginosus","0","0","1","0"
"0.36","7","Sturnus unicolor","0","0","1","0"
"0.36","7","Motacilla flava","0","0","1","0"
"0.36","7","Muscicapa striata","0","0","1","0"
"0.36","7","Pernis apivorus","0","0","1","0"
"0.36","7","Sterna hirundo","0","0","1","0"
"0.36","7","Acrocephalus arundinaceus","0","0","1","0"
"0.36","7","Passer montanus","0","0","1","0"
"0.36","7","Podiceps cristatus","0","0","1","0"
"0.36","7","Anthus trivialis","0","0","1","0"
"0.36","7","Ardea purpurea","0","0","1","0"
"0.36","7","Sylvia borin","0","0","1","0"
"0.36","7","Tachybaptus ruficollis","0","0","1","0"
"0.36","7","Falco subbuteo","0","0","1","0"
"0.36","7","Charadrius dubius","0","0","1","0"
"0.36","7","Curruca undata","0","0","1","0"
"0.36","7","Apus melba","0","0","1","0"
"0.36","7","Pyrrhula pyrrhula","0","0","1","0"
"0.36","7","Recurvirostra avosetta","0","0","1","0"
"0.36","7","Tadorna tadorna","0","0","1","0"
"0.36","7","Riparia riparia","0","0","1","0"
"0.36","7","Anthus campestris","0","0","1","0"
"0.36","7","Netta rufina","0","0","1","0"
"0.36","7","Circus pygargus","0","0","1","0"
"0.36","7","Cinclus cinclus","0","0","1","0"
"0.36","7","Poecile palustris","0","0","1","0"
"0.36","7","Galerida theklae","0","0","1","0"
"0.36","7","Aquila chrysaetos","0","0","1","0"
"0.36","7","Actitis hypoleucos","0","0","1","0"
"0.36","7","Pyrrhocorax graculus","0","0","1","0"
"0.36","7","Aythya ferina","0","0","1","0"
"0.36","7","Alcedo atthis","0","0","1","0"
"0.36","7","Burhinus oedicnemus","0","0","1","0"
"0.36","7","Accipiter nisus","0","0","1","0"
"0.36","7","Sternula albifrons","0","0","1","0"
"0.36","7","Anthus spinoletta","0","0","1","0"
"0.36","7","Nycticorax nycticorax","0","0","1","0"
"0.36","7","Melanocorypha calandra","0","0","1","0"
"0.36","7","Vanellus vanellus","0","0","1","0"
"0.36","7","Coccothraustes coccothraustes","0","0","1","0"
"0.36","7","Phasianus colchicus","0","0","1","0"
"0.36","7","Cygnus olor","0","0","1","0"
"0.36","7","Saxicola rubetra","0","0","1","0"
"0.36","7","Loxia curvirostra","0","0","1","0"
"0.36","7","Emberiza schoeniclus","0","0","1","0"
"0.36","7","Mareca strepera","0","0","1","0"
"0.36","7","Tringa ochropus","0","0","1","0"
"0.36","7","Phoenicopterus roseus","0","0","1","0"
"0.36","7","Plegadis falcinellus","0","0","1","0"
"0.36","7","Ardea alba","0","0","1","0"
"0.36","7","Strix aluco","0","0","1","0"
"0.36","7","Columba oenas","0","0","1","0"
"0.36","7","Tringa totanus","0","0","1","0"
"0.36","7","Ichthyaetus melanocephalus","0","0","1","0"
"0.36","7","Regulus regulus","0","0","1","0"
"0.36","7","Coracias garrulus","0","0","1","0"
"0.36","7","Passer hispaniolensis","0","0","1","0"
"0.36","7","Cecropis daurica","0","0","1","0"
"0.36","7","Falco naumanni","0","0","1","0"
"0.36","7","Psittacula krameri","0","0","1","0"
"0.36","7","Rallus aquaticus","0","0","1","0"
"0.36","7","Athene noctua","0","0","1","0"
"0.36","7","Platalea leucorodia","0","0","1","0"
"0.36","7","Lanius meridionalis","0","0","1","0"
"0.36","7","Chlidonias niger","0","0","1","0"
"0.36","7","Otus scops","0","0","1","0"
"0.36","7","Jynx torquilla","0","0","1","0"
"0.36","8","Turdus merula","0","0","0","1"
"0.36","8","Apus apus","0","0","1","0"
"0.36","8","Fringilla coelebs","0","0","1","0"
"0.36","8","Columba palumbus","0","0","0","1"
"0.36","8","Hirundo rustica","0","0","1","0"
"0.36","8","Passer domesticus","0","0","1","0"
"0.36","8","Sylvia atricapilla","0","0","0","1"
"0.36","8","Corvus corone","0","0","1","0"
"0.36","8","Pica pica","0","0","1","0"
"0.36","8","Carduelis carduelis","0","1","0","0"
"0.36","8","Serinus serinus","0","0","1","0"
"0.36","8","Parus major","0","0","1","0"
"0.36","8","Streptopelia decaocto","0","0","1","0"
"0.36","8","Milvus migrans","0","0","1","0"
"0.36","8","Delichon urbicum","0","0","1","0"
"0.36","8","Phoenicurus ochruros","0","0","1","0"
"0.36","8","Erithacus rubecula","0","0","0","1"
"0.36","8","Gyps fulvus","0","0","1","0"
"0.36","8","Motacilla alba","0","0","1","0"
"0.36","8","Garrulus glandarius","0","0","1","0"
"0.36","8","Cyanistes caeruleus","0","0","1","0"
"0.36","8","Chloris chloris","0","0","1","0"
"0.36","8","Troglodytes troglodytes","0","0","1","0"
"0.36","8","Emberiza cirlus","0","0","0","1"
"0.36","8","Luscinia megarhynchos","0","0","1","0"
"0.36","8","Oriolus oriolus","0","0","0","1"
"0.36","8","Columba livia","0","0","1","0"
"0.36","8","Falco tinnunculus","0","0","1","0"
"0.36","8","Cuculus canorus","0","0","1","0"
"0.36","8","Buteo buteo","0","0","1","0"
"0.36","8","Sturnus vulgaris","0","0","1","0"
"0.36","8","Phylloscopus bonelli","0","0","1","0"
"0.36","8","Linaria cannabina","0","0","1","0"
"0.36","8","Periparus ater","0","0","1","0"
"0.36","8","Hippolais polyglotta","1","0","0","0"
"0.36","8","Larus michahellis","0","0","1","0"
"0.36","8","Merops apiaster","0","0","1","0"
"0.36","8","Anas platyrhynchos","0","0","1","0"
"0.36","8","Ptyonoprogne rupestris","0","0","1","0"
"0.36","8","Certhia brachydactyla","0","0","1","0"
"0.36","8","Saxicola rubicola","0","0","1","0"
"0.36","8","Ardea cinerea","0","0","1","0"
"0.36","8","Dendrocopos major","0","0","0","1"
"0.36","8","Streptopelia turtur","1","0","0","0"
"0.36","8","Picus viridis","0","0","1","0"
"0.36","8","Upupa epops","0","0","1","0"
"0.36","8","Emberiza calandra","0","0","1","0"
"0.36","8","Regulus ignicapilla","0","0","1","0"
"0.36","8","Corvus corax","0","0","1","0"
"0.36","8","Aegithalos caudatus","0","0","1","0"
"0.36","8","Alauda arvensis","0","0","1","0"
"0.36","8","Turdus viscivorus","0","0","1","0"
"0.36","8","Turdus philomelos","0","0","1","0"
"0.36","8","Sitta europaea","0","0","1","0"
"0.36","8","Lullula arborea","0","0","1","0"
"0.36","8","Pyrrhocorax pyrrhocorax","0","0","1","0"
"0.36","8","Galerida cristata","0","0","1","0"
"0.36","8","Phylloscopus collybita","0","0","1","0"
"0.36","8","Petronia petronia","0","0","1","0"
"0.36","8","Cettia cetti","0","0","1","0"
"0.36","8","Lophophanes cristatus","0","0","1","0"
"0.36","8","Fulica atra","0","0","1","0"
"0.36","8","Curruca melanocephala","0","0","1","0"
"0.36","8","Egretta garzetta","0","0","1","0"
"0.36","8","Lanius collurio","0","0","1","0"
"0.36","8","Cisticola juncidis","0","0","1","0"
"0.36","8","Curruca communis","0","0","1","0"
"0.36","8","Circaetus gallicus","0","0","1","0"
"0.36","8","Phalacrocorax carbo","0","0","1","0"
"0.36","8","Carduelis citrinella","0","0","1","0"
"0.36","8","Milvus milvus","0","0","1","0"
"0.36","8","Gallinula chloropus","0","0","1","0"
"0.36","8","Oenanthe oenanthe","0","0","1","0"
"0.36","8","Hieraaetus pennatus","0","0","1","0"
"0.36","8","Phoenicurus phoenicurus","0","0","1","0"
"0.36","8","Ciconia ciconia","0","0","1","0"
"0.36","8","Chroicocephalus ridibundus","0","0","1","0"
"0.36","8","Picus sharpei","0","0","1","0"
"0.36","8","Corvus monedula","0","0","1","0"
"0.36","8","Motacilla cinerea","0","0","1","0"
"0.36","8","Lanius senator","0","0","1","0"
"0.36","8","Himantopus himantopus","0","0","1","0"
"0.36","8","Acrocephalus scirpaceus","0","0","1","0"
"0.36","8","Emberiza cia","0","0","1","0"
"0.36","8","Prunella modularis","0","0","1","0"
"0.36","8","Bubulcus ibis","0","0","1","0"
"0.36","8","Curruca iberiae","0","0","1","0"
"0.36","8","Coturnix coturnix","0","0","1","0"
"0.36","8","Alectoris rufa","0","0","1","0"
"0.36","8","Emberiza citrinella","0","0","0","1"
"0.36","8","Circus aeruginosus","0","0","1","0"
"0.36","8","Sturnus unicolor","0","0","1","0"
"0.36","8","Motacilla flava","0","0","1","0"
"0.36","8","Muscicapa striata","0","0","1","0"
"0.36","8","Pernis apivorus","0","0","1","0"
"0.36","8","Sterna hirundo","0","0","1","0"
"0.36","8","Acrocephalus arundinaceus","0","0","1","0"
"0.36","8","Passer montanus","0","0","1","0"
"0.36","8","Podiceps cristatus","0","0","1","0"
"0.36","8","Anthus trivialis","0","0","1","0"
"0.36","8","Ardea purpurea","0","0","1","0"
"0.36","8","Sylvia borin","0","1","0","0"
"0.36","8","Tachybaptus ruficollis","0","0","1","0"
"0.36","8","Falco subbuteo","0","0","1","0"
"0.36","8","Charadrius dubius","0","0","1","0"
"0.36","8","Curruca undata","0","0","1","0"
"0.36","8","Apus melba","0","0","1","0"
"0.36","8","Pyrrhula pyrrhula","0","0","1","0"
"0.36","8","Recurvirostra avosetta","0","0","1","0"
"0.36","8","Tadorna tadorna","0","0","1","0"
"0.36","8","Riparia riparia","0","0","1","0"
"0.36","8","Anthus campestris","0","0","1","0"
"0.36","8","Netta rufina","0","0","1","0"
"0.36","8","Circus pygargus","0","0","1","0"
"0.36","8","Cinclus cinclus","0","0","1","0"
"0.36","8","Poecile palustris","0","0","1","0"
"0.36","8","Galerida theklae","0","0","1","0"
"0.36","8","Aquila chrysaetos","0","0","1","0"
"0.36","8","Actitis hypoleucos","0","0","1","0"
"0.36","8","Pyrrhocorax graculus","0","0","1","0"
"0.36","8","Aythya ferina","0","0","1","0"
"0.36","8","Alcedo atthis","0","0","1","0"
"0.36","8","Burhinus oedicnemus","0","0","1","0"
"0.36","8","Accipiter nisus","0","0","1","0"
"0.36","8","Sternula albifrons","0","0","1","0"
"0.36","8","Anthus spinoletta","0","0","1","0"
"0.36","8","Nycticorax nycticorax","0","0","1","0"
"0.36","8","Melanocorypha calandra","0","0","1","0"
"0.36","8","Vanellus vanellus","0","0","1","0"
"0.36","8","Coccothraustes coccothraustes","0","0","1","0"
"0.36","8","Phasianus colchicus","0","0","1","0"
"0.36","8","Cygnus olor","0","0","1","0"
"0.36","8","Saxicola rubetra","0","0","1","0"
"0.36","8","Loxia curvirostra","0","0","1","0"
"0.36","8","Emberiza schoeniclus","0","0","1","0"
"0.36","8","Mareca strepera","0","0","1","0"
"0.36","8","Tringa ochropus","0","0","1","0"
"0.36","8","Phoenicopterus roseus","0","0","1","0"
"0.36","8","Plegadis falcinellus","0","0","1","0"
"0.36","8","Ardea alba","0","0","1","0"
"0.36","8","Strix aluco","0","0","1","0"
"0.36","8","Columba oenas","0","0","1","0"
"0.36","8","Tringa totanus","0","0","1","0"
"0.36","8","Ichthyaetus melanocephalus","0","0","1","0"
"0.36","8","Regulus regulus","0","0","1","0"
"0.36","8","Coracias garrulus","0","0","1","0"
"0.36","8","Passer hispaniolensis","0","0","1","0"
"0.36","8","Cecropis daurica","0","0","1","0"
"0.36","8","Falco naumanni","0","0","1","0"
"0.36","8","Psittacula krameri","0","0","1","0"
"0.36","8","Rallus aquaticus","0","0","1","0"
"0.36","8","Athene noctua","0","0","1","0"
"0.36","8","Platalea leucorodia","0","0","1","0"
"0.36","8","Lanius meridionalis","0","0","1","0"
"0.36","8","Chlidonias niger","0","0","1","0"
"0.36","8","Otus scops","0","0","1","0"
"0.36","8","Jynx torquilla","0","0","1","0"
"0.36","9","Turdus merula","0","0","0","1"
"0.36","9","Apus apus","0","0","1","0"
"0.36","9","Fringilla coelebs","0","0","1","0"
"0.36","9","Columba palumbus","1","0","0","0"
"0.36","9","Hirundo rustica","0","0","1","0"
"0.36","9","Passer domesticus","0","0","1","0"
"0.36","9","Sylvia atricapilla","0","0","0","1"
"0.36","9","Corvus corone","0","0","1","0"
"0.36","9","Pica pica","0","0","1","0"
"0.36","9","Carduelis carduelis","0","0","1","0"
"0.36","9","Serinus serinus","0","0","1","0"
"0.36","9","Parus major","0","0","1","0"
"0.36","9","Streptopelia decaocto","0","0","1","0"
"0.36","9","Milvus migrans","0","0","1","0"
"0.36","9","Delichon urbicum","0","0","1","0"
"0.36","9","Phoenicurus ochruros","0","0","1","0"
"0.36","9","Erithacus rubecula","0","0","0","1"
"0.36","9","Gyps fulvus","0","0","1","0"
"0.36","9","Motacilla alba","0","0","1","0"
"0.36","9","Garrulus glandarius","0","0","1","0"
"0.36","9","Cyanistes caeruleus","0","0","1","0"
"0.36","9","Chloris chloris","0","0","1","0"
"0.36","9","Troglodytes troglodytes","0","0","1","0"
"0.36","9","Emberiza cirlus","0","0","1","0"
"0.36","9","Luscinia megarhynchos","0","0","1","0"
"0.36","9","Oriolus oriolus","0","0","1","0"
"0.36","9","Columba livia","0","0","1","0"
"0.36","9","Falco tinnunculus","0","0","1","0"
"0.36","9","Cuculus canorus","0","0","1","0"
"0.36","9","Buteo buteo","0","0","1","0"
"0.36","9","Sturnus vulgaris","0","0","1","0"
"0.36","9","Phylloscopus bonelli","0","0","0","1"
"0.36","9","Linaria cannabina","0","0","1","0"
"0.36","9","Periparus ater","0","0","1","0"
"0.36","9","Hippolais polyglotta","1","0","0","0"
"0.36","9","Larus michahellis","0","0","1","0"
"0.36","9","Merops apiaster","0","0","1","0"
"0.36","9","Anas platyrhynchos","0","0","1","0"
"0.36","9","Ptyonoprogne rupestris","0","0","1","0"
"0.36","9","Certhia brachydactyla","0","0","1","0"
"0.36","9","Saxicola rubicola","0","0","1","0"
"0.36","9","Ardea cinerea","0","0","1","0"
"0.36","9","Dendrocopos major","0","0","1","0"
"0.36","9","Streptopelia turtur","0","0","1","0"
"0.36","9","Picus viridis","0","0","1","0"
"0.36","9","Upupa epops","0","0","1","0"
"0.36","9","Emberiza calandra","0","0","1","0"
"0.36","9","Regulus ignicapilla","0","0","1","0"
"0.36","9","Corvus corax","0","0","1","0"
"0.36","9","Aegithalos caudatus","0","0","1","0"
"0.36","9","Alauda arvensis","0","0","1","0"
"0.36","9","Turdus viscivorus","0","0","1","0"
"0.36","9","Turdus philomelos","0","0","1","0"
"0.36","9","Sitta europaea","0","0","1","0"
"0.36","9","Lullula arborea","0","0","1","0"
"0.36","9","Pyrrhocorax pyrrhocorax","0","0","1","0"
"0.36","9","Galerida cristata","0","0","1","0"
"0.36","9","Phylloscopus collybita","0","0","0","1"
"0.36","9","Petronia petronia","0","0","1","0"
"0.36","9","Cettia cetti","0","0","1","0"
"0.36","9","Lophophanes cristatus","0","0","1","0"
"0.36","9","Fulica atra","0","0","1","0"
"0.36","9","Curruca melanocephala","0","0","1","0"
"0.36","9","Egretta garzetta","0","0","1","0"
"0.36","9","Lanius collurio","0","0","1","0"
"0.36","9","Cisticola juncidis","0","0","1","0"
"0.36","9","Curruca communis","0","0","0","1"
"0.36","9","Circaetus gallicus","0","0","1","0"
"0.36","9","Phalacrocorax carbo","0","0","1","0"
"0.36","9","Carduelis citrinella","0","0","1","0"
"0.36","9","Milvus milvus","0","0","1","0"
"0.36","9","Gallinula chloropus","0","0","1","0"
"0.36","9","Oenanthe oenanthe","0","0","1","0"
"0.36","9","Hieraaetus pennatus","0","0","1","0"
"0.36","9","Phoenicurus phoenicurus","0","0","1","0"
"0.36","9","Ciconia ciconia","0","0","1","0"
"0.36","9","Chroicocephalus ridibundus","0","0","1","0"
"0.36","9","Picus sharpei","0","0","1","0"
"0.36","9","Corvus monedula","0","0","1","0"
"0.36","9","Motacilla cinerea","0","0","1","0"
"0.36","9","Lanius senator","0","0","1","0"
"0.36","9","Himantopus himantopus","0","0","1","0"
"0.36","9","Acrocephalus scirpaceus","0","0","1","0"
"0.36","9","Emberiza cia","0","0","1","0"
"0.36","9","Prunella modularis","0","0","1","0"
"0.36","9","Bubulcus ibis","0","0","1","0"
"0.36","9","Curruca iberiae","0","0","1","0"
"0.36","9","Coturnix coturnix","0","0","1","0"
"0.36","9","Alectoris rufa","0","0","1","0"
"0.36","9","Emberiza citrinella","0","0","1","0"
"0.36","9","Circus aeruginosus","0","0","1","0"
"0.36","9","Sturnus unicolor","0","0","1","0"
"0.36","9","Motacilla flava","0","0","1","0"
"0.36","9","Muscicapa striata","0","0","1","0"
"0.36","9","Pernis apivorus","0","0","1","0"
"0.36","9","Sterna hirundo","0","0","1","0"
"0.36","9","Acrocephalus arundinaceus","0","0","1","0"
"0.36","9","Passer montanus","0","0","1","0"
"0.36","9","Podiceps cristatus","0","0","1","0"
"0.36","9","Anthus trivialis","0","0","1","0"
"0.36","9","Ardea purpurea","0","0","1","0"
"0.36","9","Sylvia borin","0","0","1","0"
"0.36","9","Tachybaptus ruficollis","0","0","1","0"
"0.36","9","Falco subbuteo","0","0","1","0"
"0.36","9","Charadrius dubius","0","0","1","0"
"0.36","9","Curruca undata","0","0","1","0"
"0.36","9","Apus melba","0","0","1","0"
"0.36","9","Pyrrhula pyrrhula","0","0","1","0"
"0.36","9","Recurvirostra avosetta","0","0","1","0"
"0.36","9","Tadorna tadorna","0","0","1","0"
"0.36","9","Riparia riparia","0","0","1","0"
"0.36","9","Anthus campestris","0","0","1","0"
"0.36","9","Netta rufina","0","0","1","0"
"0.36","9","Circus pygargus","0","0","1","0"
"0.36","9","Cinclus cinclus","0","0","1","0"
"0.36","9","Poecile palustris","0","0","1","0"
"0.36","9","Galerida theklae","0","0","1","0"
"0.36","9","Aquila chrysaetos","0","0","1","0"
"0.36","9","Actitis hypoleucos","0","0","1","0"
"0.36","9","Pyrrhocorax graculus","0","0","1","0"
"0.36","9","Aythya ferina","0","0","1","0"
"0.36","9","Alcedo atthis","0","0","1","0"
"0.36","9","Burhinus oedicnemus","0","0","1","0"
"0.36","9","Accipiter nisus","0","0","1","0"
"0.36","9","Sternula albifrons","0","0","1","0"
"0.36","9","Anthus spinoletta","0","0","1","0"
"0.36","9","Nycticorax nycticorax","0","0","1","0"
"0.36","9","Melanocorypha calandra","0","0","1","0"
"0.36","9","Vanellus vanellus","0","0","1","0"
"0.36","9","Coccothraustes coccothraustes","0","0","1","0"
"0.36","9","Phasianus colchicus","0","0","1","0"
"0.36","9","Cygnus olor","0","0","1","0"
"0.36","9","Saxicola rubetra","0","0","1","0"
"0.36","9","Loxia curvirostra","0","0","1","0"
"0.36","9","Emberiza schoeniclus","0","0","1","0"
"0.36","9","Mareca strepera","0","0","1","0"
"0.36","9","Tringa ochropus","0","0","1","0"
"0.36","9","Phoenicopterus roseus","0","0","1","0"
"0.36","9","Plegadis falcinellus","0","0","1","0"
"0.36","9","Ardea alba","0","0","1","0"
"0.36","9","Strix aluco","0","0","1","0"
"0.36","9","Columba oenas","0","0","1","0"
"0.36","9","Tringa totanus","0","0","1","0"
"0.36","9","Ichthyaetus melanocephalus","0","0","1","0"
"0.36","9","Regulus regulus","0","0","1","0"
"0.36","9","Coracias garrulus","0","0","1","0"
"0.36","9","Passer hispaniolensis","0","0","1","0"
"0.36","9","Cecropis daurica","0","0","1","0"
"0.36","9","Falco naumanni","0","0","1","0"
"0.36","9","Psittacula krameri","0","0","1","0"
"0.36","9","Rallus aquaticus","0","0","1","0"
"0.36","9","Athene noctua","0","0","1","0"
"0.36","9","Platalea leucorodia","0","0","1","0"
"0.36","9","Lanius meridionalis","0","0","1","0"
"0.36","9","Chlidonias niger","0","0","1","0"
"0.36","9","Otus scops","0","0","1","0"
"0.36","9","Jynx torquilla","0","0","1","0"
"0.36","10","Turdus merula","0","0","0","1"
"0.36","10","Apus apus","0","0","1","0"
"0.36","10","Fringilla coelebs","0","0","0","1"
"0.36","10","Columba palumbus","0","0","1","0"
"0.36","10","Hirundo rustica","0","0","1","0"
"0.36","10","Passer domesticus","0","0","1","0"
"0.36","10","Sylvia atricapilla","0","0","0","1"
"0.36","10","Corvus corone","0","0","1","0"
"0.36","10","Pica pica","0","0","1","0"
"0.36","10","Carduelis carduelis","0","0","1","0"
"0.36","10","Serinus serinus","0","0","1","0"
"0.36","10","Parus major","0","0","1","0"
"0.36","10","Milvus migrans","0","0","1","0"
"0.36","10","Streptopelia decaocto","0","0","1","0"
"0.36","10","Delichon urbicum","0","0","1","0"
"0.36","10","Phoenicurus ochruros","0","0","1","0"
"0.36","10","Erithacus rubecula","0","0","1","0"
"0.36","10","Gyps fulvus","0","0","1","0"
"0.36","10","Motacilla alba","0","0","1","0"
"0.36","10","Garrulus glandarius","0","0","1","0"
"0.36","10","Cyanistes caeruleus","0","0","1","0"
"0.36","10","Chloris chloris","0","0","1","0"
"0.36","10","Troglodytes troglodytes","0","0","1","0"
"0.36","10","Emberiza cirlus","0","0","1","0"
"0.36","10","Luscinia megarhynchos","0","0","1","0"
"0.36","10","Oriolus oriolus","0","0","0","1"
"0.36","10","Columba livia","0","0","1","0"
"0.36","10","Falco tinnunculus","0","0","1","0"
"0.36","10","Cuculus canorus","0","0","1","0"
"0.36","10","Buteo buteo","0","0","1","0"
"0.36","10","Sturnus vulgaris","0","0","1","0"
"0.36","10","Phylloscopus bonelli","0","0","1","0"
"0.36","10","Linaria cannabina","0","0","1","0"
"0.36","10","Periparus ater","0","0","1","0"
"0.36","10","Hippolais polyglotta","0","0","1","0"
"0.36","10","Merops apiaster","0","0","1","0"
"0.36","10","Larus michahellis","0","0","1","0"
"0.36","10","Ptyonoprogne rupestris","0","0","1","0"
"0.36","10","Anas platyrhynchos","0","0","1","0"
"0.36","10","Certhia brachydactyla","0","0","1","0"
"0.36","10","Saxicola rubicola","1","0","0","0"
"0.36","10","Ardea cinerea","0","0","1","0"
"0.36","10","Dendrocopos major","0","0","1","0"
"0.36","10","Streptopelia turtur","0","0","1","0"
"0.36","10","Picus viridis","1","0","0","0"
"0.36","10","Upupa epops","0","0","1","0"
"0.36","10","Emberiza calandra","0","0","1","0"
"0.36","10","Regulus ignicapilla","0","0","1","0"
"0.36","10","Corvus corax","0","0","1","0"
"0.36","10","Aegithalos caudatus","0","0","1","0"
"0.36","10","Alauda arvensis","0","0","1","0"
"0.36","10","Turdus philomelos","0","0","0","1"
"0.36","10","Turdus viscivorus","0","0","1","0"
"0.36","10","Sitta europaea","0","0","1","0"
"0.36","10","Lullula arborea","0","0","1","0"
"0.36","10","Pyrrhocorax pyrrhocorax","0","0","1","0"
"0.36","10","Galerida cristata","0","0","1","0"
"0.36","10","Petronia petronia","0","0","1","0"
"0.36","10","Phylloscopus collybita","0","0","1","0"
"0.36","10","Cettia cetti","0","0","1","0"
"0.36","10","Lophophanes cristatus","0","0","1","0"
"0.36","10","Fulica atra","0","0","1","0"
"0.36","10","Curruca melanocephala","0","0","1","0"
"0.36","10","Egretta garzetta","0","0","1","0"
"0.36","10","Lanius collurio","0","0","1","0"
"0.36","10","Cisticola juncidis","0","0","1","0"
"0.36","10","Curruca communis","0","0","1","0"
"0.36","10","Circaetus gallicus","0","0","1","0"
"0.36","10","Phalacrocorax carbo","0","0","1","0"
"0.36","10","Carduelis citrinella","0","0","1","0"
"0.36","10","Milvus milvus","0","0","1","0"
"0.36","10","Hieraaetus pennatus","0","0","1","0"
"0.36","10","Oenanthe oenanthe","0","0","1","0"
"0.36","10","Gallinula chloropus","0","0","1","0"
"0.36","10","Picus sharpei","0","0","1","0"
"0.36","10","Ciconia ciconia","0","0","1","0"
"0.36","10","Phoenicurus phoenicurus","0","0","1","0"
"0.36","10","Chroicocephalus ridibundus","0","0","1","0"
"0.36","10","Motacilla cinerea","0","0","1","0"
"0.36","10","Corvus monedula","0","0","1","0"
"0.36","10","Lanius senator","0","0","1","0"
"0.36","10","Himantopus himantopus","0","0","1","0"
"0.36","10","Acrocephalus scirpaceus","0","0","1","0"
"0.36","10","Emberiza cia","0","0","1","0"
"0.36","10","Prunella modularis","0","0","1","0"
"0.36","10","Alectoris rufa","0","0","1","0"
"0.36","10","Curruca iberiae","0","0","1","0"
"0.36","10","Sturnus unicolor","0","0","1","0"
"0.36","10","Coturnix coturnix","0","0","1","0"
"0.36","10","Bubulcus ibis","0","0","1","0"
"0.36","10","Emberiza citrinella","0","0","1","0"
"0.36","10","Circus aeruginosus","0","0","1","0"
"0.36","10","Motacilla flava","0","0","1","0"
"0.36","10","Muscicapa striata","0","0","1","0"
"0.36","10","Sterna hirundo","0","0","1","0"
"0.36","10","Pernis apivorus","0","0","1","0"
"0.36","10","Acrocephalus arundinaceus","0","0","1","0"
"0.36","10","Passer montanus","0","0","1","0"
"0.36","10","Podiceps cristatus","0","0","1","0"
"0.36","10","Anthus trivialis","0","0","1","0"
"0.36","10","Ardea purpurea","0","0","1","0"
"0.36","10","Sylvia borin","0","0","1","0"
"0.36","10","Curruca undata","0","0","1","0"
"0.36","10","Tachybaptus ruficollis","0","0","1","0"
"0.36","10","Charadrius dubius","0","0","1","0"
"0.36","10","Falco subbuteo","0","0","1","0"
"0.36","10","Apus melba","0","0","1","0"
"0.36","10","Pyrrhula pyrrhula","0","0","1","0"
"0.36","10","Recurvirostra avosetta","0","0","1","0"
"0.36","10","Tadorna tadorna","0","0","1","0"
"0.36","10","Riparia riparia","0","0","1","0"
"0.36","10","Anthus campestris","0","0","1","0"
"0.36","10","Netta rufina","0","0","1","0"
"0.36","10","Circus pygargus","0","0","1","0"
"0.36","10","Galerida theklae","0","0","1","0"
"0.36","10","Cinclus cinclus","0","0","1","0"
"0.36","10","Poecile palustris","0","0","1","0"
"0.36","10","Aquila chrysaetos","0","0","1","0"
"0.36","10","Actitis hypoleucos","0","0","1","0"
"0.36","10","Pyrrhocorax graculus","0","0","1","0"
"0.36","10","Aythya ferina","0","0","1","0"
"0.36","10","Alcedo atthis","0","0","1","0"
"0.36","10","Burhinus oedicnemus","0","0","1","0"
"0.36","10","Sternula albifrons","0","0","1","0"
"0.36","10","Accipiter nisus","0","0","1","0"
"0.36","10","Anthus spinoletta","0","0","1","0"
"0.36","10","Melanocorypha calandra","0","0","1","0"
"0.36","10","Nycticorax nycticorax","0","0","1","0"
"0.36","10","Vanellus vanellus","0","0","1","0"
"0.36","10","Coccothraustes coccothraustes","0","0","1","0"
"0.36","10","Phasianus colchicus","0","0","1","0"
"0.36","10","Saxicola rubetra","0","0","1","0"
"0.36","10","Cygnus olor","0","0","1","0"
"0.36","10","Loxia curvirostra","0","0","1","0"
"0.36","10","Tringa ochropus","0","0","1","0"
"0.36","10","Mareca strepera","0","0","1","0"
"0.36","10","Emberiza schoeniclus","0","0","1","0"
"0.36","10","Phoenicopterus roseus","0","0","1","0"
"0.36","10","Plegadis falcinellus","0","0","1","0"
"0.36","10","Ardea alba","0","0","1","0"
"0.36","10","Tringa totanus","0","0","1","0"
"0.36","10","Strix aluco","0","0","1","0"
"0.36","10","Regulus regulus","0","0","1","0"
"0.36","10","Ichthyaetus melanocephalus","0","0","1","0"
"0.36","10","Columba oenas","0","0","1","0"
"0.36","10","Coracias garrulus","0","0","1","0"
"0.36","10","Passer hispaniolensis","0","0","1","0"
"0.36","10","Cecropis daurica","0","0","1","0"
"0.36","10","Falco naumanni","0","0","1","0"
"0.36","10","Athene noctua","0","0","1","0"
"0.36","10","Rallus aquaticus","0","0","1","0"
"0.36","10","Psittacula krameri","0","0","1","0"
"0.36","10","Lanius meridionalis","0","0","1","0"
"0.36","10","Platalea leucorodia","0","0","1","0"
"0.36","10","Phylloscopus ibericus","0","0","1","0"
"0.36","10","Aegypius monachus","0","0","1","0"
"0.36","10","Otus scops","0","0","1","0"
"0.36","10","Jynx torquilla","0","0","1","0"
"0.36","11","Turdus merula","0","0","1","0"
"0.36","11","Apus apus","0","0","1","0"
"0.36","11","Fringilla coelebs","0","0","1","0"
"0.36","11","Columba palumbus","0","0","1","0"
"0.36","11","Hirundo rustica","0","0","1","0"
"0.36","11","Passer domesticus","0","0","1","0"
"0.36","11","Sylvia atricapilla","0","0","1","0"
"0.36","11","Corvus corone","0","0","1","0"
"0.36","11","Pica pica","0","0","1","0"
"0.36","11","Carduelis carduelis","0","0","1","0"
"0.36","11","Serinus serinus","0","0","1","0"
"0.36","11","Parus major","0","0","1","0"
"0.36","11","Milvus migrans","0","0","1","0"
"0.36","11","Streptopelia decaocto","0","0","1","0"
"0.36","11","Delichon urbicum","0","0","1","0"
"0.36","11","Phoenicurus ochruros","0","0","1","0"
"0.36","11","Erithacus rubecula","0","0","1","0"
"0.36","11","Gyps fulvus","0","0","1","0"
"0.36","11","Motacilla alba","0","0","1","0"
"0.36","11","Garrulus glandarius","0","0","1","0"
"0.36","11","Cyanistes caeruleus","0","0","1","0"
"0.36","11","Chloris chloris","0","0","1","0"
"0.36","11","Troglodytes troglodytes","0","0","1","0"
"0.36","11","Emberiza cirlus","0","0","1","0"
"0.36","11","Luscinia megarhynchos","1","0","0","0"
"0.36","11","Oriolus oriolus","0","0","1","0"
"0.36","11","Columba livia","0","0","1","0"
"0.36","11","Falco tinnunculus","0","0","1","0"
"0.36","11","Cuculus canorus","0","0","1","0"
"0.36","11","Buteo buteo","0","0","1","0"
"0.36","11","Sturnus vulgaris","0","0","1","0"
"0.36","11","Phylloscopus bonelli","0","0","1","0"
"0.36","11","Linaria cannabina","0","0","1","0"
"0.36","11","Periparus ater","0","0","1","0"
"0.36","11","Hippolais polyglotta","0","0","1","0"
"0.36","11","Merops apiaster","0","0","1","0"
"0.36","11","Larus michahellis","0","0","1","0"
"0.36","11","Ptyonoprogne rupestris","0","0","1","0"
"0.36","11","Anas platyrhynchos","0","0","1","0"
"0.36","11","Certhia brachydactyla","0","0","1","0"
"0.36","11","Saxicola rubicola","0","0","1","0"
"0.36","11","Ardea cinerea","0","0","1","0"
"0.36","11","Dendrocopos major","0","0","1","0"
"0.36","11","Streptopelia turtur","0","0","1","0"
"0.36","11","Picus viridis","0","0","1","0"
"0.36","11","Upupa epops","0","0","1","0"
"0.36","11","Emberiza calandra","0","0","1","0"
"0.36","11","Regulus ignicapilla","0","0","1","0"
"0.36","11","Corvus corax","0","0","1","0"
"0.36","11","Aegithalos caudatus","0","0","1","0"
"0.36","11","Alauda arvensis","0","0","1","0"
"0.36","11","Turdus philomelos","0","0","1","0"
"0.36","11","Turdus viscivorus","0","0","1","0"
"0.36","11","Sitta europaea","0","0","1","0"
"0.36","11","Lullula arborea","0","0","1","0"
"0.36","11","Pyrrhocorax pyrrhocorax","0","0","1","0"
"0.36","11","Galerida cristata","0","0","1","0"
"0.36","11","Petronia petronia","0","0","1","0"
"0.36","11","Phylloscopus collybita","0","0","1","0"
"0.36","11","Cettia cetti","0","0","1","0"
"0.36","11","Lophophanes cristatus","0","0","1","0"
"0.36","11","Fulica atra","0","0","1","0"
"0.36","11","Curruca melanocephala","0","0","1","0"
"0.36","11","Egretta garzetta","0","0","1","0"
"0.36","11","Lanius collurio","0","0","1","0"
"0.36","11","Cisticola juncidis","0","0","1","0"
"0.36","11","Curruca communis","0","0","1","0"
"0.36","11","Circaetus gallicus","0","0","1","0"
"0.36","11","Phalacrocorax carbo","0","0","1","0"
"0.36","11","Carduelis citrinella","0","0","1","0"
"0.36","11","Milvus milvus","0","0","1","0"
"0.36","11","Hieraaetus pennatus","0","0","1","0"
"0.36","11","Oenanthe oenanthe","0","0","1","0"
"0.36","11","Gallinula chloropus","0","0","1","0"
"0.36","11","Picus sharpei","0","0","1","0"
"0.36","11","Ciconia ciconia","0","0","1","0"
"0.36","11","Phoenicurus phoenicurus","0","0","1","0"
"0.36","11","Chroicocephalus ridibundus","0","0","1","0"
"0.36","11","Motacilla cinerea","0","0","1","0"
"0.36","11","Corvus monedula","0","0","1","0"
"0.36","11","Lanius senator","0","0","1","0"
"0.36","11","Himantopus himantopus","0","0","1","0"
"0.36","11","Acrocephalus scirpaceus","0","0","1","0"
"0.36","11","Emberiza cia","0","0","1","0"
"0.36","11","Prunella modularis","0","0","1","0"
"0.36","11","Alectoris rufa","0","0","1","0"
"0.36","11","Curruca iberiae","0","0","1","0"
"0.36","11","Sturnus unicolor","0","0","1","0"
"0.36","11","Coturnix coturnix","0","0","1","0"
"0.36","11","Bubulcus ibis","0","0","1","0"
"0.36","11","Emberiza citrinella","0","0","1","0"
"0.36","11","Circus aeruginosus","0","0","1","0"
"0.36","11","Motacilla flava","0","0","1","0"
"0.36","11","Muscicapa striata","0","0","1","0"
"0.36","11","Sterna hirundo","0","0","1","0"
"0.36","11","Pernis apivorus","0","0","1","0"
"0.36","11","Acrocephalus arundinaceus","0","0","1","0"
"0.36","11","Passer montanus","0","0","1","0"
"0.36","11","Podiceps cristatus","0","0","1","0"
"0.36","11","Anthus trivialis","0","0","1","0"
"0.36","11","Ardea purpurea","0","0","1","0"
"0.36","11","Sylvia borin","0","0","1","0"
"0.36","11","Curruca undata","0","0","1","0"
"0.36","11","Tachybaptus ruficollis","0","0","1","0"
"0.36","11","Charadrius dubius","0","0","1","0"
"0.36","11","Falco subbuteo","0","0","1","0"
"0.36","11","Apus melba","0","0","1","0"
"0.36","11","Pyrrhula pyrrhula","0","0","1","0"
"0.36","11","Recurvirostra avosetta","0","0","1","0"
"0.36","11","Tadorna tadorna","0","0","1","0"
"0.36","11","Riparia riparia","0","0","1","0"
"0.36","11","Anthus campestris","0","0","1","0"
"0.36","11","Netta rufina","0","0","1","0"
"0.36","11","Circus pygargus","0","0","1","0"
"0.36","11","Galerida theklae","0","0","1","0"
"0.36","11","Cinclus cinclus","0","0","1","0"
"0.36","11","Poecile palustris","0","0","1","0"
"0.36","11","Aquila chrysaetos","0","0","1","0"
"0.36","11","Actitis hypoleucos","0","0","1","0"
"0.36","11","Pyrrhocorax graculus","0","0","1","0"
"0.36","11","Aythya ferina","0","0","1","0"
"0.36","11","Alcedo atthis","0","0","1","0"
"0.36","11","Burhinus oedicnemus","0","0","1","0"
"0.36","11","Sternula albifrons","0","0","1","0"
"0.36","11","Accipiter nisus","0","0","1","0"
"0.36","11","Anthus spinoletta","0","0","1","0"
"0.36","11","Melanocorypha calandra","0","0","1","0"
"0.36","11","Nycticorax nycticorax","0","0","1","0"
"0.36","11","Vanellus vanellus","0","0","1","0"
"0.36","11","Coccothraustes coccothraustes","0","0","1","0"
"0.36","11","Phasianus colchicus","0","0","1","0"
"0.36","11","Saxicola rubetra","0","0","1","0"
"0.36","11","Cygnus olor","0","0","1","0"
"0.36","11","Loxia curvirostra","0","0","1","0"
"0.36","11","Tringa ochropus","0","0","1","0"
"0.36","11","Mareca strepera","0","0","1","0"
"0.36","11","Emberiza schoeniclus","0","0","1","0"
"0.36","11","Phoenicopterus roseus","0","0","1","0"
"0.36","11","Plegadis falcinellus","0","0","1","0"
"0.36","11","Ardea alba","0","0","1","0"
"0.36","11","Tringa totanus","0","0","1","0"
"0.36","11","Strix aluco","0","0","1","0"
"0.36","11","Regulus regulus","0","0","1","0"
"0.36","11","Ichthyaetus melanocephalus","0","0","1","0"
"0.36","11","Columba oenas","0","0","1","0"
"0.36","11","Coracias garrulus","0","0","1","0"
"0.36","11","Passer hispaniolensis","0","0","1","0"
"0.36","11","Cecropis daurica","0","0","1","0"
"0.36","11","Falco naumanni","0","0","1","0"
"0.36","11","Athene noctua","0","0","1","0"
"0.36","11","Rallus aquaticus","0","0","1","0"
"0.36","11","Psittacula krameri","0","0","1","0"
"0.36","11","Lanius meridionalis","0","0","1","0"
"0.36","11","Platalea leucorodia","0","0","1","0"
"0.36","11","Phylloscopus ibericus","0","0","1","0"
"0.36","11","Aegypius monachus","0","0","1","0"
"0.36","11","Otus scops","0","0","0","1"
"0.36","11","Jynx torquilla","0","0","1","0"
"0.36","12","Turdus merula","0","0","1","0"
"0.36","12","Apus apus","0","0","1","0"
"0.36","12","Fringilla coelebs","0","0","0","1"
"0.36","12","Columba palumbus","0","0","1","0"
"0.36","12","Hirundo rustica","0","0","1","0"
"0.36","12","Passer domesticus","0","0","1","0"
"0.36","12","Sylvia atricapilla","0","0","1","0"
"0.36","12","Corvus corone","0","0","1","0"
"0.36","12","Pica pica","1","0","0","0"
"0.36","12","Carduelis carduelis","0","0","1","0"
"0.36","12","Serinus serinus","0","0","1","0"
"0.36","12","Parus major","0","0","1","0"
"0.36","12","Milvus migrans","0","0","1","0"
"0.36","12","Streptopelia decaocto","0","0","1","0"
"0.36","12","Delichon urbicum","0","0","1","0"
"0.36","12","Phoenicurus ochruros","0","0","1","0"
"0.36","12","Erithacus rubecula","0","0","1","0"
"0.36","12","Gyps fulvus","0","0","1","0"
"0.36","12","Motacilla alba","0","0","1","0"
"0.36","12","Garrulus glandarius","0","0","1","0"
"0.36","12","Cyanistes caeruleus","0","0","1","0"
"0.36","12","Chloris chloris","0","0","1","0"
"0.36","12","Troglodytes troglodytes","0","0","1","0"
"0.36","12","Emberiza cirlus","0","0","1","0"
"0.36","12","Luscinia megarhynchos","0","0","0","1"
"0.36","12","Oriolus oriolus","0","0","0","1"
"0.36","12","Columba livia","0","0","1","0"
"0.36","12","Falco tinnunculus","0","0","1","0"
"0.36","12","Cuculus canorus","0","0","1","0"
"0.36","12","Buteo buteo","0","0","1","0"
"0.36","12","Sturnus vulgaris","0","0","1","0"
"0.36","12","Phylloscopus bonelli","0","0","1","0"
"0.36","12","Linaria cannabina","0","0","1","0"
"0.36","12","Periparus ater","0","0","1","0"
"0.36","12","Hippolais polyglotta","0","0","1","0"
"0.36","12","Merops apiaster","0","0","1","0"
"0.36","12","Larus michahellis","0","0","1","0"
"0.36","12","Ptyonoprogne rupestris","0","0","1","0"
"0.36","12","Anas platyrhynchos","0","0","1","0"
"0.36","12","Certhia brachydactyla","0","0","1","0"
"0.36","12","Saxicola rubicola","0","0","1","0"
"0.36","12","Ardea cinerea","0","0","1","0"
"0.36","12","Dendrocopos major","0","0","0","1"
"0.36","12","Streptopelia turtur","0","0","1","0"
"0.36","12","Picus viridis","0","0","1","0"
"0.36","12","Upupa epops","0","0","1","0"
"0.36","12","Emberiza calandra","0","0","1","0"
"0.36","12","Regulus ignicapilla","0","0","1","0"
"0.36","12","Corvus corax","0","0","1","0"
"0.36","12","Aegithalos caudatus","0","0","1","0"
"0.36","12","Alauda arvensis","0","0","0","1"
"0.36","12","Turdus philomelos","0","0","1","0"
"0.36","12","Turdus viscivorus","0","0","1","0"
"0.36","12","Sitta europaea","0","0","1","0"
"0.36","12","Lullula arborea","0","0","1","0"
"0.36","12","Pyrrhocorax pyrrhocorax","0","0","1","0"
"0.36","12","Galerida cristata","0","0","1","0"
"0.36","12","Petronia petronia","0","0","1","0"
"0.36","12","Phylloscopus collybita","0","0","1","0"
"0.36","12","Cettia cetti","0","0","1","0"
"0.36","12","Lophophanes cristatus","0","0","1","0"
"0.36","12","Fulica atra","0","0","1","0"
"0.36","12","Curruca melanocephala","0","0","1","0"
"0.36","12","Egretta garzetta","0","0","1","0"
"0.36","12","Lanius collurio","0","0","1","0"
"0.36","12","Cisticola juncidis","0","0","1","0"
"0.36","12","Curruca communis","0","0","1","0"
"0.36","12","Circaetus gallicus","0","0","1","0"
"0.36","12","Phalacrocorax carbo","0","0","1","0"
"0.36","12","Carduelis citrinella","0","0","1","0"
"0.36","12","Milvus milvus","0","0","1","0"
"0.36","12","Hieraaetus pennatus","0","0","1","0"
"0.36","12","Oenanthe oenanthe","0","0","1","0"
"0.36","12","Gallinula chloropus","0","0","1","0"
"0.36","12","Picus sharpei","0","0","1","0"
"0.36","12","Ciconia ciconia","0","0","1","0"
"0.36","12","Phoenicurus phoenicurus","0","0","1","0"
"0.36","12","Chroicocephalus ridibundus","0","0","1","0"
"0.36","12","Motacilla cinerea","0","0","1","0"
"0.36","12","Corvus monedula","0","0","1","0"
"0.36","12","Lanius senator","0","0","1","0"
"0.36","12","Himantopus himantopus","0","0","1","0"
"0.36","12","Acrocephalus scirpaceus","0","0","1","0"
"0.36","12","Emberiza cia","0","0","1","0"
"0.36","12","Prunella modularis","0","0","1","0"
"0.36","12","Alectoris rufa","0","0","1","0"
"0.36","12","Curruca iberiae","0","0","1","0"
"0.36","12","Sturnus unicolor","0","0","1","0"
"0.36","12","Coturnix coturnix","0","0","1","0"
"0.36","12","Bubulcus ibis","0","0","1","0"
"0.36","12","Emberiza citrinella","0","0","1","0"
"0.36","12","Circus aeruginosus","0","0","1","0"
"0.36","12","Motacilla flava","0","0","1","0"
"0.36","12","Muscicapa striata","0","0","1","0"
"0.36","12","Sterna hirundo","0","0","1","0"
"0.36","12","Pernis apivorus","0","0","1","0"
"0.36","12","Acrocephalus arundinaceus","0","0","1","0"
"0.36","12","Passer montanus","0","0","1","0"
"0.36","12","Podiceps cristatus","0","0","1","0"
"0.36","12","Anthus trivialis","0","0","1","0"
"0.36","12","Ardea purpurea","0","0","1","0"
"0.36","12","Sylvia borin","0","0","1","0"
"0.36","12","Curruca undata","0","0","1","0"
"0.36","12","Tachybaptus ruficollis","0","0","1","0"
"0.36","12","Charadrius dubius","0","0","1","0"
"0.36","12","Falco subbuteo","0","0","1","0"
"0.36","12","Apus melba","0","0","1","0"
"0.36","12","Pyrrhula pyrrhula","0","0","1","0"
"0.36","12","Recurvirostra avosetta","0","0","1","0"
"0.36","12","Tadorna tadorna","0","0","1","0"
"0.36","12","Riparia riparia","0","0","1","0"
"0.36","12","Anthus campestris","0","0","1","0"
"0.36","12","Netta rufina","0","0","1","0"
"0.36","12","Circus pygargus","0","0","1","0"
"0.36","12","Galerida theklae","0","0","1","0"
"0.36","12","Cinclus cinclus","0","0","1","0"
"0.36","12","Poecile palustris","0","0","1","0"
"0.36","12","Aquila chrysaetos","0","0","1","0"
"0.36","12","Actitis hypoleucos","0","0","1","0"
"0.36","12","Pyrrhocorax graculus","0","0","1","0"
"0.36","12","Aythya ferina","0","0","1","0"
"0.36","12","Alcedo atthis","0","0","1","0"
"0.36","12","Burhinus oedicnemus","0","0","1","0"
"0.36","12","Sternula albifrons","0","0","1","0"
"0.36","12","Accipiter nisus","0","0","1","0"
"0.36","12","Anthus spinoletta","0","0","1","0"
"0.36","12","Melanocorypha calandra","0","0","1","0"
"0.36","12","Nycticorax nycticorax","0","0","1","0"
"0.36","12","Vanellus vanellus","0","0","1","0"
"0.36","12","Coccothraustes coccothraustes","0","0","1","0"
"0.36","12","Phasianus colchicus","0","0","1","0"
"0.36","12","Saxicola rubetra","0","0","1","0"
"0.36","12","Cygnus olor","0","0","1","0"
"0.36","12","Loxia curvirostra","0","0","1","0"
"0.36","12","Tringa ochropus","0","0","1","0"
"0.36","12","Mareca strepera","0","0","1","0"
"0.36","12","Emberiza schoeniclus","0","0","1","0"
"0.36","12","Phoenicopterus roseus","0","0","1","0"
"0.36","12","Plegadis falcinellus","0","0","1","0"
"0.36","12","Ardea alba","0","0","1","0"
"0.36","12","Tringa totanus","0","0","1","0"
"0.36","12","Strix aluco","0","0","1","0"
"0.36","12","Regulus regulus","0","0","1","0"
"0.36","12","Ichthyaetus melanocephalus","0","0","1","0"
"0.36","12","Columba oenas","0","0","1","0"
"0.36","12","Coracias garrulus","0","0","1","0"
"0.36","12","Passer hispaniolensis","0","0","1","0"
"0.36","12","Cecropis daurica","0","0","1","0"
"0.36","12","Falco naumanni","0","0","1","0"
"0.36","12","Athene noctua","0","0","1","0"
"0.36","12","Rallus aquaticus","0","0","1","0"
"0.36","12","Psittacula krameri","0","0","1","0"
"0.36","12","Lanius meridionalis","0","0","1","0"
"0.36","12","Platalea leucorodia","0","0","1","0"
"0.36","12","Phylloscopus ibericus","0","0","1","0"
"0.36","12","Aegypius monachus","0","0","1","0"
"0.36","12","Otus scops","0","0","1","0"
"0.36","12","Jynx torquilla","0","0","1","0"
"0.36","13","Turdus merula","0","0","0","1"
"0.36","13","Hirundo rustica","0","0","1","0"
"0.36","13","Fringilla coelebs","0","0","1","0"
"0.36","13","Columba palumbus","0","0","1","0"
"0.36","13","Corvus corone","0","0","0","1"
"0.36","13","Sylvia atricapilla","0","0","0","1"
"0.36","13","Parus major","0","0","1","0"
"0.36","13","Passer domesticus","0","0","1","0"
"0.36","13","Pica pica","0","0","1","0"
"0.36","13","Apus apus","0","0","1","0"
"0.36","13","Carduelis carduelis","0","0","1","0"
"0.36","13","Erithacus rubecula","0","0","1","0"
"0.36","13","Serinus serinus","0","0","1","0"
"0.36","13","Luscinia megarhynchos","0","0","0","1"
"0.36","13","Streptopelia decaocto","0","0","0","1"
"0.36","13","Milvus migrans","0","0","1","0"
"0.36","13","Cyanistes caeruleus","0","0","1","0"
"0.36","13","Cuculus canorus","0","0","1","0"
"0.36","13","Phoenicurus ochruros","0","0","1","0"
"0.36","13","Anas platyrhynchos","0","0","1","0"
"0.36","13","Garrulus glandarius","0","0","1","0"
"0.36","13","Delichon urbicum","0","0","1","0"
"0.36","13","Motacilla alba","0","0","1","0"
"0.36","13","Chloris chloris","0","0","1","0"
"0.36","13","Troglodytes troglodytes","0","0","1","0"
"0.36","13","Gyps fulvus","0","0","1","0"
"0.36","13","Falco tinnunculus","0","0","1","0"
"0.36","13","Sturnus vulgaris","0","0","1","0"
"0.36","13","Columba livia","0","0","1","0"
"0.36","13","Buteo buteo","0","0","1","0"
"0.36","13","Emberiza cirlus","0","0","1","0"
"0.36","13","Larus michahellis","0","0","1","0"
"0.36","13","Linaria cannabina","0","0","1","0"
"0.36","13","Phylloscopus bonelli","0","0","1","0"
"0.36","13","Periparus ater","0","0","1","0"
"0.36","13","Ardea cinerea","0","0","1","0"
"0.36","13","Merops apiaster","0","0","1","0"
"0.36","13","Certhia brachydactyla","0","0","1","0"
"0.36","13","Aegithalos caudatus","0","0","1","0"
"0.36","13","Saxicola rubicola","0","0","1","0"
"0.36","13","Corvus corax","0","0","1","0"
"0.36","13","Upupa epops","0","0","1","0"
"0.36","13","Cettia cetti","0","0","1","0"
"0.36","13","Dendrocopos major","0","0","1","0"
"0.36","13","Regulus ignicapilla","0","0","1","0"
"0.36","13","Oriolus oriolus","0","0","1","0"
"0.36","13","Emberiza calandra","0","0","1","0"
"0.36","13","Hippolais polyglotta","0","0","1","0"
"0.36","13","Picus viridis","0","0","1","0"
"0.36","13","Motacilla flava","0","0","1","0"
"0.36","13","Ptyonoprogne rupestris","0","0","1","0"
"0.36","13","Sitta europaea","0","0","1","0"
"0.36","13","Phalacrocorax carbo","0","0","1","0"
"0.36","13","Egretta garzetta","0","0","1","0"
"0.36","13","Turdus viscivorus","0","0","1","0"
"0.36","13","Fulica atra","0","0","1","0"
"0.36","13","Gallinula chloropus","0","0","1","0"
"0.36","13","Phylloscopus collybita","0","0","1","0"
"0.36","13","Curruca melanocephala","0","0","1","0"
"0.36","13","Lullula arborea","0","0","1","0"
"0.36","13","Galerida cristata","0","0","1","0"
"0.36","13","Oenanthe oenanthe","0","0","1","0"
"0.36","13","Circus aeruginosus","0","0","1","0"
"0.36","13","Turdus philomelos","0","0","1","0"
"0.36","13","Pyrrhocorax pyrrhocorax","0","0","1","0"
"0.36","13","Milvus milvus","0","0","1","0"
"0.36","13","Lophophanes cristatus","0","0","1","0"
"0.36","13","Curruca communis","0","0","1","0"
"0.36","13","Streptopelia turtur","0","0","1","0"
"0.36","13","Picus sharpei","0","0","1","0"
"0.36","13","Circaetus gallicus","0","0","1","0"
"0.36","13","Cisticola juncidis","0","0","1","0"
"0.36","13","Phoenicurus phoenicurus","0","0","1","0"
"0.36","13","Alauda arvensis","0","0","1","0"
"0.36","13","Corvus monedula","0","0","1","0"
"0.36","13","Petronia petronia","0","0","1","0"
"0.36","13","Ciconia ciconia","0","0","1","0"
"0.36","13","Hieraaetus pennatus","0","0","1","0"
"0.36","13","Sturnus unicolor","0","0","1","0"
"0.36","13","Himantopus himantopus","0","0","1","0"
"0.36","13","Prunella modularis","0","0","1","0"
"0.36","13","Podiceps cristatus","0","0","1","0"
"0.36","13","Curruca iberiae","0","0","1","0"
"0.36","13","Motacilla cinerea","0","0","1","0"
"0.36","13","Actitis hypoleucos","0","0","1","0"
"0.36","13","Anthus trivialis","0","0","1","0"
"0.36","13","Lanius senator","0","0","1","0"
"0.36","13","Bubulcus ibis","0","0","1","0"
"0.36","13","Alectoris rufa","0","0","1","0"
"0.36","13","Carduelis citrinella","0","0","1","0"
"0.36","13","Emberiza cia","0","0","1","0"
"0.36","13","Acrocephalus scirpaceus","0","0","1","0"
"0.36","13","Tachybaptus ruficollis","0","0","1","0"
"0.36","13","Chroicocephalus ridibundus","0","0","1","0"
"0.36","13","Ardea purpurea","0","0","1","0"
"0.36","13","Charadrius dubius","0","0","1","0"
"0.36","13","Saxicola rubetra","0","0","1","0"
"0.36","13","Tadorna tadorna","0","0","1","0"
"0.36","13","Muscicapa striata","0","0","1","0"
"0.36","13","Pernis apivorus","0","0","1","0"
"0.36","13","Passer montanus","0","0","1","0"
"0.36","13","Ficedula hypoleuca","0","0","1","0"
"0.36","13","Acrocephalus arundinaceus","0","0","1","0"
"0.36","13","Phylloscopus trochilus","0","0","1","0"
"0.36","13","Riparia riparia","0","0","1","0"
"0.36","13","Ardea alba","0","0","1","0"
"0.36","13","Lanius collurio","0","0","1","0"
"0.36","13","Netta rufina","0","0","1","0"
"0.36","13","Poecile palustris","0","0","1","0"
"0.36","13","Mareca strepera","0","0","1","0"
"0.36","13","Emberiza citrinella","0","0","1","0"
"0.36","13","Accipiter nisus","0","0","1","0"
"0.36","13","Pyrrhula pyrrhula","0","0","1","0"
"0.36","13","Tringa glareola","0","0","1","0"
"0.36","13","Sterna hirundo","0","0","1","0"
"0.36","13","Curruca undata","0","0","1","0"
"0.36","13","Apus melba","0","0","1","0"
"0.36","13","Recurvirostra avosetta","0","0","1","0"
"0.36","13","Falco subbuteo","0","0","1","0"
"0.36","13","Spatula clypeata","0","0","1","0"
"0.36","13","Plegadis falcinellus","0","0","1","0"
"0.36","13","Phasianus colchicus","0","0","1","0"
"0.36","13","Tringa ochropus","0","0","1","0"
"0.36","13","Alcedo atthis","0","0","1","0"
"0.36","13","Circus pygargus","0","0","1","0"
"0.36","13","Aythya ferina","0","0","1","0"
"0.36","13","Coturnix coturnix","0","0","1","0"
"0.36","13","Sylvia borin","0","0","1","0"
"0.36","13","Melanocorypha calandra","0","0","1","0"
"0.36","13","Tringa totanus","0","0","1","0"
"0.36","13","Jynx torquilla","0","0","1","0"
"0.36","13","Cinclus cinclus","0","0","1","0"
"0.36","13","Aquila chrysaetos","0","0","1","0"
"0.36","13","Tringa nebularia","0","0","1","0"
"0.36","13","Coccothraustes coccothraustes","0","0","1","0"
"0.36","13","Cygnus olor","0","0","1","0"
"0.36","13","Pyrrhocorax graculus","0","0","1","0"
"0.36","13","Vanellus vanellus","0","0","1","0"
"0.36","13","Psittacula krameri","0","0","1","0"
"0.36","13","Regulus regulus","0","0","1","0"
"0.36","13","Anthus spinoletta","0","0","1","0"
"0.36","13","Phoenicopterus roseus","0","0","1","0"
"0.36","13","Podiceps nigricollis","0","0","1","0"
"0.36","13","Loxia curvirostra","0","0","1","0"
"0.36","13","Morus bassanus","0","0","1","0"
"0.36","13","Rallus aquaticus","0","0","1","0"
"0.36","13","Anthus pratensis","0","0","1","0"
"0.36","13","Falco peregrinus","0","0","1","0"
"0.36","13","Emberiza schoeniclus","0","0","1","0"
"0.36","13","Calidris pugnax","0","0","1","0"
"0.36","13","Anas crecca","0","0","1","0"
"0.36","13","Nycticorax nycticorax","0","0","1","0"
"0.36","13","Anthus campestris","0","0","1","0"
"0.36","13","Falco naumanni","0","0","1","0"
"0.36","13","Ichthyaetus melanocephalus","0","0","1","0"
"0.36","13","Passer hispaniolensis","0","0","1","0"
"0.36","13","Burhinus oedicnemus","0","0","1","0"
"0.36","13","Cecropis daurica","0","0","1","0"
"0.36","13","Galerida theklae","0","0","1","0"
"0.36","13","Pandion haliaetus","0","0","1","0"
"0.36","13","Limosa limosa","0","0","1","0"
"0.36","13","Columba oenas","0","0","1","0"
"0.36","13","Aegypius monachus","0","0","1","0"
"0.36","13","Gelochelidon nilotica","0","0","1","0"
"0.36","13","Thalasseus sandvicensis","0","0","1","0"
"0.36","13","Spatula querquedula","0","0","1","0"
"0.36","13","Charadrius hiaticula","0","0","1","0"
"0.36","13","Monticola solitarius","0","0","1","0"
"0.36","13","Dryocopus martius","0","0","1","0"
"0.36","13","Chlidonias hybrida","0","0","1","0"
"0.36","13","Calidris alpina","0","0","1","0"
"0.36","13","Gallinago gallinago","0","0","1","0"
"0.36","13","Spinus spinus","0","0","1","0"
"0.36","13","Sternula albifrons","0","0","1","0"
"0.36","13","Phylloscopus ibericus","0","0","1","0"
"0.36","13","Ardeola ralloides","0","0","1","0"
"0.36","13","Strix aluco","0","0","1","0"
"0.36","13","Platalea leucorodia","0","0","1","0"
"0.36","13","Branta canadensis","0","0","1","0"
"0.36","13","Athene noctua","0","0","1","0"
"0.36","13","Certhia familiaris","0","0","1","0"
"0.36","13","Otus scops","0","0","1","0"
"0.36","14","Turdus merula","0","0","1","0"
"0.36","14","Hirundo rustica","0","0","1","0"
"0.36","14","Fringilla coelebs","0","0","1","0"
"0.36","14","Columba palumbus","0","0","1","0"
"0.36","14","Corvus corone","0","0","1","0"
"0.36","14","Sylvia atricapilla","0","0","1","0"
"0.36","14","Parus major","0","0","1","0"
"0.36","14","Passer domesticus","0","0","1","0"
"0.36","14","Pica pica","0","0","1","0"
"0.36","14","Apus apus","0","0","1","0"
"0.36","14","Carduelis carduelis","0","0","1","0"
"0.36","14","Erithacus rubecula","0","0","1","0"
"0.36","14","Serinus serinus","0","0","1","0"
"0.36","14","Luscinia megarhynchos","0","0","0","1"
"0.36","14","Streptopelia decaocto","0","0","1","0"
"0.36","14","Milvus migrans","0","0","1","0"
"0.36","14","Cyanistes caeruleus","0","0","1","0"
"0.36","14","Cuculus canorus","0","0","1","0"
"0.36","14","Phoenicurus ochruros","0","0","1","0"
"0.36","14","Anas platyrhynchos","0","0","1","0"
"0.36","14","Garrulus glandarius","0","0","1","0"
"0.36","14","Delichon urbicum","0","0","1","0"
"0.36","14","Motacilla alba","0","0","1","0"
"0.36","14","Chloris chloris","0","0","1","0"
"0.36","14","Troglodytes troglodytes","0","0","1","0"
"0.36","14","Gyps fulvus","0","0","1","0"
"0.36","14","Falco tinnunculus","0","0","1","0"
"0.36","14","Sturnus vulgaris","0","0","1","0"
"0.36","14","Columba livia","0","0","1","0"
"0.36","14","Buteo buteo","0","0","1","0"
"0.36","14","Emberiza cirlus","0","0","1","0"
"0.36","14","Larus michahellis","0","0","1","0"
"0.36","14","Linaria cannabina","0","0","1","0"
"0.36","14","Phylloscopus bonelli","0","0","1","0"
"0.36","14","Periparus ater","0","0","1","0"
"0.36","14","Ardea cinerea","0","0","1","0"
"0.36","14","Merops apiaster","0","0","1","0"
"0.36","14","Certhia brachydactyla","0","0","1","0"
"0.36","14","Aegithalos caudatus","0","0","1","0"
"0.36","14","Saxicola rubicola","0","0","1","0"
"0.36","14","Corvus corax","0","0","1","0"
"0.36","14","Upupa epops","0","0","1","0"
"0.36","14","Cettia cetti","0","0","1","0"
"0.36","14","Dendrocopos major","0","0","1","0"
"0.36","14","Regulus ignicapilla","0","0","1","0"
"0.36","14","Oriolus oriolus","0","0","1","0"
"0.36","14","Emberiza calandra","0","0","1","0"
"0.36","14","Hippolais polyglotta","0","0","1","0"
"0.36","14","Picus viridis","0","0","1","0"
"0.36","14","Motacilla flava","0","0","1","0"
"0.36","14","Ptyonoprogne rupestris","0","0","1","0"
"0.36","14","Sitta europaea","0","0","1","0"
"0.36","14","Phalacrocorax carbo","0","0","1","0"
"0.36","14","Egretta garzetta","0","0","1","0"
"0.36","14","Turdus viscivorus","0","0","1","0"
"0.36","14","Fulica atra","0","0","1","0"
"0.36","14","Gallinula chloropus","0","0","1","0"
"0.36","14","Phylloscopus collybita","0","0","1","0"
"0.36","14","Curruca melanocephala","0","0","1","0"
"0.36","14","Lullula arborea","0","0","1","0"
"0.36","14","Galerida cristata","0","0","1","0"
"0.36","14","Oenanthe oenanthe","0","0","1","0"
"0.36","14","Circus aeruginosus","0","0","1","0"
"0.36","14","Turdus philomelos","0","0","1","0"
"0.36","14","Pyrrhocorax pyrrhocorax","0","0","1","0"
"0.36","14","Milvus milvus","0","0","1","0"
"0.36","14","Lophophanes cristatus","0","0","1","0"
"0.36","14","Curruca communis","0","0","1","0"
"0.36","14","Streptopelia turtur","0","0","1","0"
"0.36","14","Picus sharpei","0","0","1","0"
"0.36","14","Circaetus gallicus","0","0","1","0"
"0.36","14","Cisticola juncidis","0","0","1","0"
"0.36","14","Phoenicurus phoenicurus","0","0","1","0"
"0.36","14","Alauda arvensis","0","0","1","0"
"0.36","14","Corvus monedula","0","0","1","0"
"0.36","14","Petronia petronia","0","0","1","0"
"0.36","14","Ciconia ciconia","0","0","1","0"
"0.36","14","Hieraaetus pennatus","0","0","1","0"
"0.36","14","Sturnus unicolor","0","0","1","0"
"0.36","14","Himantopus himantopus","0","0","1","0"
"0.36","14","Prunella modularis","0","0","1","0"
"0.36","14","Podiceps cristatus","0","0","1","0"
"0.36","14","Curruca iberiae","0","0","1","0"
"0.36","14","Motacilla cinerea","0","0","1","0"
"0.36","14","Actitis hypoleucos","0","0","1","0"
"0.36","14","Anthus trivialis","0","0","1","0"
"0.36","14","Lanius senator","0","0","1","0"
"0.36","14","Bubulcus ibis","0","0","1","0"
"0.36","14","Alectoris rufa","0","0","1","0"
"0.36","14","Carduelis citrinella","0","0","1","0"
"0.36","14","Emberiza cia","0","0","1","0"
"0.36","14","Acrocephalus scirpaceus","0","0","1","0"
"0.36","14","Tachybaptus ruficollis","0","0","1","0"
"0.36","14","Chroicocephalus ridibundus","0","0","1","0"
"0.36","14","Ardea purpurea","0","0","1","0"
"0.36","14","Charadrius dubius","0","0","1","0"
"0.36","14","Saxicola rubetra","0","0","1","0"
"0.36","14","Tadorna tadorna","0","0","1","0"
"0.36","14","Muscicapa striata","0","0","1","0"
"0.36","14","Pernis apivorus","0","0","1","0"
"0.36","14","Passer montanus","0","0","1","0"
"0.36","14","Ficedula hypoleuca","0","0","1","0"
"0.36","14","Acrocephalus arundinaceus","0","0","1","0"
"0.36","14","Phylloscopus trochilus","0","0","1","0"
"0.36","14","Riparia riparia","0","0","1","0"
"0.36","14","Ardea alba","0","0","1","0"
"0.36","14","Lanius collurio","0","0","1","0"
"0.36","14","Netta rufina","0","0","1","0"
"0.36","14","Poecile palustris","0","0","1","0"
"0.36","14","Mareca strepera","0","0","1","0"
"0.36","14","Emberiza citrinella","0","0","1","0"
"0.36","14","Accipiter nisus","0","0","1","0"
"0.36","14","Pyrrhula pyrrhula","0","0","1","0"
"0.36","14","Tringa glareola","0","0","1","0"
"0.36","14","Sterna hirundo","0","0","1","0"
"0.36","14","Curruca undata","0","0","1","0"
"0.36","14","Apus melba","0","0","1","0"
"0.36","14","Recurvirostra avosetta","0","0","1","0"
"0.36","14","Falco subbuteo","0","0","1","0"
"0.36","14","Spatula clypeata","0","0","1","0"
"0.36","14","Plegadis falcinellus","0","0","1","0"
"0.36","14","Phasianus colchicus","0","0","1","0"
"0.36","14","Tringa ochropus","0","0","1","0"
"0.36","14","Alcedo atthis","0","0","1","0"
"0.36","14","Circus pygargus","0","0","1","0"
"0.36","14","Aythya ferina","0","0","1","0"
"0.36","14","Coturnix coturnix","0","0","1","0"
"0.36","14","Sylvia borin","0","0","1","0"
"0.36","14","Melanocorypha calandra","0","0","1","0"
"0.36","14","Tringa totanus","0","0","1","0"
"0.36","14","Jynx torquilla","0","0","1","0"
"0.36","14","Cinclus cinclus","0","0","1","0"
"0.36","14","Aquila chrysaetos","0","0","1","0"
"0.36","14","Tringa nebularia","0","0","1","0"
"0.36","14","Coccothraustes coccothraustes","0","0","1","0"
"0.36","14","Cygnus olor","0","0","1","0"
"0.36","14","Pyrrhocorax graculus","0","0","1","0"
"0.36","14","Vanellus vanellus","0","0","1","0"
"0.36","14","Psittacula krameri","0","0","1","0"
"0.36","14","Regulus regulus","0","0","1","0"
"0.36","14","Anthus spinoletta","0","0","1","0"
"0.36","14","Phoenicopterus roseus","0","0","1","0"
"0.36","14","Podiceps nigricollis","0","0","1","0"
"0.36","14","Loxia curvirostra","0","0","1","0"
"0.36","14","Morus bassanus","0","0","1","0"
"0.36","14","Rallus aquaticus","0","0","1","0"
"0.36","14","Anthus pratensis","0","0","1","0"
"0.36","14","Falco peregrinus","0","0","1","0"
"0.36","14","Emberiza schoeniclus","0","0","1","0"
"0.36","14","Calidris pugnax","0","0","1","0"
"0.36","14","Anas crecca","0","0","1","0"
"0.36","14","Nycticorax nycticorax","0","0","1","0"
"0.36","14","Anthus campestris","0","0","1","0"
"0.36","14","Falco naumanni","0","0","1","0"
"0.36","14","Ichthyaetus melanocephalus","0","0","1","0"
"0.36","14","Passer hispaniolensis","0","0","1","0"
"0.36","14","Burhinus oedicnemus","0","0","1","0"
"0.36","14","Cecropis daurica","0","0","1","0"
"0.36","14","Galerida theklae","0","0","1","0"
"0.36","14","Pandion haliaetus","0","0","1","0"
"0.36","14","Limosa limosa","0","0","1","0"
"0.36","14","Columba oenas","0","0","1","0"
"0.36","14","Aegypius monachus","0","0","1","0"
"0.36","14","Gelochelidon nilotica","0","0","1","0"
"0.36","14","Thalasseus sandvicensis","0","0","1","0"
"0.36","14","Spatula querquedula","0","0","1","0"
"0.36","14","Charadrius hiaticula","0","0","1","0"
"0.36","14","Monticola solitarius","0","0","1","0"
"0.36","14","Dryocopus martius","0","0","1","0"
"0.36","14","Chlidonias hybrida","0","0","1","0"
"0.36","14","Calidris alpina","0","0","1","0"
"0.36","14","Gallinago gallinago","0","0","1","0"
"0.36","14","Spinus spinus","0","0","1","0"
"0.36","14","Sternula albifrons","0","0","1","0"
"0.36","14","Phylloscopus ibericus","0","0","1","0"
"0.36","14","Ardeola ralloides","0","0","1","0"
"0.36","14","Strix aluco","0","0","1","0"
"0.36","14","Platalea leucorodia","0","0","1","0"
"0.36","14","Branta canadensis","0","0","1","0"
"0.36","14","Athene noctua","0","0","1","0"
"0.36","14","Certhia familiaris","0","0","1","0"
"0.36","14","Otus scops","0","0","0","1"
"0.36","15","Turdus merula","0","0","0","1"
"0.36","15","Hirundo rustica","0","0","1","0"
"0.36","15","Fringilla coelebs","0","0","1","0"
"0.36","15","Columba palumbus","0","0","1","0"
"0.36","15","Corvus corone","0","0","0","1"
"0.36","15","Sylvia atricapilla","1","0","0","0"
"0.36","15","Parus major","0","0","1","0"
"0.36","15","Passer domesticus","0","0","1","0"
"0.36","15","Pica pica","0","0","1","0"
"0.36","15","Apus apus","0","0","1","0"
"0.36","15","Carduelis carduelis","0","0","1","0"
"0.36","15","Erithacus rubecula","0","0","1","0"
"0.36","15","Serinus serinus","0","0","1","0"
"0.36","15","Luscinia megarhynchos","0","0","0","1"
"0.36","15","Streptopelia decaocto","0","0","0","1"
"0.36","15","Milvus migrans","0","0","1","0"
"0.36","15","Cyanistes caeruleus","0","0","1","0"
"0.36","15","Cuculus canorus","0","0","1","0"
"0.36","15","Phoenicurus ochruros","0","0","1","0"
"0.36","15","Anas platyrhynchos","0","0","1","0"
"0.36","15","Garrulus glandarius","0","0","1","0"
"0.36","15","Delichon urbicum","0","0","1","0"
"0.36","15","Motacilla alba","0","0","1","0"
"0.36","15","Chloris chloris","0","0","1","0"
"0.36","15","Troglodytes troglodytes","0","0","1","0"
"0.36","15","Gyps fulvus","0","0","1","0"
"0.36","15","Falco tinnunculus","0","0","1","0"
"0.36","15","Sturnus vulgaris","0","0","1","0"
"0.36","15","Columba livia","0","0","1","0"
"0.36","15","Buteo buteo","0","0","1","0"
"0.36","15","Emberiza cirlus","0","0","1","0"
"0.36","15","Larus michahellis","0","0","1","0"
"0.36","15","Linaria cannabina","0","0","1","0"
"0.36","15","Phylloscopus bonelli","0","0","1","0"
"0.36","15","Periparus ater","0","0","1","0"
"0.36","15","Ardea cinerea","0","0","1","0"
"0.36","15","Merops apiaster","0","0","1","0"
"0.36","15","Certhia brachydactyla","0","0","1","0"
"0.36","15","Aegithalos caudatus","0","0","1","0"
"0.36","15","Saxicola rubicola","0","0","1","0"
"0.36","15","Corvus corax","0","0","1","0"
"0.36","15","Upupa epops","0","0","1","0"
"0.36","15","Cettia cetti","0","0","1","0"
"0.36","15","Dendrocopos major","0","0","1","0"
"0.36","15","Regulus ignicapilla","0","0","1","0"
"0.36","15","Oriolus oriolus","0","0","1","0"
"0.36","15","Emberiza calandra","0","0","1","0"
"0.36","15","Hippolais polyglotta","0","0","1","0"
"0.36","15","Picus viridis","0","0","1","0"
"0.36","15","Motacilla flava","0","0","1","0"
"0.36","15","Ptyonoprogne rupestris","0","0","1","0"
"0.36","15","Sitta europaea","0","0","1","0"
"0.36","15","Phalacrocorax carbo","0","0","1","0"
"0.36","15","Egretta garzetta","0","0","1","0"
"0.36","15","Turdus viscivorus","0","0","1","0"
"0.36","15","Fulica atra","0","0","1","0"
"0.36","15","Gallinula chloropus","0","0","1","0"
"0.36","15","Phylloscopus collybita","0","0","1","0"
"0.36","15","Curruca melanocephala","0","0","1","0"
"0.36","15","Lullula arborea","0","0","1","0"
"0.36","15","Galerida cristata","0","0","1","0"
"0.36","15","Oenanthe oenanthe","0","0","1","0"
"0.36","15","Circus aeruginosus","0","0","1","0"
"0.36","15","Turdus philomelos","0","0","1","0"
"0.36","15","Pyrrhocorax pyrrhocorax","0","0","1","0"
"0.36","15","Milvus milvus","0","0","1","0"
"0.36","15","Lophophanes cristatus","0","0","1","0"
"0.36","15","Curruca communis","0","0","1","0"
"0.36","15","Streptopelia turtur","0","0","1","0"
"0.36","15","Picus sharpei","0","0","1","0"
"0.36","15","Circaetus gallicus","0","0","1","0"
"0.36","15","Cisticola juncidis","0","0","1","0"
"0.36","15","Phoenicurus phoenicurus","0","0","1","0"
"0.36","15","Alauda arvensis","0","0","1","0"
"0.36","15","Corvus monedula","0","0","1","0"
"0.36","15","Petronia petronia","0","0","1","0"
"0.36","15","Ciconia ciconia","0","0","1","0"
"0.36","15","Hieraaetus pennatus","0","0","1","0"
"0.36","15","Sturnus unicolor","0","0","1","0"
"0.36","15","Himantopus himantopus","0","0","1","0"
"0.36","15","Prunella modularis","0","0","1","0"
"0.36","15","Podiceps cristatus","0","0","1","0"
"0.36","15","Curruca iberiae","0","0","1","0"
"0.36","15","Motacilla cinerea","0","0","1","0"
"0.36","15","Actitis hypoleucos","0","0","1","0"
"0.36","15","Anthus trivialis","0","0","1","0"
"0.36","15","Lanius senator","0","0","1","0"
"0.36","15","Bubulcus ibis","0","0","1","0"
"0.36","15","Alectoris rufa","0","0","1","0"
"0.36","15","Carduelis citrinella","0","0","1","0"
"0.36","15","Emberiza cia","0","0","1","0"
"0.36","15","Acrocephalus scirpaceus","0","0","1","0"
"0.36","15","Tachybaptus ruficollis","0","0","1","0"
"0.36","15","Chroicocephalus ridibundus","0","0","1","0"
"0.36","15","Ardea purpurea","0","0","1","0"
"0.36","15","Charadrius dubius","0","0","1","0"
"0.36","15","Saxicola rubetra","0","0","1","0"
"0.36","15","Tadorna tadorna","0","0","1","0"
"0.36","15","Muscicapa striata","0","0","1","0"
"0.36","15","Pernis apivorus","0","0","1","0"
"0.36","15","Passer montanus","0","0","1","0"
"0.36","15","Ficedula hypoleuca","0","0","1","0"
"0.36","15","Acrocephalus arundinaceus","0","0","1","0"
"0.36","15","Phylloscopus trochilus","0","0","1","0"
"0.36","15","Riparia riparia","0","0","1","0"
"0.36","15","Ardea alba","0","0","1","0"
"0.36","15","Lanius collurio","0","0","1","0"
"0.36","15","Netta rufina","0","0","1","0"
"0.36","15","Poecile palustris","0","0","1","0"
"0.36","15","Mareca strepera","0","0","1","0"
"0.36","15","Emberiza citrinella","0","0","0","1"
"0.36","15","Accipiter nisus","0","0","1","0"
"0.36","15","Pyrrhula pyrrhula","0","0","1","0"
"0.36","15","Tringa glareola","0","0","1","0"
"0.36","15","Sterna hirundo","0","0","1","0"
"0.36","15","Curruca undata","0","0","1","0"
"0.36","15","Apus melba","0","0","1","0"
"0.36","15","Recurvirostra avosetta","0","0","1","0"
"0.36","15","Falco subbuteo","0","0","1","0"
"0.36","15","Spatula clypeata","0","0","1","0"
"0.36","15","Plegadis falcinellus","0","0","1","0"
"0.36","15","Phasianus colchicus","0","0","1","0"
"0.36","15","Tringa ochropus","0","0","1","0"
"0.36","15","Alcedo atthis","0","0","1","0"
"0.36","15","Circus pygargus","0","0","1","0"
"0.36","15","Aythya ferina","0","0","1","0"
"0.36","15","Coturnix coturnix","0","0","1","0"
"0.36","15","Sylvia borin","0","0","1","0"
"0.36","15","Melanocorypha calandra","0","0","1","0"
"0.36","15","Tringa totanus","0","0","1","0"
"0.36","15","Jynx torquilla","0","0","1","0"
"0.36","15","Cinclus cinclus","0","0","1","0"
"0.36","15","Aquila chrysaetos","0","0","1","0"
"0.36","15","Tringa nebularia","0","0","1","0"
"0.36","15","Coccothraustes coccothraustes","0","0","1","0"
"0.36","15","Cygnus olor","0","0","1","0"
"0.36","15","Pyrrhocorax graculus","0","0","1","0"
"0.36","15","Vanellus vanellus","0","0","1","0"
"0.36","15","Psittacula krameri","0","0","1","0"
"0.36","15","Regulus regulus","0","0","1","0"
"0.36","15","Anthus spinoletta","0","0","1","0"
"0.36","15","Phoenicopterus roseus","0","0","1","0"
"0.36","15","Podiceps nigricollis","0","0","1","0"
"0.36","15","Loxia curvirostra","0","0","1","0"
"0.36","15","Morus bassanus","0","0","1","0"
"0.36","15","Rallus aquaticus","0","0","1","0"
"0.36","15","Anthus pratensis","0","0","1","0"
"0.36","15","Falco peregrinus","0","0","1","0"
"0.36","15","Emberiza schoeniclus","0","0","1","0"
"0.36","15","Calidris pugnax","0","0","1","0"
"0.36","15","Anas crecca","0","0","1","0"
"0.36","15","Nycticorax nycticorax","0","0","1","0"
"0.36","15","Anthus campestris","0","0","1","0"
"0.36","15","Falco naumanni","0","0","1","0"
"0.36","15","Ichthyaetus melanocephalus","0","0","1","0"
"0.36","15","Passer hispaniolensis","0","0","1","0"
"0.36","15","Burhinus oedicnemus","0","0","1","0"
"0.36","15","Cecropis daurica","0","0","1","0"
"0.36","15","Galerida theklae","0","0","1","0"
"0.36","15","Pandion haliaetus","0","0","1","0"
"0.36","15","Limosa limosa","0","0","1","0"
"0.36","15","Columba oenas","0","0","1","0"
"0.36","15","Aegypius monachus","0","0","1","0"
"0.36","15","Gelochelidon nilotica","0","0","1","0"
"0.36","15","Thalasseus sandvicensis","0","0","1","0"
"0.36","15","Spatula querquedula","0","0","1","0"
"0.36","15","Charadrius hiaticula","0","0","1","0"
"0.36","15","Monticola solitarius","0","0","1","0"
"0.36","15","Dryocopus martius","0","0","1","0"
"0.36","15","Chlidonias hybrida","0","0","1","0"
"0.36","15","Calidris alpina","0","0","1","0"
"0.36","15","Gallinago gallinago","0","0","1","0"
"0.36","15","Spinus spinus","0","0","1","0"
"0.36","15","Sternula albifrons","0","0","1","0"
"0.36","15","Phylloscopus ibericus","0","0","1","0"
"0.36","15","Ardeola ralloides","0","0","1","0"
"0.36","15","Strix aluco","0","0","1","0"
"0.36","15","Platalea leucorodia","0","0","1","0"
"0.36","15","Branta canadensis","0","0","1","0"
"0.36","15","Athene noctua","0","0","1","0"
"0.36","15","Certhia familiaris","0","0","1","0"
"0.36","15","Otus scops","0","0","1","0"
"0.36","16","Turdus merula","0","0","1","0"
"0.36","16","Hirundo rustica","0","0","1","0"
"0.36","16","Fringilla coelebs","0","0","1","0"
"0.36","16","Columba palumbus","0","0","1","0"
"0.36","16","Sylvia atricapilla","0","0","1","0"
"0.36","16","Corvus corone","0","0","1","0"
"0.36","16","Apus apus","0","0","1","0"
"0.36","16","Passer domesticus","0","0","1","0"
"0.36","16","Parus major","0","0","1","0"
"0.36","16","Pica pica","0","0","1","0"
"0.36","16","Carduelis carduelis","0","0","1","0"
"0.36","16","Serinus serinus","0","0","1","0"
"0.36","16","Milvus migrans","0","0","1","0"
"0.36","16","Luscinia megarhynchos","0","0","0","1"
"0.36","16","Streptopelia decaocto","0","0","1","0"
"0.36","16","Erithacus rubecula","0","0","1","0"
"0.36","16","Cuculus canorus","0","0","1","0"
"0.36","16","Cyanistes caeruleus","0","0","1","0"
"0.36","16","Phoenicurus ochruros","0","0","1","0"
"0.36","16","Delichon urbicum","0","0","1","0"
"0.36","16","Garrulus glandarius","0","0","1","0"
"0.36","16","Gyps fulvus","0","0","1","0"
"0.36","16","Motacilla alba","0","0","1","0"
"0.36","16","Chloris chloris","0","0","1","0"
"0.36","16","Anas platyrhynchos","0","0","1","0"
"0.36","16","Troglodytes troglodytes","0","0","1","0"
"0.36","16","Falco tinnunculus","0","0","1","0"
"0.36","16","Sturnus vulgaris","0","0","1","0"
"0.36","16","Emberiza cirlus","0","0","1","0"
"0.36","16","Columba livia","0","0","1","0"
"0.36","16","Buteo buteo","0","0","1","0"
"0.36","16","Phylloscopus bonelli","0","0","1","0"
"0.36","16","Larus michahellis","0","0","1","0"
"0.36","16","Linaria cannabina","0","0","1","0"
"0.36","16","Periparus ater","0","0","1","0"
"0.36","16","Merops apiaster","0","0","1","0"
"0.36","16","Oriolus oriolus","0","0","1","0"
"0.36","16","Ardea cinerea","0","0","1","0"
"0.36","16","Certhia brachydactyla","0","0","1","0"
"0.36","16","Upupa epops","0","0","1","0"
"0.36","16","Saxicola rubicola","0","0","1","0"
"0.36","16","Dendrocopos major","0","0","1","0"
"0.36","16","Hippolais polyglotta","0","0","1","0"
"0.36","16","Corvus corax","0","0","1","0"
"0.36","16","Aegithalos caudatus","0","0","1","0"
"0.36","16","Emberiza calandra","0","0","1","0"
"0.36","16","Regulus ignicapilla","0","0","1","0"
"0.36","16","Cettia cetti","0","0","1","0"
"0.36","16","Ptyonoprogne rupestris","0","0","1","0"
"0.36","16","Picus viridis","0","0","1","0"
"0.36","16","Sitta europaea","0","0","1","0"
"0.36","16","Turdus viscivorus","0","0","1","0"
"0.36","16","Egretta garzetta","0","0","1","0"
"0.36","16","Phalacrocorax carbo","0","0","1","0"
"0.36","16","Streptopelia turtur","0","0","1","0"
"0.36","16","Phylloscopus collybita","0","0","1","0"
"0.36","16","Fulica atra","0","0","1","0"
"0.36","16","Lullula arborea","0","0","1","0"
"0.36","16","Curruca melanocephala","0","0","1","0"
"0.36","16","Motacilla flava","0","0","1","0"
"0.36","16","Pyrrhocorax pyrrhocorax","0","0","1","0"
"0.36","16","Galerida cristata","0","0","1","0"
"0.36","16","Gallinula chloropus","0","0","1","0"
"0.36","16","Curruca communis","0","0","1","0"
"0.36","16","Turdus philomelos","0","0","1","0"
"0.36","16","Oenanthe oenanthe","0","0","1","0"
"0.36","16","Lophophanes cristatus","0","0","1","0"
"0.36","16","Petronia petronia","0","0","1","0"
"0.36","16","Milvus milvus","0","0","1","0"
"0.36","16","Cisticola juncidis","0","0","1","0"
"0.36","16","Alauda arvensis","0","0","1","0"
"0.36","16","Phoenicurus phoenicurus","0","0","1","0"
"0.36","16","Circus aeruginosus","0","0","1","0"
"0.36","16","Circaetus gallicus","0","0","1","0"
"0.36","16","Picus sharpei","0","0","1","0"
"0.36","16","Corvus monedula","0","0","1","0"
"0.36","16","Ciconia ciconia","0","0","1","0"
"0.36","16","Hieraaetus pennatus","0","0","1","0"
"0.36","16","Himantopus himantopus","0","0","1","0"
"0.36","16","Sturnus unicolor","0","0","1","0"
"0.36","16","Curruca iberiae","0","0","1","0"
"0.36","16","Carduelis citrinella","0","0","1","0"
"0.36","16","Prunella modularis","0","0","1","0"
"0.36","16","Motacilla cinerea","0","0","1","0"
"0.36","16","Podiceps cristatus","0","0","1","0"
"0.36","16","Lanius senator","0","0","1","0"
"0.36","16","Anthus trivialis","0","0","1","0"
"0.36","16","Bubulcus ibis","0","0","1","0"
"0.36","16","Alectoris rufa","0","0","1","0"
"0.36","16","Acrocephalus scirpaceus","0","0","1","0"
"0.36","16","Emberiza cia","0","0","1","0"
"0.36","16","Chroicocephalus ridibundus","0","0","1","0"
"0.36","16","Actitis hypoleucos","0","0","1","0"
"0.36","16","Lanius collurio","0","0","1","0"
"0.36","16","Muscicapa striata","0","0","1","0"
"0.36","16","Ardea purpurea","0","0","1","0"
"0.36","16","Acrocephalus arundinaceus","0","0","1","0"
"0.36","16","Pernis apivorus","0","0","1","0"
"0.36","16","Tachybaptus ruficollis","0","0","1","0"
"0.36","16","Passer montanus","0","0","1","0"
"0.36","16","Charadrius dubius","0","0","1","0"
"0.36","16","Tadorna tadorna","0","0","1","0"
"0.36","16","Sterna hirundo","0","0","1","0"
"0.36","16","Emberiza citrinella","0","0","1","0"
"0.36","16","Saxicola rubetra","0","0","1","0"
"0.36","16","Riparia riparia","0","0","1","0"
"0.36","16","Apus melba","0","0","1","0"
"0.36","16","Falco subbuteo","0","0","1","0"
"0.36","16","Netta rufina","0","0","1","0"
"0.36","16","Pyrrhula pyrrhula","0","0","1","0"
"0.36","16","Coturnix coturnix","0","0","1","0"
"0.36","16","Curruca undata","0","0","1","0"
"0.36","16","Recurvirostra avosetta","0","0","1","0"
"0.36","16","Sylvia borin","0","0","1","0"
"0.36","16","Poecile palustris","0","0","1","0"
"0.36","16","Ardea alba","0","0","1","0"
"0.36","16","Accipiter nisus","0","0","1","0"
"0.36","16","Mareca strepera","0","0","1","0"
"0.36","16","Ficedula hypoleuca","0","0","1","0"
"0.36","16","Phylloscopus trochilus","0","0","1","0"
"0.36","16","Circus pygargus","0","0","1","0"
"0.36","16","Phasianus colchicus","0","0","1","0"
"0.36","16","Plegadis falcinellus","0","0","1","0"
"0.36","16","Tringa glareola","0","0","1","0"
"0.36","16","Alcedo atthis","0","0","1","0"
"0.36","16","Aythya ferina","0","0","1","0"
"0.36","16","Melanocorypha calandra","0","0","1","0"
"0.36","16","Pyrrhocorax graculus","0","0","1","0"
"0.36","16","Tringa ochropus","0","0","1","0"
"0.36","16","Cinclus cinclus","0","0","1","0"
"0.36","16","Spatula clypeata","0","0","1","0"
"0.36","16","Tringa totanus","0","0","1","0"
"0.36","16","Aquila chrysaetos","0","0","1","0"
"0.36","16","Anthus campestris","0","0","1","0"
"0.36","16","Jynx torquilla","0","0","1","0"
"0.36","16","Cygnus olor","0","0","1","0"
"0.36","16","Vanellus vanellus","0","0","1","0"
"0.36","16","Coccothraustes coccothraustes","0","0","1","0"
"0.36","16","Anthus spinoletta","0","0","1","0"
"0.36","16","Nycticorax nycticorax","0","0","1","0"
"0.36","16","Psittacula krameri","0","0","1","0"
"0.36","16","Phoenicopterus roseus","0","0","1","0"
"0.36","16","Regulus regulus","0","0","1","0"
"0.36","16","Loxia curvirostra","0","0","1","0"
"0.36","16","Galerida theklae","0","0","1","0"
"0.36","16","Podiceps nigricollis","0","0","1","0"
"0.36","16","Emberiza schoeniclus","0","0","1","0"
"0.36","16","Ichthyaetus melanocephalus","0","0","1","0"
"0.36","16","Rallus aquaticus","0","0","1","0"
"0.36","16","Burhinus oedicnemus","0","0","1","0"
"0.36","16","Passer hispaniolensis","0","0","1","0"
"0.36","16","Tringa nebularia","0","0","1","0"
"0.36","16","Falco peregrinus","0","0","1","0"
"0.36","16","Morus bassanus","0","0","1","0"
"0.36","16","Falco naumanni","0","0","1","0"
"0.36","16","Aegypius monachus","0","0","1","0"
"0.36","16","Sternula albifrons","0","0","1","0"
"0.36","16","Cecropis daurica","0","0","1","0"
"0.36","16","Columba oenas","0","0","1","0"
"0.36","16","Chlidonias hybrida","0","0","1","0"
"0.36","16","Anthus pratensis","0","0","1","0"
"0.36","16","Monticola solitarius","0","0","1","0"
"0.36","16","Pandion haliaetus","0","0","1","0"
"0.36","16","Thalasseus sandvicensis","0","0","1","0"
"0.36","16","Gelochelidon nilotica","0","0","1","0"
"0.36","16","Calidris pugnax","0","0","1","0"
"0.36","16","Strix aluco","0","0","1","0"
"0.36","16","Limosa limosa","0","0","1","0"
"0.36","16","Phylloscopus ibericus","0","0","1","0"
"0.36","16","Ardeola ralloides","0","0","1","0"
"0.36","16","Chlidonias niger","0","0","1","0"
"0.36","16","Charadrius hiaticula","0","0","1","0"
"0.36","16","Dryocopus martius","0","0","1","0"
"0.36","16","Athene noctua","0","0","1","0"
"0.36","16","Platalea leucorodia","0","0","1","0"
"0.36","16","Anas crecca","0","0","1","0"
"0.36","16","Otus scops","0","0","0","1"
"0.36","17","Turdus merula","0","0","0","1"
"0.36","17","Hirundo rustica","0","0","1","0"
"0.36","17","Fringilla coelebs","0","0","1","0"
"0.36","17","Columba palumbus","0","0","1","0"
"0.36","17","Sylvia atricapilla","0","0","0","1"
"0.36","17","Corvus corone","0","0","1","0"
"0.36","17","Apus apus","0","0","1","0"
"0.36","17","Passer domesticus","0","0","1","0"
"0.36","17","Parus major","0","0","1","0"
"0.36","17","Pica pica","0","0","0","1"
"0.36","17","Carduelis carduelis","0","0","1","0"
"0.36","17","Serinus serinus","0","0","1","0"
"0.36","17","Milvus migrans","0","0","1","0"
"0.36","17","Luscinia megarhynchos","0","0","1","0"
"0.36","17","Streptopelia decaocto","0","0","1","0"
"0.36","17","Erithacus rubecula","0","0","1","0"
"0.36","17","Cuculus canorus","0","0","1","0"
"0.36","17","Cyanistes caeruleus","0","0","0","1"
"0.36","17","Phoenicurus ochruros","0","0","1","0"
"0.36","17","Delichon urbicum","0","0","1","0"
"0.36","17","Garrulus glandarius","0","0","1","0"
"0.36","17","Gyps fulvus","0","0","1","0"
"0.36","17","Motacilla alba","0","0","1","0"
"0.36","17","Chloris chloris","0","0","1","0"
"0.36","17","Anas platyrhynchos","0","0","1","0"
"0.36","17","Troglodytes troglodytes","0","0","1","0"
"0.36","17","Falco tinnunculus","0","0","1","0"
"0.36","17","Sturnus vulgaris","0","0","1","0"
"0.36","17","Emberiza cirlus","0","0","1","0"
"0.36","17","Columba livia","0","0","1","0"
"0.36","17","Buteo buteo","0","0","1","0"
"0.36","17","Phylloscopus bonelli","0","0","1","0"
"0.36","17","Larus michahellis","0","0","1","0"
"0.36","17","Linaria cannabina","0","0","1","0"
"0.36","17","Periparus ater","0","0","1","0"
"0.36","17","Merops apiaster","0","0","1","0"
"0.36","17","Oriolus oriolus","0","0","1","0"
"0.36","17","Ardea cinerea","0","0","1","0"
"0.36","17","Certhia brachydactyla","0","0","1","0"
"0.36","17","Upupa epops","0","0","1","0"
"0.36","17","Saxicola rubicola","0","0","1","0"
"0.36","17","Dendrocopos major","0","0","1","0"
"0.36","17","Hippolais polyglotta","0","0","1","0"
"0.36","17","Corvus corax","0","0","1","0"
"0.36","17","Aegithalos caudatus","0","0","1","0"
"0.36","17","Emberiza calandra","0","0","1","0"
"0.36","17","Regulus ignicapilla","0","0","1","0"
"0.36","17","Cettia cetti","0","0","1","0"
"0.36","17","Ptyonoprogne rupestris","0","0","1","0"
"0.36","17","Picus viridis","0","0","1","0"
"0.36","17","Sitta europaea","0","0","1","0"
"0.36","17","Turdus viscivorus","0","0","1","0"
"0.36","17","Egretta garzetta","0","0","1","0"
"0.36","17","Phalacrocorax carbo","0","0","1","0"
"0.36","17","Streptopelia turtur","0","0","1","0"
"0.36","17","Phylloscopus collybita","1","0","0","0"
"0.36","17","Fulica atra","0","0","1","0"
"0.36","17","Lullula arborea","0","0","1","0"
"0.36","17","Curruca melanocephala","0","0","1","0"
"0.36","17","Motacilla flava","0","0","1","0"
"0.36","17","Pyrrhocorax pyrrhocorax","0","0","1","0"
"0.36","17","Galerida cristata","0","0","1","0"
"0.36","17","Gallinula chloropus","0","0","1","0"
"0.36","17","Curruca communis","0","0","1","0"
"0.36","17","Turdus philomelos","0","0","1","0"
"0.36","17","Oenanthe oenanthe","0","0","1","0"
"0.36","17","Lophophanes cristatus","0","0","1","0"
"0.36","17","Petronia petronia","0","0","1","0"
"0.36","17","Milvus milvus","0","0","1","0"
"0.36","17","Cisticola juncidis","0","0","1","0"
"0.36","17","Alauda arvensis","0","0","1","0"
"0.36","17","Phoenicurus phoenicurus","0","0","1","0"
"0.36","17","Circus aeruginosus","0","0","1","0"
"0.36","17","Circaetus gallicus","0","0","1","0"
"0.36","17","Picus sharpei","0","0","1","0"
"0.36","17","Corvus monedula","0","0","1","0"
"0.36","17","Ciconia ciconia","0","0","1","0"
"0.36","17","Hieraaetus pennatus","0","0","1","0"
"0.36","17","Himantopus himantopus","0","0","1","0"
"0.36","17","Sturnus unicolor","0","0","1","0"
"0.36","17","Curruca iberiae","0","0","1","0"
"0.36","17","Carduelis citrinella","0","0","1","0"
"0.36","17","Prunella modularis","0","0","1","0"
"0.36","17","Motacilla cinerea","0","0","1","0"
"0.36","17","Podiceps cristatus","0","0","1","0"
"0.36","17","Lanius senator","0","0","1","0"
"0.36","17","Anthus trivialis","0","0","1","0"
"0.36","17","Bubulcus ibis","0","0","1","0"
"0.36","17","Alectoris rufa","0","0","1","0"
"0.36","17","Acrocephalus scirpaceus","0","0","1","0"
"0.36","17","Emberiza cia","0","0","1","0"
"0.36","17","Chroicocephalus ridibundus","0","0","1","0"
"0.36","17","Actitis hypoleucos","0","0","1","0"
"0.36","17","Lanius collurio","0","0","1","0"
"0.36","17","Muscicapa striata","0","0","1","0"
"0.36","17","Ardea purpurea","0","0","1","0"
"0.36","17","Acrocephalus arundinaceus","0","0","1","0"
"0.36","17","Pernis apivorus","0","0","1","0"
"0.36","17","Tachybaptus ruficollis","0","0","1","0"
"0.36","17","Passer montanus","0","0","1","0"
"0.36","17","Charadrius dubius","0","0","1","0"
"0.36","17","Tadorna tadorna","0","0","1","0"
"0.36","17","Sterna hirundo","0","0","1","0"
"0.36","17","Emberiza citrinella","0","0","1","0"
"0.36","17","Saxicola rubetra","0","0","1","0"
"0.36","17","Riparia riparia","0","0","1","0"
"0.36","17","Apus melba","0","0","1","0"
"0.36","17","Falco subbuteo","0","0","1","0"
"0.36","17","Netta rufina","0","0","1","0"
"0.36","17","Pyrrhula pyrrhula","0","0","1","0"
"0.36","17","Coturnix coturnix","0","0","1","0"
"0.36","17","Curruca undata","0","0","1","0"
"0.36","17","Recurvirostra avosetta","0","0","1","0"
"0.36","17","Sylvia borin","0","0","1","0"
"0.36","17","Poecile palustris","0","0","1","0"
"0.36","17","Ardea alba","0","0","1","0"
"0.36","17","Accipiter nisus","0","0","1","0"
"0.36","17","Mareca strepera","0","0","1","0"
"0.36","17","Ficedula hypoleuca","0","0","1","0"
"0.36","17","Phylloscopus trochilus","0","0","1","0"
"0.36","17","Circus pygargus","0","0","1","0"
"0.36","17","Phasianus colchicus","0","0","1","0"
"0.36","17","Plegadis falcinellus","0","0","1","0"
"0.36","17","Tringa glareola","0","0","1","0"
"0.36","17","Alcedo atthis","0","0","1","0"
"0.36","17","Aythya ferina","0","0","1","0"
"0.36","17","Melanocorypha calandra","0","0","1","0"
"0.36","17","Pyrrhocorax graculus","0","0","1","0"
"0.36","17","Tringa ochropus","0","0","1","0"
"0.36","17","Cinclus cinclus","0","0","1","0"
"0.36","17","Spatula clypeata","0","0","1","0"
"0.36","17","Tringa totanus","0","0","1","0"
"0.36","17","Aquila chrysaetos","0","0","1","0"
"0.36","17","Anthus campestris","0","0","1","0"
"0.36","17","Jynx torquilla","0","0","1","0"
"0.36","17","Cygnus olor","0","0","1","0"
"0.36","17","Vanellus vanellus","0","0","1","0"
"0.36","17","Coccothraustes coccothraustes","0","0","1","0"
"0.36","17","Anthus spinoletta","0","0","1","0"
"0.36","17","Nycticorax nycticorax","0","0","1","0"
"0.36","17","Psittacula krameri","0","0","1","0"
"0.36","17","Phoenicopterus roseus","0","0","1","0"
"0.36","17","Regulus regulus","0","0","1","0"
"0.36","17","Loxia curvirostra","0","0","1","0"
"0.36","17","Galerida theklae","0","0","1","0"
"0.36","17","Podiceps nigricollis","0","0","1","0"
"0.36","17","Emberiza schoeniclus","0","0","1","0"
"0.36","17","Ichthyaetus melanocephalus","0","0","1","0"
"0.36","17","Rallus aquaticus","0","0","1","0"
"0.36","17","Burhinus oedicnemus","0","0","1","0"
"0.36","17","Passer hispaniolensis","0","0","1","0"
"0.36","17","Tringa nebularia","0","0","1","0"
"0.36","17","Falco peregrinus","0","0","1","0"
"0.36","17","Morus bassanus","0","0","1","0"
"0.36","17","Falco naumanni","0","0","1","0"
"0.36","17","Aegypius monachus","0","0","1","0"
"0.36","17","Sternula albifrons","0","0","1","0"
"0.36","17","Cecropis daurica","0","0","1","0"
"0.36","17","Columba oenas","0","0","1","0"
"0.36","17","Chlidonias hybrida","0","0","1","0"
"0.36","17","Anthus pratensis","0","0","1","0"
"0.36","17","Monticola solitarius","0","0","1","0"
"0.36","17","Pandion haliaetus","0","0","1","0"
"0.36","17","Thalasseus sandvicensis","0","0","1","0"
"0.36","17","Gelochelidon nilotica","0","0","1","0"
"0.36","17","Calidris pugnax","0","0","1","0"
"0.36","17","Strix aluco","0","0","1","0"
"0.36","17","Limosa limosa","0","0","1","0"
"0.36","17","Phylloscopus ibericus","0","0","1","0"
"0.36","17","Ardeola ralloides","0","0","1","0"
"0.36","17","Chlidonias niger","0","0","1","0"
"0.36","17","Charadrius hiaticula","0","0","1","0"
"0.36","17","Dryocopus martius","0","0","1","0"
"0.36","17","Athene noctua","0","0","1","0"
"0.36","17","Platalea leucorodia","0","0","1","0"
"0.36","17","Anas crecca","0","0","1","0"
"0.36","17","Otus scops","0","0","1","0"
"0.36","18","Turdus merula","0","0","1","0"
"0.36","18","Hirundo rustica","0","0","1","0"
"0.36","18","Fringilla coelebs","0","0","1","0"
"0.36","18","Columba palumbus","0","0","0","1"
"0.36","18","Sylvia atricapilla","0","0","0","1"
"0.36","18","Corvus corone","0","0","1","0"
"0.36","18","Apus apus","0","0","1","0"
"0.36","18","Passer domesticus","0","0","0","1"
"0.36","18","Parus major","0","0","1","0"
"0.36","18","Pica pica","0","0","1","0"
"0.36","18","Carduelis carduelis","0","0","1","0"
"0.36","18","Serinus serinus","0","0","1","0"
"0.36","18","Milvus migrans","0","0","1","0"
"0.36","18","Luscinia megarhynchos","0","0","0","1"
"0.36","18","Streptopelia decaocto","0","0","0","1"
"0.36","18","Erithacus rubecula","0","0","1","0"
"0.36","18","Cuculus canorus","0","0","1","0"
"0.36","18","Cyanistes caeruleus","0","0","1","0"
"0.36","18","Phoenicurus ochruros","0","0","1","0"
"0.36","18","Delichon urbicum","0","0","1","0"
"0.36","18","Garrulus glandarius","0","0","1","0"
"0.36","18","Gyps fulvus","0","0","1","0"
"0.36","18","Motacilla alba","0","0","1","0"
"0.36","18","Chloris chloris","0","0","1","0"
"0.36","18","Anas platyrhynchos","0","0","1","0"
"0.36","18","Troglodytes troglodytes","0","0","1","0"
"0.36","18","Falco tinnunculus","0","0","1","0"
"0.36","18","Sturnus vulgaris","0","0","0","1"
"0.36","18","Emberiza cirlus","0","0","1","0"
"0.36","18","Columba livia","0","0","1","0"
"0.36","18","Buteo buteo","0","0","1","0"
"0.36","18","Phylloscopus bonelli","0","0","1","0"
"0.36","18","Larus michahellis","0","0","1","0"
"0.36","18","Linaria cannabina","0","0","1","0"
"0.36","18","Periparus ater","0","0","1","0"
"0.36","18","Merops apiaster","0","0","1","0"
"0.36","18","Oriolus oriolus","0","0","1","0"
"0.36","18","Ardea cinerea","0","0","1","0"
"0.36","18","Certhia brachydactyla","0","0","1","0"
"0.36","18","Upupa epops","0","0","1","0"
"0.36","18","Saxicola rubicola","0","0","1","0"
"0.36","18","Dendrocopos major","0","0","1","0"
"0.36","18","Hippolais polyglotta","0","0","1","0"
"0.36","18","Corvus corax","0","0","1","0"
"0.36","18","Aegithalos caudatus","0","0","1","0"
"0.36","18","Emberiza calandra","0","0","1","0"
"0.36","18","Regulus ignicapilla","0","0","1","0"
"0.36","18","Cettia cetti","0","0","1","0"
"0.36","18","Ptyonoprogne rupestris","0","0","1","0"
"0.36","18","Picus viridis","0","0","1","0"
"0.36","18","Sitta europaea","0","0","1","0"
"0.36","18","Turdus viscivorus","0","0","1","0"
"0.36","18","Egretta garzetta","0","0","1","0"
"0.36","18","Phalacrocorax carbo","0","0","1","0"
"0.36","18","Streptopelia turtur","0","0","1","0"
"0.36","18","Phylloscopus collybita","0","0","1","0"
"0.36","18","Fulica atra","0","0","1","0"
"0.36","18","Lullula arborea","0","0","1","0"
"0.36","18","Curruca melanocephala","0","0","1","0"
"0.36","18","Motacilla flava","0","0","1","0"
"0.36","18","Pyrrhocorax pyrrhocorax","0","0","1","0"
"0.36","18","Galerida cristata","0","0","1","0"
"0.36","18","Gallinula chloropus","0","0","1","0"
"0.36","18","Curruca communis","0","0","0","1"
"0.36","18","Turdus philomelos","0","0","1","0"
"0.36","18","Oenanthe oenanthe","0","0","1","0"
"0.36","18","Lophophanes cristatus","0","0","1","0"
"0.36","18","Petronia petronia","0","0","1","0"
"0.36","18","Milvus milvus","0","0","1","0"
"0.36","18","Cisticola juncidis","0","0","1","0"
"0.36","18","Alauda arvensis","0","0","1","0"
"0.36","18","Phoenicurus phoenicurus","0","0","1","0"
"0.36","18","Circus aeruginosus","0","0","1","0"
"0.36","18","Circaetus gallicus","0","0","1","0"
"0.36","18","Picus sharpei","0","0","1","0"
"0.36","18","Corvus monedula","0","0","1","0"
"0.36","18","Ciconia ciconia","0","0","1","0"
"0.36","18","Hieraaetus pennatus","0","0","1","0"
"0.36","18","Himantopus himantopus","0","0","1","0"
"0.36","18","Sturnus unicolor","0","0","1","0"
"0.36","18","Curruca iberiae","0","0","1","0"
"0.36","18","Carduelis citrinella","0","0","1","0"
"0.36","18","Prunella modularis","0","0","1","0"
"0.36","18","Motacilla cinerea","0","0","1","0"
"0.36","18","Podiceps cristatus","0","0","1","0"
"0.36","18","Lanius senator","0","0","1","0"
"0.36","18","Anthus trivialis","0","0","1","0"
"0.36","18","Bubulcus ibis","0","0","1","0"
"0.36","18","Alectoris rufa","0","0","1","0"
"0.36","18","Acrocephalus scirpaceus","0","0","1","0"
"0.36","18","Emberiza cia","0","0","1","0"
"0.36","18","Chroicocephalus ridibundus","0","0","1","0"
"0.36","18","Actitis hypoleucos","0","0","1","0"
"0.36","18","Lanius collurio","0","0","1","0"
"0.36","18","Muscicapa striata","0","0","1","0"
"0.36","18","Ardea purpurea","0","0","1","0"
"0.36","18","Acrocephalus arundinaceus","0","0","1","0"
"0.36","18","Pernis apivorus","0","0","1","0"
"0.36","18","Tachybaptus ruficollis","0","0","1","0"
"0.36","18","Passer montanus","0","0","1","0"
"0.36","18","Charadrius dubius","0","0","1","0"
"0.36","18","Tadorna tadorna","0","0","1","0"
"0.36","18","Sterna hirundo","0","0","1","0"
"0.36","18","Emberiza citrinella","0","0","1","0"
"0.36","18","Saxicola rubetra","0","0","1","0"
"0.36","18","Riparia riparia","0","0","1","0"
"0.36","18","Apus melba","0","0","1","0"
"0.36","18","Falco subbuteo","0","0","1","0"
"0.36","18","Netta rufina","0","0","1","0"
"0.36","18","Pyrrhula pyrrhula","0","0","1","0"
"0.36","18","Coturnix coturnix","0","0","1","0"
"0.36","18","Curruca undata","0","0","1","0"
"0.36","18","Recurvirostra avosetta","0","0","1","0"
"0.36","18","Sylvia borin","0","0","1","0"
"0.36","18","Poecile palustris","0","0","1","0"
"0.36","18","Ardea alba","0","0","1","0"
"0.36","18","Accipiter nisus","0","0","1","0"
"0.36","18","Mareca strepera","0","0","1","0"
"0.36","18","Ficedula hypoleuca","0","0","1","0"
"0.36","18","Phylloscopus trochilus","0","0","1","0"
"0.36","18","Circus pygargus","0","0","1","0"
"0.36","18","Phasianus colchicus","0","0","1","0"
"0.36","18","Plegadis falcinellus","0","0","1","0"
"0.36","18","Tringa glareola","0","0","1","0"
"0.36","18","Alcedo atthis","0","0","1","0"
"0.36","18","Aythya ferina","0","0","1","0"
"0.36","18","Melanocorypha calandra","0","0","1","0"
"0.36","18","Pyrrhocorax graculus","0","0","1","0"
"0.36","18","Tringa ochropus","0","0","1","0"
"0.36","18","Cinclus cinclus","0","0","1","0"
"0.36","18","Spatula clypeata","0","0","1","0"
"0.36","18","Tringa totanus","0","0","1","0"
"0.36","18","Aquila chrysaetos","0","0","1","0"
"0.36","18","Anthus campestris","0","0","1","0"
"0.36","18","Jynx torquilla","0","0","1","0"
"0.36","18","Cygnus olor","0","0","1","0"
"0.36","18","Vanellus vanellus","0","0","1","0"
"0.36","18","Coccothraustes coccothraustes","0","0","1","0"
"0.36","18","Anthus spinoletta","0","0","1","0"
"0.36","18","Nycticorax nycticorax","0","0","1","0"
"0.36","18","Psittacula krameri","0","0","1","0"
"0.36","18","Phoenicopterus roseus","0","0","1","0"
"0.36","18","Regulus regulus","0","0","1","0"
"0.36","18","Loxia curvirostra","0","0","1","0"
"0.36","18","Galerida theklae","0","0","1","0"
"0.36","18","Podiceps nigricollis","0","0","1","0"
"0.36","18","Emberiza schoeniclus","0","0","1","0"
"0.36","18","Ichthyaetus melanocephalus","0","0","1","0"
"0.36","18","Rallus aquaticus","0","0","1","0"
"0.36","18","Burhinus oedicnemus","0","0","1","0"
"0.36","18","Passer hispaniolensis","0","0","1","0"
"0.36","18","Tringa nebularia","0","0","1","0"
"0.36","18","Falco peregrinus","0","0","1","0"
"0.36","18","Morus bassanus","0","0","1","0"
"0.36","18","Falco naumanni","0","0","1","0"
"0.36","18","Aegypius monachus","0","0","1","0"
"0.36","18","Sternula albifrons","0","0","1","0"
"0.36","18","Cecropis daurica","0","0","1","0"
"0.36","18","Columba oenas","0","0","1","0"
"0.36","18","Chlidonias hybrida","0","0","1","0"
"0.36","18","Anthus pratensis","0","0","1","0"
"0.36","18","Monticola solitarius","0","0","1","0"
"0.36","18","Pandion haliaetus","0","0","1","0"
"0.36","18","Thalasseus sandvicensis","0","0","1","0"
"0.36","18","Gelochelidon nilotica","0","0","1","0"
"0.36","18","Calidris pugnax","0","0","1","0"
"0.36","18","Strix aluco","0","0","1","0"
"0.36","18","Limosa limosa","0","0","1","0"
"0.36","18","Phylloscopus ibericus","0","0","1","0"
"0.36","18","Ardeola ralloides","0","0","1","0"
"0.36","18","Chlidonias niger","0","0","1","0"
"0.36","18","Charadrius hiaticula","0","0","1","0"
"0.36","18","Dryocopus martius","0","0","1","0"
"0.36","18","Athene noctua","0","0","1","0"
"0.36","18","Platalea leucorodia","0","0","1","0"
"0.36","18","Anas crecca","0","0","1","0"
"0.36","18","Otus scops","0","0","1","0"
"0.36","19","Turdus merula","0","0","1","0"
"0.36","19","Apus apus","0","0","1","0"
"0.36","19","Fringilla coelebs","0","0","1","0"
"0.36","19","Columba palumbus","0","0","1","0"
"0.36","19","Hirundo rustica","0","0","1","0"
"0.36","19","Passer domesticus","0","0","1","0"
"0.36","19","Sylvia atricapilla","0","0","1","0"
"0.36","19","Corvus corone","0","0","1","0"
"0.36","19","Pica pica","0","0","1","0"
"0.36","19","Carduelis carduelis","0","0","1","0"
"0.36","19","Serinus serinus","0","0","1","0"
"0.36","19","Parus major","0","0","1","0"
"0.36","19","Streptopelia decaocto","0","0","1","0"
"0.36","19","Milvus migrans","0","0","1","0"
"0.36","19","Delichon urbicum","0","0","1","0"
"0.36","19","Phoenicurus ochruros","0","0","1","0"
"0.36","19","Erithacus rubecula","0","0","1","0"
"0.36","19","Gyps fulvus","0","0","1","0"
"0.36","19","Motacilla alba","0","0","1","0"
"0.36","19","Garrulus glandarius","0","0","1","0"
"0.36","19","Cyanistes caeruleus","0","0","1","0"
"0.36","19","Chloris chloris","0","0","1","0"
"0.36","19","Emberiza cirlus","0","0","1","0"
"0.36","19","Troglodytes troglodytes","0","0","1","0"
"0.36","19","Luscinia megarhynchos","0","0","0","1"
"0.36","19","Oriolus oriolus","0","0","1","0"
"0.36","19","Columba livia","0","0","1","0"
"0.36","19","Falco tinnunculus","0","0","1","0"
"0.36","19","Cuculus canorus","0","0","1","0"
"0.36","19","Buteo buteo","0","0","1","0"
"0.36","19","Sturnus vulgaris","0","0","1","0"
"0.36","19","Phylloscopus bonelli","0","0","1","0"
"0.36","19","Periparus ater","0","0","1","0"
"0.36","19","Linaria cannabina","0","0","1","0"
"0.36","19","Hippolais polyglotta","0","0","1","0"
"0.36","19","Larus michahellis","0","0","1","0"
"0.36","19","Merops apiaster","0","0","1","0"
"0.36","19","Anas platyrhynchos","0","0","1","0"
"0.36","19","Ptyonoprogne rupestris","0","0","1","0"
"0.36","19","Certhia brachydactyla","0","0","1","0"
"0.36","19","Saxicola rubicola","0","0","1","0"
"0.36","19","Ardea cinerea","0","0","1","0"
"0.36","19","Dendrocopos major","0","0","1","0"
"0.36","19","Streptopelia turtur","0","0","1","0"
"0.36","19","Picus viridis","0","0","1","0"
"0.36","19","Upupa epops","0","0","1","0"
"0.36","19","Emberiza calandra","0","0","1","0"
"0.36","19","Regulus ignicapilla","0","0","1","0"
"0.36","19","Corvus corax","0","0","1","0"
"0.36","19","Aegithalos caudatus","0","0","1","0"
"0.36","19","Alauda arvensis","0","0","1","0"
"0.36","19","Turdus viscivorus","0","0","1","0"
"0.36","19","Turdus philomelos","0","0","1","0"
"0.36","19","Sitta europaea","0","0","1","0"
"0.36","19","Lullula arborea","0","0","1","0"
"0.36","19","Pyrrhocorax pyrrhocorax","0","0","1","0"
"0.36","19","Galerida cristata","0","0","1","0"
"0.36","19","Phylloscopus collybita","0","0","1","0"
"0.36","19","Petronia petronia","0","0","1","0"
"0.36","19","Cettia cetti","0","0","1","0"
"0.36","19","Lophophanes cristatus","0","0","1","0"
"0.36","19","Fulica atra","0","0","1","0"
"0.36","19","Curruca melanocephala","0","0","1","0"
"0.36","19","Egretta garzetta","0","0","1","0"
"0.36","19","Lanius collurio","0","0","1","0"
"0.36","19","Cisticola juncidis","0","0","1","0"
"0.36","19","Curruca communis","0","0","1","0"
"0.36","19","Circaetus gallicus","0","0","1","0"
"0.36","19","Carduelis citrinella","0","0","1","0"
"0.36","19","Phalacrocorax carbo","0","0","1","0"
"0.36","19","Gallinula chloropus","0","0","1","0"
"0.36","19","Milvus milvus","0","0","1","0"
"0.36","19","Oenanthe oenanthe","0","0","1","0"
"0.36","19","Hieraaetus pennatus","0","0","1","0"
"0.36","19","Phoenicurus phoenicurus","0","0","1","0"
"0.36","19","Chroicocephalus ridibundus","0","0","1","0"
"0.36","19","Ciconia ciconia","0","0","1","0"
"0.36","19","Picus sharpei","0","0","1","0"
"0.36","19","Corvus monedula","0","0","1","0"
"0.36","19","Motacilla cinerea","0","0","1","0"
"0.36","19","Lanius senator","0","0","1","0"
"0.36","19","Himantopus himantopus","0","0","1","0"
"0.36","19","Acrocephalus scirpaceus","0","0","1","0"
"0.36","19","Emberiza cia","0","0","1","0"
"0.36","19","Prunella modularis","0","0","1","0"
"0.36","19","Bubulcus ibis","0","0","1","0"
"0.36","19","Curruca iberiae","0","0","1","0"
"0.36","19","Coturnix coturnix","0","0","1","0"
"0.36","19","Alectoris rufa","0","0","1","0"
"0.36","19","Emberiza citrinella","0","0","1","0"
"0.36","19","Circus aeruginosus","0","0","1","0"
"0.36","19","Sturnus unicolor","0","0","1","0"
"0.36","19","Motacilla flava","0","0","1","0"
"0.36","19","Muscicapa striata","0","0","1","0"
"0.36","19","Pernis apivorus","0","0","1","0"
"0.36","19","Acrocephalus arundinaceus","0","0","1","0"
"0.36","19","Sterna hirundo","0","0","1","0"
"0.36","19","Passer montanus","0","0","1","0"
"0.36","19","Podiceps cristatus","0","0","1","0"
"0.36","19","Anthus trivialis","0","0","1","0"
"0.36","19","Ardea purpurea","0","0","1","0"
"0.36","19","Sylvia borin","0","0","1","0"
"0.36","19","Tachybaptus ruficollis","0","0","1","0"
"0.36","19","Falco subbuteo","0","0","1","0"
"0.36","19","Charadrius dubius","0","0","1","0"
"0.36","19","Curruca undata","0","0","1","0"
"0.36","19","Apus melba","0","0","1","0"
"0.36","19","Pyrrhula pyrrhula","0","0","1","0"
"0.36","19","Recurvirostra avosetta","0","0","1","0"
"0.36","19","Tadorna tadorna","0","0","1","0"
"0.36","19","Riparia riparia","0","0","1","0"
"0.36","19","Anthus campestris","0","0","1","0"
"0.36","19","Netta rufina","0","0","1","0"
"0.36","19","Circus pygargus","0","0","1","0"
"0.36","19","Cinclus cinclus","0","0","1","0"
"0.36","19","Poecile palustris","0","0","1","0"
"0.36","19","Galerida theklae","0","0","1","0"
"0.36","19","Aquila chrysaetos","0","0","1","0"
"0.36","19","Actitis hypoleucos","0","0","1","0"
"0.36","19","Pyrrhocorax graculus","0","0","1","0"
"0.36","19","Aythya ferina","0","0","1","0"
"0.36","19","Alcedo atthis","0","0","1","0"
"0.36","19","Burhinus oedicnemus","0","0","1","0"
"0.36","19","Accipiter nisus","0","0","1","0"
"0.36","19","Sternula albifrons","0","0","1","0"
"0.36","19","Anthus spinoletta","0","0","1","0"
"0.36","19","Nycticorax nycticorax","0","0","1","0"
"0.36","19","Melanocorypha calandra","0","0","1","0"
"0.36","19","Vanellus vanellus","0","0","1","0"
"0.36","19","Coccothraustes coccothraustes","0","0","1","0"
"0.36","19","Phasianus colchicus","0","0","1","0"
"0.36","19","Cygnus olor","0","0","1","0"
"0.36","19","Saxicola rubetra","0","0","1","0"
"0.36","19","Loxia curvirostra","0","0","1","0"
"0.36","19","Emberiza schoeniclus","0","0","1","0"
"0.36","19","Mareca strepera","0","0","1","0"
"0.36","19","Tringa ochropus","0","0","1","0"
"0.36","19","Phoenicopterus roseus","0","0","1","0"
"0.36","19","Plegadis falcinellus","0","0","1","0"
"0.36","19","Ardea alba","0","0","1","0"
"0.36","19","Columba oenas","0","0","1","0"
"0.36","19","Strix aluco","0","0","1","0"
"0.36","19","Tringa totanus","0","0","1","0"
"0.36","19","Ichthyaetus melanocephalus","0","0","1","0"
"0.36","19","Regulus regulus","0","0","1","0"
"0.36","19","Coracias garrulus","0","0","1","0"
"0.36","19","Passer hispaniolensis","0","0","1","0"
"0.36","19","Falco naumanni","0","0","1","0"
"0.36","19","Cecropis daurica","0","0","1","0"
"0.36","19","Psittacula krameri","0","0","1","0"
"0.36","19","Rallus aquaticus","0","0","1","0"
"0.36","19","Athene noctua","0","0","1","0"
"0.36","19","Platalea leucorodia","0","0","1","0"
"0.36","19","Lanius meridionalis","0","0","1","0"
"0.36","19","Chlidonias niger","0","0","1","0"
"0.36","19","Otus scops","0","0","1","0"
"0.36","19","Jynx torquilla","0","0","1","0"
"0.36","20","Turdus merula","0","0","0","1"
"0.36","20","Apus apus","0","0","1","0"
"0.36","20","Fringilla coelebs","1","0","0","0"
"0.36","20","Columba palumbus","0","0","1","0"
"0.36","20","Hirundo rustica","0","0","1","0"
"0.36","20","Passer domesticus","0","0","1","0"
"0.36","20","Sylvia atricapilla","1","0","0","0"
"0.36","20","Corvus corone","0","0","0","1"
"0.36","20","Pica pica","0","0","1","0"
"0.36","20","Carduelis carduelis","0","0","1","0"
"0.36","20","Serinus serinus","0","0","1","0"
"0.36","20","Parus major","0","0","1","0"
"0.36","20","Streptopelia decaocto","0","0","1","0"
"0.36","20","Milvus migrans","0","0","1","0"
"0.36","20","Delichon urbicum","0","0","1","0"
"0.36","20","Phoenicurus ochruros","0","0","1","0"
"0.36","20","Erithacus rubecula","0","0","1","0"
"0.36","20","Gyps fulvus","0","0","1","0"
"0.36","20","Motacilla alba","0","0","1","0"
"0.36","20","Garrulus glandarius","0","0","0","1"
"0.36","20","Cyanistes caeruleus","0","0","1","0"
"0.36","20","Chloris chloris","0","0","1","0"
"0.36","20","Emberiza cirlus","0","0","1","0"
"0.36","20","Troglodytes troglodytes","0","0","1","0"
"0.36","20","Luscinia megarhynchos","1","0","0","0"
"0.36","20","Oriolus oriolus","0","0","0","1"
"0.36","20","Columba livia","0","0","1","0"
"0.36","20","Falco tinnunculus","0","0","1","0"
"0.36","20","Cuculus canorus","0","0","1","0"
"0.36","20","Buteo buteo","0","0","1","0"
"0.36","20","Sturnus vulgaris","0","0","1","0"
"0.36","20","Phylloscopus bonelli","0","0","1","0"
"0.36","20","Periparus ater","0","0","1","0"
"0.36","20","Linaria cannabina","0","0","1","0"
"0.36","20","Hippolais polyglotta","0","0","1","0"
"0.36","20","Larus michahellis","0","0","1","0"
"0.36","20","Merops apiaster","0","0","1","0"
"0.36","20","Anas platyrhynchos","0","0","1","0"
"0.36","20","Ptyonoprogne rupestris","0","0","1","0"
"0.36","20","Certhia brachydactyla","0","0","1","0"
"0.36","20","Saxicola rubicola","0","0","1","0"
"0.36","20","Ardea cinerea","0","0","1","0"
"0.36","20","Dendrocopos major","0","0","1","0"
"0.36","20","Streptopelia turtur","0","0","1","0"
"0.36","20","Picus viridis","0","0","1","0"
"0.36","20","Upupa epops","0","0","1","0"
"0.36","20","Emberiza calandra","0","0","0","1"
"0.36","20","Regulus ignicapilla","0","0","1","0"
"0.36","20","Corvus corax","0","0","1","0"
"0.36","20","Aegithalos caudatus","0","0","1","0"
"0.36","20","Alauda arvensis","0","0","1","0"
"0.36","20","Turdus viscivorus","0","0","1","0"
"0.36","20","Turdus philomelos","0","0","1","0"
"0.36","20","Sitta europaea","0","0","1","0"
"0.36","20","Lullula arborea","0","0","1","0"
"0.36","20","Pyrrhocorax pyrrhocorax","0","0","1","0"
"0.36","20","Galerida cristata","0","0","1","0"
"0.36","20","Phylloscopus collybita","0","0","1","0"
"0.36","20","Petronia petronia","0","0","1","0"
"0.36","20","Cettia cetti","0","0","1","0"
"0.36","20","Lophophanes cristatus","0","0","1","0"
"0.36","20","Fulica atra","0","0","1","0"
"0.36","20","Curruca melanocephala","0","0","1","0"
"0.36","20","Egretta garzetta","0","0","1","0"
"0.36","20","Lanius collurio","0","0","1","0"
"0.36","20","Cisticola juncidis","0","0","1","0"
"0.36","20","Curruca communis","0","0","0","1"
"0.36","20","Circaetus gallicus","0","0","1","0"
"0.36","20","Carduelis citrinella","0","0","1","0"
"0.36","20","Phalacrocorax carbo","0","0","1","0"
"0.36","20","Gallinula chloropus","0","0","1","0"
"0.36","20","Milvus milvus","0","0","1","0"
"0.36","20","Oenanthe oenanthe","0","0","1","0"
"0.36","20","Hieraaetus pennatus","0","0","1","0"
"0.36","20","Phoenicurus phoenicurus","0","0","1","0"
"0.36","20","Chroicocephalus ridibundus","0","0","1","0"
"0.36","20","Ciconia ciconia","0","0","1","0"
"0.36","20","Picus sharpei","0","0","1","0"
"0.36","20","Corvus monedula","0","0","1","0"
"0.36","20","Motacilla cinerea","0","0","1","0"
"0.36","20","Lanius senator","0","0","1","0"
"0.36","20","Himantopus himantopus","0","0","1","0"
"0.36","20","Acrocephalus scirpaceus","0","0","1","0"
"0.36","20","Emberiza cia","0","0","1","0"
"0.36","20","Prunella modularis","0","0","1","0"
"0.36","20","Bubulcus ibis","0","0","1","0"
"0.36","20","Curruca iberiae","0","0","1","0"
"0.36","20","Coturnix coturnix","0","0","1","0"
"0.36","20","Alectoris rufa","0","0","1","0"
"0.36","20","Emberiza citrinella","0","0","1","0"
"0.36","20","Circus aeruginosus","0","0","1","0"
"0.36","20","Sturnus unicolor","0","0","1","0"
"0.36","20","Motacilla flava","0","0","1","0"
"0.36","20","Muscicapa striata","0","0","1","0"
"0.36","20","Pernis apivorus","0","0","1","0"
"0.36","20","Acrocephalus arundinaceus","0","0","1","0"
"0.36","20","Sterna hirundo","0","0","1","0"
"0.36","20","Passer montanus","0","0","1","0"
"0.36","20","Podiceps cristatus","0","0","1","0"
"0.36","20","Anthus trivialis","0","0","1","0"
"0.36","20","Ardea purpurea","0","0","1","0"
"0.36","20","Sylvia borin","0","0","1","0"
"0.36","20","Tachybaptus ruficollis","0","0","1","0"
"0.36","20","Falco subbuteo","0","0","1","0"
"0.36","20","Charadrius dubius","0","0","1","0"
"0.36","20","Curruca undata","0","0","1","0"
"0.36","20","Apus melba","0","0","1","0"
"0.36","20","Pyrrhula pyrrhula","0","0","1","0"
"0.36","20","Recurvirostra avosetta","0","0","1","0"
"0.36","20","Tadorna tadorna","0","0","1","0"
"0.36","20","Riparia riparia","0","0","1","0"
"0.36","20","Anthus campestris","0","0","1","0"
"0.36","20","Netta rufina","0","0","1","0"
"0.36","20","Circus pygargus","0","0","1","0"
"0.36","20","Cinclus cinclus","0","0","1","0"
"0.36","20","Poecile palustris","0","0","1","0"
"0.36","20","Galerida theklae","0","0","1","0"
"0.36","20","Aquila chrysaetos","0","0","1","0"
"0.36","20","Actitis hypoleucos","0","0","1","0"
"0.36","20","Pyrrhocorax graculus","0","0","1","0"
"0.36","20","Aythya ferina","0","0","1","0"
"0.36","20","Alcedo atthis","0","0","1","0"
"0.36","20","Burhinus oedicnemus","0","0","1","0"
"0.36","20","Accipiter nisus","0","0","1","0"
"0.36","20","Sternula albifrons","0","0","1","0"
"0.36","20","Anthus spinoletta","0","0","1","0"
"0.36","20","Nycticorax nycticorax","0","0","1","0"
"0.36","20","Melanocorypha calandra","0","0","1","0"
"0.36","20","Vanellus vanellus","0","0","1","0"
"0.36","20","Coccothraustes coccothraustes","0","0","1","0"
"0.36","20","Phasianus colchicus","0","0","1","0"
"0.36","20","Cygnus olor","0","0","1","0"
"0.36","20","Saxicola rubetra","0","0","1","0"
"0.36","20","Loxia curvirostra","0","0","1","0"
"0.36","20","Emberiza schoeniclus","0","0","1","0"
"0.36","20","Mareca strepera","0","0","1","0"
"0.36","20","Tringa ochropus","0","0","1","0"
"0.36","20","Phoenicopterus roseus","0","0","1","0"
"0.36","20","Plegadis falcinellus","0","0","1","0"
"0.36","20","Ardea alba","0","0","1","0"
"0.36","20","Columba oenas","0","0","1","0"
"0.36","20","Strix aluco","0","0","1","0"
"0.36","20","Tringa totanus","0","0","1","0"
"0.36","20","Ichthyaetus melanocephalus","0","0","1","0"
"0.36","20","Regulus regulus","0","0","1","0"
"0.36","20","Coracias garrulus","0","0","1","0"
"0.36","20","Passer hispaniolensis","0","0","1","0"
"0.36","20","Falco naumanni","0","0","1","0"
"0.36","20","Cecropis daurica","0","0","1","0"
"0.36","20","Psittacula krameri","0","0","1","0"
"0.36","20","Rallus aquaticus","0","0","1","0"
"0.36","20","Athene noctua","0","0","1","0"
"0.36","20","Platalea leucorodia","0","0","1","0"
"0.36","20","Lanius meridionalis","0","0","1","0"
"0.36","20","Chlidonias niger","0","0","1","0"
"0.36","20","Otus scops","0","0","1","0"
"0.36","20","Jynx torquilla","0","0","1","0"
"0.36","21","Turdus merula","0","0","0","1"
"0.36","21","Apus apus","0","0","1","0"
"0.36","21","Fringilla coelebs","0","0","1","0"
"0.36","21","Columba palumbus","0","0","1","0"
"0.36","21","Hirundo rustica","0","0","1","0"
"0.36","21","Passer domesticus","0","0","1","0"
"0.36","21","Sylvia atricapilla","1","0","0","0"
"0.36","21","Corvus corone","0","0","0","1"
"0.36","21","Pica pica","0","0","1","0"
"0.36","21","Carduelis carduelis","0","0","1","0"
"0.36","21","Serinus serinus","0","0","1","0"
"0.36","21","Parus major","0","0","1","0"
"0.36","21","Streptopelia decaocto","0","0","1","0"
"0.36","21","Milvus migrans","0","0","1","0"
"0.36","21","Delichon urbicum","0","0","1","0"
"0.36","21","Phoenicurus ochruros","0","0","1","0"
"0.36","21","Erithacus rubecula","0","0","1","0"
"0.36","21","Gyps fulvus","0","0","1","0"
"0.36","21","Motacilla alba","0","0","1","0"
"0.36","21","Garrulus glandarius","0","0","1","0"
"0.36","21","Cyanistes caeruleus","0","0","1","0"
"0.36","21","Chloris chloris","0","0","1","0"
"0.36","21","Emberiza cirlus","0","0","1","0"
"0.36","21","Troglodytes troglodytes","0","0","1","0"
"0.36","21","Luscinia megarhynchos","0","0","1","0"
"0.36","21","Oriolus oriolus","0","0","1","0"
"0.36","21","Columba livia","0","0","1","0"
"0.36","21","Falco tinnunculus","0","0","1","0"
"0.36","21","Cuculus canorus","0","0","1","0"
"0.36","21","Buteo buteo","0","0","1","0"
"0.36","21","Sturnus vulgaris","0","0","1","0"
"0.36","21","Phylloscopus bonelli","0","0","1","0"
"0.36","21","Periparus ater","0","0","1","0"
"0.36","21","Linaria cannabina","0","0","1","0"
"0.36","21","Hippolais polyglotta","0","0","1","0"
"0.36","21","Larus michahellis","0","0","1","0"
"0.36","21","Merops apiaster","0","0","1","0"
"0.36","21","Anas platyrhynchos","0","0","1","0"
"0.36","21","Ptyonoprogne rupestris","0","0","1","0"
"0.36","21","Certhia brachydactyla","0","0","1","0"
"0.36","21","Saxicola rubicola","0","0","1","0"
"0.36","21","Ardea cinerea","0","0","1","0"
"0.36","21","Dendrocopos major","0","0","1","0"
"0.36","21","Streptopelia turtur","0","0","1","0"
"0.36","21","Picus viridis","0","0","1","0"
"0.36","21","Upupa epops","0","0","1","0"
"0.36","21","Emberiza calandra","0","0","0","1"
"0.36","21","Regulus ignicapilla","0","0","1","0"
"0.36","21","Corvus corax","0","0","1","0"
"0.36","21","Aegithalos caudatus","0","0","1","0"
"0.36","21","Alauda arvensis","0","0","1","0"
"0.36","21","Turdus viscivorus","0","0","1","0"
"0.36","21","Turdus philomelos","0","0","1","0"
"0.36","21","Sitta europaea","0","0","1","0"
"0.36","21","Lullula arborea","0","0","1","0"
"0.36","21","Pyrrhocorax pyrrhocorax","0","0","1","0"
"0.36","21","Galerida cristata","0","0","1","0"
"0.36","21","Phylloscopus collybita","0","0","1","0"
"0.36","21","Petronia petronia","0","0","1","0"
"0.36","21","Cettia cetti","0","0","1","0"
"0.36","21","Lophophanes cristatus","0","0","1","0"
"0.36","21","Fulica atra","0","0","1","0"
"0.36","21","Curruca melanocephala","0","0","1","0"
"0.36","21","Egretta garzetta","0","0","1","0"
"0.36","21","Lanius collurio","0","0","1","0"
"0.36","21","Cisticola juncidis","0","0","1","0"
"0.36","21","Curruca communis","0","0","1","0"
"0.36","21","Circaetus gallicus","0","0","1","0"
"0.36","21","Carduelis citrinella","0","0","1","0"
"0.36","21","Phalacrocorax carbo","0","0","1","0"
"0.36","21","Gallinula chloropus","0","0","1","0"
"0.36","21","Milvus milvus","0","0","1","0"
"0.36","21","Oenanthe oenanthe","0","0","1","0"
"0.36","21","Hieraaetus pennatus","0","0","1","0"
"0.36","21","Phoenicurus phoenicurus","0","0","1","0"
"0.36","21","Chroicocephalus ridibundus","0","0","1","0"
"0.36","21","Ciconia ciconia","0","0","1","0"
"0.36","21","Picus sharpei","0","0","1","0"
"0.36","21","Corvus monedula","0","0","1","0"
"0.36","21","Motacilla cinerea","0","0","1","0"
"0.36","21","Lanius senator","0","0","1","0"
"0.36","21","Himantopus himantopus","0","0","1","0"
"0.36","21","Acrocephalus scirpaceus","0","0","1","0"
"0.36","21","Emberiza cia","0","0","1","0"
"0.36","21","Prunella modularis","0","0","1","0"
"0.36","21","Bubulcus ibis","0","0","1","0"
"0.36","21","Curruca iberiae","0","0","1","0"
"0.36","21","Coturnix coturnix","0","0","1","0"
"0.36","21","Alectoris rufa","0","0","1","0"
"0.36","21","Emberiza citrinella","1","0","0","0"
"0.36","21","Circus aeruginosus","0","0","1","0"
"0.36","21","Sturnus unicolor","0","0","1","0"
"0.36","21","Motacilla flava","0","0","1","0"
"0.36","21","Muscicapa striata","0","0","1","0"
"0.36","21","Pernis apivorus","0","0","1","0"
"0.36","21","Acrocephalus arundinaceus","0","0","1","0"
"0.36","21","Sterna hirundo","0","0","1","0"
"0.36","21","Passer montanus","0","0","1","0"
"0.36","21","Podiceps cristatus","0","0","1","0"
"0.36","21","Anthus trivialis","0","0","1","0"
"0.36","21","Ardea purpurea","0","0","1","0"
"0.36","21","Sylvia borin","0","0","1","0"
"0.36","21","Tachybaptus ruficollis","0","0","1","0"
"0.36","21","Falco subbuteo","0","0","1","0"
"0.36","21","Charadrius dubius","0","0","1","0"
"0.36","21","Curruca undata","0","0","1","0"
"0.36","21","Apus melba","0","0","1","0"
"0.36","21","Pyrrhula pyrrhula","0","0","1","0"
"0.36","21","Recurvirostra avosetta","0","0","1","0"
"0.36","21","Tadorna tadorna","0","0","1","0"
"0.36","21","Riparia riparia","0","0","1","0"
"0.36","21","Anthus campestris","0","0","1","0"
"0.36","21","Netta rufina","0","0","1","0"
"0.36","21","Circus pygargus","0","0","1","0"
"0.36","21","Cinclus cinclus","0","0","1","0"
"0.36","21","Poecile palustris","0","0","1","0"
"0.36","21","Galerida theklae","0","0","1","0"
"0.36","21","Aquila chrysaetos","0","0","1","0"
"0.36","21","Actitis hypoleucos","0","0","1","0"
"0.36","21","Pyrrhocorax graculus","0","0","1","0"
"0.36","21","Aythya ferina","0","0","1","0"
"0.36","21","Alcedo atthis","0","0","1","0"
"0.36","21","Burhinus oedicnemus","0","0","1","0"
"0.36","21","Accipiter nisus","0","0","1","0"
"0.36","21","Sternula albifrons","0","0","1","0"
"0.36","21","Anthus spinoletta","0","0","1","0"
"0.36","21","Nycticorax nycticorax","0","0","1","0"
"0.36","21","Melanocorypha calandra","0","0","1","0"
"0.36","21","Vanellus vanellus","0","0","1","0"
"0.36","21","Coccothraustes coccothraustes","0","0","1","0"
"0.36","21","Phasianus colchicus","0","0","1","0"
"0.36","21","Cygnus olor","0","0","1","0"
"0.36","21","Saxicola rubetra","0","0","1","0"
"0.36","21","Loxia curvirostra","0","0","1","0"
"0.36","21","Emberiza schoeniclus","0","0","1","0"
"0.36","21","Mareca strepera","0","0","1","0"
"0.36","21","Tringa ochropus","0","0","1","0"
"0.36","21","Phoenicopterus roseus","0","0","1","0"
"0.36","21","Plegadis falcinellus","0","0","1","0"
"0.36","21","Ardea alba","0","0","1","0"
"0.36","21","Columba oenas","0","0","1","0"
"0.36","21","Strix aluco","0","0","1","0"
"0.36","21","Tringa totanus","0","0","1","0"
"0.36","21","Ichthyaetus melanocephalus","0","0","1","0"
"0.36","21","Regulus regulus","0","0","1","0"
"0.36","21","Coracias garrulus","0","0","1","0"
"0.36","21","Passer hispaniolensis","0","0","1","0"
"0.36","21","Falco naumanni","0","0","1","0"
"0.36","21","Cecropis daurica","0","0","1","0"
"0.36","21","Psittacula krameri","0","0","1","0"
"0.36","21","Rallus aquaticus","0","0","1","0"
"0.36","21","Athene noctua","0","0","1","0"
"0.36","21","Platalea leucorodia","0","0","1","0"
"0.36","21","Lanius meridionalis","0","0","1","0"
"0.36","21","Chlidonias niger","0","0","1","0"
"0.36","21","Otus scops","0","0","1","0"
"0.36","21","Jynx torquilla","0","0","1","0"
"0.36","22","Turdus merula","0","0","1","0"
"0.36","22","Hirundo rustica","0","0","1","0"
"0.36","22","Fringilla coelebs","0","0","1","0"
"0.36","22","Columba palumbus","0","0","1","0"
"0.36","22","Sylvia atricapilla","0","0","1","0"
"0.36","22","Apus apus","0","0","1","0"
"0.36","22","Corvus corone","0","0","1","0"
"0.36","22","Passer domesticus","0","0","1","0"
"0.36","22","Parus major","0","0","1","0"
"0.36","22","Pica pica","0","0","1","0"
"0.36","22","Carduelis carduelis","0","0","1","0"
"0.36","22","Serinus serinus","0","0","1","0"
"0.36","22","Streptopelia decaocto","0","0","1","0"
"0.36","22","Milvus migrans","0","0","1","0"
"0.36","22","Luscinia megarhynchos","1","0","0","0"
"0.36","22","Erithacus rubecula","0","0","1","0"
"0.36","22","Cuculus canorus","0","0","1","0"
"0.36","22","Cyanistes caeruleus","0","0","1","0"
"0.36","22","Phoenicurus ochruros","0","0","1","0"
"0.36","22","Delichon urbicum","0","0","1","0"
"0.36","22","Garrulus glandarius","0","0","1","0"
"0.36","22","Motacilla alba","0","0","1","0"
"0.36","22","Gyps fulvus","0","0","1","0"
"0.36","22","Chloris chloris","0","0","1","0"
"0.36","22","Anas platyrhynchos","0","0","1","0"
"0.36","22","Troglodytes troglodytes","0","0","1","0"
"0.36","22","Falco tinnunculus","0","0","1","0"
"0.36","22","Sturnus vulgaris","0","0","1","0"
"0.36","22","Emberiza cirlus","0","0","1","0"
"0.36","22","Columba livia","0","0","1","0"
"0.36","22","Buteo buteo","0","0","1","0"
"0.36","22","Phylloscopus bonelli","0","0","1","0"
"0.36","22","Larus michahellis","0","0","1","0"
"0.36","22","Linaria cannabina","0","0","1","0"
"0.36","22","Periparus ater","0","0","1","0"
"0.36","22","Merops apiaster","0","0","1","0"
"0.36","22","Oriolus oriolus","0","0","1","0"
"0.36","22","Ardea cinerea","0","0","1","0"
"0.36","22","Upupa epops","0","0","1","0"
"0.36","22","Certhia brachydactyla","0","0","1","0"
"0.36","22","Saxicola rubicola","0","0","1","0"
"0.36","22","Dendrocopos major","0","0","1","0"
"0.36","22","Hippolais polyglotta","0","0","1","0"
"0.36","22","Corvus corax","0","0","1","0"
"0.36","22","Aegithalos caudatus","0","0","1","0"
"0.36","22","Regulus ignicapilla","0","0","1","0"
"0.36","22","Emberiza calandra","0","0","1","0"
"0.36","22","Cettia cetti","0","0","1","0"
"0.36","22","Ptyonoprogne rupestris","0","0","1","0"
"0.36","22","Picus viridis","0","0","1","0"
"0.36","22","Sitta europaea","0","0","1","0"
"0.36","22","Turdus viscivorus","0","0","1","0"
"0.36","22","Egretta garzetta","0","0","1","0"
"0.36","22","Phalacrocorax carbo","0","0","1","0"
"0.36","22","Streptopelia turtur","0","0","1","0"
"0.36","22","Fulica atra","0","0","1","0"
"0.36","22","Phylloscopus collybita","0","0","1","0"
"0.36","22","Curruca melanocephala","0","0","1","0"
"0.36","22","Lullula arborea","0","0","0","1"
"0.36","22","Motacilla flava","0","0","1","0"
"0.36","22","Pyrrhocorax pyrrhocorax","0","0","1","0"
"0.36","22","Gallinula chloropus","0","0","1","0"
"0.36","22","Galerida cristata","0","0","1","0"
"0.36","22","Curruca communis","0","0","1","0"
"0.36","22","Turdus philomelos","0","0","1","0"
"0.36","22","Lophophanes cristatus","0","0","1","0"
"0.36","22","Oenanthe oenanthe","0","0","1","0"
"0.36","22","Petronia petronia","0","0","1","0"
"0.36","22","Milvus milvus","0","0","1","0"
"0.36","22","Cisticola juncidis","0","0","1","0"
"0.36","22","Alauda arvensis","0","0","1","0"
"0.36","22","Phoenicurus phoenicurus","0","0","1","0"
"0.36","22","Circaetus gallicus","0","0","1","0"
"0.36","22","Circus aeruginosus","0","0","1","0"
"0.36","22","Corvus monedula","0","0","1","0"
"0.36","22","Picus sharpei","0","0","1","0"
"0.36","22","Ciconia ciconia","0","0","1","0"
"0.36","22","Hieraaetus pennatus","0","0","1","0"
"0.36","22","Himantopus himantopus","0","0","1","0"
"0.36","22","Carduelis citrinella","0","0","1","0"
"0.36","22","Sturnus unicolor","0","0","1","0"
"0.36","22","Curruca iberiae","0","0","1","0"
"0.36","22","Prunella modularis","0","0","1","0"
"0.36","22","Motacilla cinerea","0","0","1","0"
"0.36","22","Podiceps cristatus","0","0","1","0"
"0.36","22","Lanius senator","0","0","1","0"
"0.36","22","Anthus trivialis","0","0","1","0"
"0.36","22","Bubulcus ibis","0","0","1","0"
"0.36","22","Acrocephalus scirpaceus","0","0","1","0"
"0.36","22","Emberiza cia","0","0","1","0"
"0.36","22","Alectoris rufa","0","0","1","0"
"0.36","22","Chroicocephalus ridibundus","0","0","1","0"
"0.36","22","Lanius collurio","0","0","1","0"
"0.36","22","Actitis hypoleucos","0","0","1","0"
"0.36","22","Muscicapa striata","0","0","1","0"
"0.36","22","Ardea purpurea","0","0","1","0"
"0.36","22","Acrocephalus arundinaceus","0","0","1","0"
"0.36","22","Pernis apivorus","0","0","1","0"
"0.36","22","Tachybaptus ruficollis","0","0","1","0"
"0.36","22","Passer montanus","0","0","1","0"
"0.36","22","Charadrius dubius","0","0","1","0"
"0.36","22","Tadorna tadorna","0","0","1","0"
"0.36","22","Sterna hirundo","0","0","1","0"
"0.36","22","Emberiza citrinella","0","0","1","0"
"0.36","22","Saxicola rubetra","0","0","1","0"
"0.36","22","Riparia riparia","0","0","1","0"
"0.36","22","Apus melba","0","0","1","0"
"0.36","22","Falco subbuteo","0","0","1","0"
"0.36","22","Netta rufina","0","0","1","0"
"0.36","22","Pyrrhula pyrrhula","0","0","1","0"
"0.36","22","Coturnix coturnix","0","0","1","0"
"0.36","22","Recurvirostra avosetta","0","0","1","0"
"0.36","22","Sylvia borin","0","0","1","0"
"0.36","22","Curruca undata","0","0","1","0"
"0.36","22","Poecile palustris","0","0","1","0"
"0.36","22","Ardea alba","0","0","1","0"
"0.36","22","Accipiter nisus","0","0","1","0"
"0.36","22","Mareca strepera","0","0","1","0"
"0.36","22","Ficedula hypoleuca","0","0","1","0"
"0.36","22","Phasianus colchicus","0","0","1","0"
"0.36","22","Phylloscopus trochilus","0","0","1","0"
"0.36","22","Circus pygargus","0","0","1","0"
"0.36","22","Plegadis falcinellus","0","0","1","0"
"0.36","22","Tringa glareola","0","0","1","0"
"0.36","22","Alcedo atthis","0","0","1","0"
"0.36","22","Aythya ferina","0","0","1","0"
"0.36","22","Melanocorypha calandra","0","0","1","0"
"0.36","22","Pyrrhocorax graculus","0","0","1","0"
"0.36","22","Cinclus cinclus","0","0","1","0"
"0.36","22","Spatula clypeata","0","0","1","0"
"0.36","22","Tringa ochropus","0","0","1","0"
"0.36","22","Aquila chrysaetos","0","0","1","0"
"0.36","22","Tringa totanus","0","0","1","0"
"0.36","22","Anthus campestris","0","0","1","0"
"0.36","22","Jynx torquilla","0","0","1","0"
"0.36","22","Cygnus olor","0","0","1","0"
"0.36","22","Coccothraustes coccothraustes","0","0","1","0"
"0.36","22","Anthus spinoletta","0","0","1","0"
"0.36","22","Psittacula krameri","0","0","1","0"
"0.36","22","Vanellus vanellus","0","0","1","0"
"0.36","22","Nycticorax nycticorax","0","0","1","0"
"0.36","22","Phoenicopterus roseus","0","0","1","0"
"0.36","22","Regulus regulus","0","0","1","0"
"0.36","22","Loxia curvirostra","0","0","1","0"
"0.36","22","Podiceps nigricollis","0","0","1","0"
"0.36","22","Galerida theklae","0","0","1","0"
"0.36","22","Emberiza schoeniclus","0","0","1","0"
"0.36","22","Ichthyaetus melanocephalus","0","0","1","0"
"0.36","22","Rallus aquaticus","0","0","1","0"
"0.36","22","Burhinus oedicnemus","0","0","1","0"
"0.36","22","Passer hispaniolensis","0","0","1","0"
"0.36","22","Falco peregrinus","0","0","1","0"
"0.36","22","Tringa nebularia","0","0","1","0"
"0.36","22","Morus bassanus","0","0","1","0"
"0.36","22","Falco naumanni","0","0","1","0"
"0.36","22","Columba oenas","0","0","1","0"
"0.36","22","Sternula albifrons","0","0","1","0"
"0.36","22","Cecropis daurica","0","0","1","0"
"0.36","22","Aegypius monachus","0","0","1","0"
"0.36","22","Chlidonias hybrida","0","0","1","0"
"0.36","22","Monticola solitarius","0","0","1","0"
"0.36","22","Anthus pratensis","0","0","1","0"
"0.36","22","Pandion haliaetus","0","0","1","0"
"0.36","22","Thalasseus sandvicensis","0","0","1","0"
"0.36","22","Gelochelidon nilotica","0","0","1","0"
"0.36","22","Calidris pugnax","0","0","1","0"
"0.36","22","Strix aluco","1","0","0","0"
"0.36","22","Limosa limosa","0","0","1","0"
"0.36","22","Chlidonias niger","0","0","1","0"
"0.36","22","Ardeola ralloides","0","0","1","0"
"0.36","22","Phylloscopus ibericus","0","0","1","0"
"0.36","22","Charadrius hiaticula","0","0","1","0"
"0.36","22","Dryocopus martius","0","0","1","0"
"0.36","22","Athene noctua","0","0","1","0"
"0.36","22","Platalea leucorodia","0","0","1","0"
"0.36","22","Anas crecca","0","0","1","0"
"0.36","22","Otus scops","0","0","0","1"
"0.36","23","Turdus merula","0","0","0","1"
"0.36","23","Hirundo rustica","0","0","1","0"
"0.36","23","Fringilla coelebs","0","0","1","0"
"0.36","23","Columba palumbus","0","0","0","1"
"0.36","23","Sylvia atricapilla","0","0","0","1"
"0.36","23","Apus apus","0","0","1","0"
"0.36","23","Corvus corone","0","0","0","1"
"0.36","23","Passer domesticus","0","0","1","0"
"0.36","23","Parus major","0","0","1","0"
"0.36","23","Pica pica","0","0","1","0"
"0.36","23","Carduelis carduelis","0","0","1","0"
"0.36","23","Serinus serinus","0","0","1","0"
"0.36","23","Streptopelia decaocto","0","0","1","0"
"0.36","23","Milvus migrans","0","0","1","0"
"0.36","23","Luscinia megarhynchos","1","0","0","0"
"0.36","23","Erithacus rubecula","0","0","1","0"
"0.36","23","Cuculus canorus","1","0","0","0"
"0.36","23","Cyanistes caeruleus","0","0","1","0"
"0.36","23","Phoenicurus ochruros","0","0","1","0"
"0.36","23","Delichon urbicum","0","0","1","0"
"0.36","23","Garrulus glandarius","0","0","1","0"
"0.36","23","Motacilla alba","0","0","1","0"
"0.36","23","Gyps fulvus","0","0","1","0"
"0.36","23","Chloris chloris","0","0","1","0"
"0.36","23","Anas platyrhynchos","0","0","1","0"
"0.36","23","Troglodytes troglodytes","0","0","0","1"
"0.36","23","Falco tinnunculus","0","0","1","0"
"0.36","23","Sturnus vulgaris","0","0","1","0"
"0.36","23","Emberiza cirlus","0","0","1","0"
"0.36","23","Columba livia","0","0","1","0"
"0.36","23","Buteo buteo","0","0","1","0"
"0.36","23","Phylloscopus bonelli","0","0","1","0"
"0.36","23","Larus michahellis","0","0","1","0"
"0.36","23","Linaria cannabina","0","0","1","0"
"0.36","23","Periparus ater","0","0","1","0"
"0.36","23","Merops apiaster","0","0","1","0"
"0.36","23","Oriolus oriolus","0","0","0","1"
"0.36","23","Ardea cinerea","0","0","1","0"
"0.36","23","Upupa epops","0","0","0","1"
"0.36","23","Certhia brachydactyla","0","0","1","0"
"0.36","23","Saxicola rubicola","0","0","1","0"
"0.36","23","Dendrocopos major","0","0","1","0"
"0.36","23","Hippolais polyglotta","0","0","1","0"
"0.36","23","Corvus corax","0","0","1","0"
"0.36","23","Aegithalos caudatus","0","0","1","0"
"0.36","23","Regulus ignicapilla","0","0","1","0"
"0.36","23","Emberiza calandra","0","0","0","1"
"0.36","23","Cettia cetti","0","0","1","0"
"0.36","23","Ptyonoprogne rupestris","0","0","1","0"
"0.36","23","Picus viridis","0","0","1","0"
"0.36","23","Sitta europaea","0","0","1","0"
"0.36","23","Turdus viscivorus","0","0","1","0"
"0.36","23","Egretta garzetta","0","0","1","0"
"0.36","23","Phalacrocorax carbo","0","0","1","0"
"0.36","23","Streptopelia turtur","0","0","1","0"
"0.36","23","Fulica atra","0","0","1","0"
"0.36","23","Phylloscopus collybita","0","0","0","1"
"0.36","23","Curruca melanocephala","0","0","1","0"
"0.36","23","Lullula arborea","0","0","0","1"
"0.36","23","Motacilla flava","0","0","1","0"
"0.36","23","Pyrrhocorax pyrrhocorax","0","0","1","0"
"0.36","23","Gallinula chloropus","0","0","1","0"
"0.36","23","Galerida cristata","0","0","1","0"
"0.36","23","Curruca communis","0","0","0","1"
"0.36","23","Turdus philomelos","0","0","1","0"
"0.36","23","Lophophanes cristatus","0","0","1","0"
"0.36","23","Oenanthe oenanthe","0","0","1","0"
"0.36","23","Petronia petronia","0","0","1","0"
"0.36","23","Milvus milvus","0","0","1","0"
"0.36","23","Cisticola juncidis","0","0","1","0"
"0.36","23","Alauda arvensis","0","0","1","0"
"0.36","23","Phoenicurus phoenicurus","0","0","1","0"
"0.36","23","Circaetus gallicus","0","0","1","0"
"0.36","23","Circus aeruginosus","0","0","1","0"
"0.36","23","Corvus monedula","0","0","1","0"
"0.36","23","Picus sharpei","0","0","1","0"
"0.36","23","Ciconia ciconia","0","0","1","0"
"0.36","23","Hieraaetus pennatus","0","0","1","0"
"0.36","23","Himantopus himantopus","0","0","1","0"
"0.36","23","Carduelis citrinella","0","0","1","0"
"0.36","23","Sturnus unicolor","0","0","1","0"
"0.36","23","Curruca iberiae","0","0","1","0"
"0.36","23","Prunella modularis","0","0","1","0"
"0.36","23","Motacilla cinerea","0","0","1","0"
"0.36","23","Podiceps cristatus","0","0","1","0"
"0.36","23","Lanius senator","0","0","1","0"
"0.36","23","Anthus trivialis","0","0","1","0"
"0.36","23","Bubulcus ibis","0","0","1","0"
"0.36","23","Acrocephalus scirpaceus","0","0","1","0"
"0.36","23","Emberiza cia","0","0","1","0"
"0.36","23","Alectoris rufa","0","0","1","0"
"0.36","23","Chroicocephalus ridibundus","0","0","1","0"
"0.36","23","Lanius collurio","0","0","1","0"
"0.36","23","Actitis hypoleucos","0","0","1","0"
"0.36","23","Muscicapa striata","0","0","1","0"
"0.36","23","Ardea purpurea","0","0","1","0"
"0.36","23","Acrocephalus arundinaceus","0","0","1","0"
"0.36","23","Pernis apivorus","0","0","1","0"
"0.36","23","Tachybaptus ruficollis","0","0","1","0"
"0.36","23","Passer montanus","0","0","1","0"
"0.36","23","Charadrius dubius","0","0","1","0"
"0.36","23","Tadorna tadorna","0","0","1","0"
"0.36","23","Sterna hirundo","0","0","1","0"
"0.36","23","Emberiza citrinella","0","0","1","0"
"0.36","23","Saxicola rubetra","0","0","1","0"
"0.36","23","Riparia riparia","0","0","1","0"
"0.36","23","Apus melba","0","0","1","0"
"0.36","23","Falco subbuteo","0","0","1","0"
"0.36","23","Netta rufina","0","0","1","0"
"0.36","23","Pyrrhula pyrrhula","0","0","1","0"
"0.36","23","Coturnix coturnix","0","0","1","0"
"0.36","23","Recurvirostra avosetta","0","0","1","0"
"0.36","23","Sylvia borin","0","0","1","0"
"0.36","23","Curruca undata","0","0","1","0"
"0.36","23","Poecile palustris","0","0","1","0"
"0.36","23","Ardea alba","0","0","1","0"
"0.36","23","Accipiter nisus","0","0","1","0"
"0.36","23","Mareca strepera","0","0","1","0"
"0.36","23","Ficedula hypoleuca","0","0","1","0"
"0.36","23","Phasianus colchicus","0","0","1","0"
"0.36","23","Phylloscopus trochilus","0","0","1","0"
"0.36","23","Circus pygargus","0","0","1","0"
"0.36","23","Plegadis falcinellus","0","0","1","0"
"0.36","23","Tringa glareola","0","0","1","0"
"0.36","23","Alcedo atthis","0","0","1","0"
"0.36","23","Aythya ferina","0","0","1","0"
"0.36","23","Melanocorypha calandra","0","0","1","0"
"0.36","23","Pyrrhocorax graculus","0","0","1","0"
"0.36","23","Cinclus cinclus","0","0","1","0"
"0.36","23","Spatula clypeata","0","0","1","0"
"0.36","23","Tringa ochropus","0","0","1","0"
"0.36","23","Aquila chrysaetos","0","0","1","0"
"0.36","23","Tringa totanus","0","0","1","0"
"0.36","23","Anthus campestris","0","0","1","0"
"0.36","23","Jynx torquilla","0","0","1","0"
"0.36","23","Cygnus olor","0","0","1","0"
"0.36","23","Coccothraustes coccothraustes","0","0","1","0"
"0.36","23","Anthus spinoletta","0","0","1","0"
"0.36","23","Psittacula krameri","0","0","1","0"
"0.36","23","Vanellus vanellus","0","0","1","0"
"0.36","23","Nycticorax nycticorax","0","0","1","0"
"0.36","23","Phoenicopterus roseus","0","0","1","0"
"0.36","23","Regulus regulus","0","0","1","0"
"0.36","23","Loxia curvirostra","0","0","1","0"
"0.36","23","Podiceps nigricollis","0","0","1","0"
"0.36","23","Galerida theklae","0","0","1","0"
"0.36","23","Emberiza schoeniclus","0","0","1","0"
"0.36","23","Ichthyaetus melanocephalus","0","0","1","0"
"0.36","23","Rallus aquaticus","0","0","1","0"
"0.36","23","Burhinus oedicnemus","0","0","1","0"
"0.36","23","Passer hispaniolensis","0","0","1","0"
"0.36","23","Falco peregrinus","0","0","1","0"
"0.36","23","Tringa nebularia","0","0","1","0"
"0.36","23","Morus bassanus","0","0","1","0"
"0.36","23","Falco naumanni","0","0","1","0"
"0.36","23","Columba oenas","0","0","1","0"
"0.36","23","Sternula albifrons","0","0","1","0"
"0.36","23","Cecropis daurica","0","0","1","0"
"0.36","23","Aegypius monachus","0","0","1","0"
"0.36","23","Chlidonias hybrida","0","0","1","0"
"0.36","23","Monticola solitarius","0","0","1","0"
"0.36","23","Anthus pratensis","0","0","1","0"
"0.36","23","Pandion haliaetus","0","0","1","0"
"0.36","23","Thalasseus sandvicensis","0","0","1","0"
"0.36","23","Gelochelidon nilotica","0","0","1","0"
"0.36","23","Calidris pugnax","0","0","1","0"
"0.36","23","Strix aluco","0","0","1","0"
"0.36","23","Limosa limosa","0","0","1","0"
"0.36","23","Chlidonias niger","0","0","1","0"
"0.36","23","Ardeola ralloides","0","0","1","0"
"0.36","23","Phylloscopus ibericus","0","0","1","0"
"0.36","23","Charadrius hiaticula","0","0","1","0"
"0.36","23","Dryocopus martius","0","0","1","0"
"0.36","23","Athene noctua","0","0","1","0"
"0.36","23","Platalea leucorodia","0","0","1","0"
"0.36","23","Anas crecca","0","0","1","0"
"0.36","23","Otus scops","0","0","1","0"
"0.36","24","Turdus merula","0","0","0","1"
"0.36","24","Hirundo rustica","0","0","1","0"
"0.36","24","Fringilla coelebs","0","0","1","0"
"0.36","24","Columba palumbus","0","0","1","0"
"0.36","24","Sylvia atricapilla","0","0","0","1"
"0.36","24","Apus apus","0","0","1","0"
"0.36","24","Corvus corone","0","0","0","1"
"0.36","24","Passer domesticus","0","0","1","0"
"0.36","24","Parus major","0","0","1","0"
"0.36","24","Pica pica","0","0","1","0"
"0.36","24","Carduelis carduelis","0","0","1","0"
"0.36","24","Serinus serinus","0","0","1","0"
"0.36","24","Streptopelia decaocto","0","0","1","0"
"0.36","24","Milvus migrans","0","0","1","0"
"0.36","24","Luscinia megarhynchos","1","0","0","0"
"0.36","24","Erithacus rubecula","0","0","1","0"
"0.36","24","Cuculus canorus","0","0","0","1"
"0.36","24","Cyanistes caeruleus","0","0","1","0"
"0.36","24","Phoenicurus ochruros","0","0","1","0"
"0.36","24","Delichon urbicum","0","0","1","0"
"0.36","24","Garrulus glandarius","0","0","1","0"
"0.36","24","Motacilla alba","0","0","1","0"
"0.36","24","Gyps fulvus","0","0","1","0"
"0.36","24","Chloris chloris","0","0","1","0"
"0.36","24","Anas platyrhynchos","0","0","1","0"
"0.36","24","Troglodytes troglodytes","0","0","1","0"
"0.36","24","Falco tinnunculus","0","0","1","0"
"0.36","24","Sturnus vulgaris","0","0","1","0"
"0.36","24","Emberiza cirlus","0","0","1","0"
"0.36","24","Columba livia","0","0","1","0"
"0.36","24","Buteo buteo","0","0","1","0"
"0.36","24","Phylloscopus bonelli","0","0","1","0"
"0.36","24","Larus michahellis","0","0","1","0"
"0.36","24","Linaria cannabina","0","0","1","0"
"0.36","24","Periparus ater","0","0","1","0"
"0.36","24","Merops apiaster","0","0","1","0"
"0.36","24","Oriolus oriolus","0","0","1","0"
"0.36","24","Ardea cinerea","0","0","1","0"
"0.36","24","Upupa epops","0","0","1","0"
"0.36","24","Certhia brachydactyla","0","0","1","0"
"0.36","24","Saxicola rubicola","0","0","1","0"
"0.36","24","Dendrocopos major","0","0","1","0"
"0.36","24","Hippolais polyglotta","0","0","1","0"
"0.36","24","Corvus corax","0","0","1","0"
"0.36","24","Aegithalos caudatus","0","0","1","0"
"0.36","24","Regulus ignicapilla","0","0","1","0"
"0.36","24","Emberiza calandra","0","0","1","0"
"0.36","24","Cettia cetti","0","0","1","0"
"0.36","24","Ptyonoprogne rupestris","0","0","1","0"
"0.36","24","Picus viridis","0","0","0","1"
"0.36","24","Sitta europaea","0","0","1","0"
"0.36","24","Turdus viscivorus","0","0","1","0"
"0.36","24","Egretta garzetta","0","0","1","0"
"0.36","24","Phalacrocorax carbo","0","0","1","0"
"0.36","24","Streptopelia turtur","1","0","0","0"
"0.36","24","Fulica atra","0","0","1","0"
"0.36","24","Phylloscopus collybita","0","0","0","1"
"0.36","24","Curruca melanocephala","0","0","1","0"
"0.36","24","Lullula arborea","0","0","1","0"
"0.36","24","Motacilla flava","0","0","1","0"
"0.36","24","Pyrrhocorax pyrrhocorax","0","0","1","0"
"0.36","24","Gallinula chloropus","0","0","1","0"
"0.36","24","Galerida cristata","0","0","1","0"
"0.36","24","Curruca communis","1","0","0","0"
"0.36","24","Turdus philomelos","0","0","1","0"
"0.36","24","Lophophanes cristatus","0","0","1","0"
"0.36","24","Oenanthe oenanthe","0","0","1","0"
"0.36","24","Petronia petronia","0","0","1","0"
"0.36","24","Milvus milvus","0","0","1","0"
"0.36","24","Cisticola juncidis","0","0","1","0"
"0.36","24","Alauda arvensis","0","0","1","0"
"0.36","24","Phoenicurus phoenicurus","0","0","1","0"
"0.36","24","Circaetus gallicus","0","0","1","0"
"0.36","24","Circus aeruginosus","0","0","1","0"
"0.36","24","Corvus monedula","0","0","1","0"
"0.36","24","Picus sharpei","0","0","1","0"
"0.36","24","Ciconia ciconia","0","0","1","0"
"0.36","24","Hieraaetus pennatus","0","0","1","0"
"0.36","24","Himantopus himantopus","0","0","1","0"
"0.36","24","Carduelis citrinella","0","0","1","0"
"0.36","24","Sturnus unicolor","0","0","1","0"
"0.36","24","Curruca iberiae","0","0","1","0"
"0.36","24","Prunella modularis","0","0","1","0"
"0.36","24","Motacilla cinerea","0","0","1","0"
"0.36","24","Podiceps cristatus","0","0","1","0"
"0.36","24","Lanius senator","0","0","1","0"
"0.36","24","Anthus trivialis","0","0","1","0"
"0.36","24","Bubulcus ibis","0","0","1","0"
"0.36","24","Acrocephalus scirpaceus","0","0","1","0"
"0.36","24","Emberiza cia","0","0","1","0"
"0.36","24","Alectoris rufa","0","0","1","0"
"0.36","24","Chroicocephalus ridibundus","0","0","1","0"
"0.36","24","Lanius collurio","0","0","1","0"
"0.36","24","Actitis hypoleucos","0","0","1","0"
"0.36","24","Muscicapa striata","0","0","1","0"
"0.36","24","Ardea purpurea","0","0","1","0"
"0.36","24","Acrocephalus arundinaceus","0","0","1","0"
"0.36","24","Pernis apivorus","0","0","1","0"
"0.36","24","Tachybaptus ruficollis","0","0","1","0"
"0.36","24","Passer montanus","0","0","1","0"
"0.36","24","Charadrius dubius","0","0","1","0"
"0.36","24","Tadorna tadorna","0","0","1","0"
"0.36","24","Sterna hirundo","0","0","1","0"
"0.36","24","Emberiza citrinella","0","0","1","0"
"0.36","24","Saxicola rubetra","0","0","1","0"
"0.36","24","Riparia riparia","0","0","1","0"
"0.36","24","Apus melba","0","0","1","0"
"0.36","24","Falco subbuteo","0","0","1","0"
"0.36","24","Netta rufina","0","0","1","0"
"0.36","24","Pyrrhula pyrrhula","0","0","1","0"
"0.36","24","Coturnix coturnix","0","0","1","0"
"0.36","24","Recurvirostra avosetta","0","0","1","0"
"0.36","24","Sylvia borin","0","0","1","0"
"0.36","24","Curruca undata","0","0","1","0"
"0.36","24","Poecile palustris","0","0","1","0"
"0.36","24","Ardea alba","0","0","1","0"
"0.36","24","Accipiter nisus","0","0","1","0"
"0.36","24","Mareca strepera","0","0","1","0"
"0.36","24","Ficedula hypoleuca","0","0","1","0"
"0.36","24","Phasianus colchicus","0","0","1","0"
"0.36","24","Phylloscopus trochilus","0","0","1","0"
"0.36","24","Circus pygargus","0","0","1","0"
"0.36","24","Plegadis falcinellus","0","0","1","0"
"0.36","24","Tringa glareola","0","0","1","0"
"0.36","24","Alcedo atthis","0","0","1","0"
"0.36","24","Aythya ferina","0","0","1","0"
"0.36","24","Melanocorypha calandra","0","0","1","0"
"0.36","24","Pyrrhocorax graculus","0","0","1","0"
"0.36","24","Cinclus cinclus","0","0","1","0"
"0.36","24","Spatula clypeata","0","0","1","0"
"0.36","24","Tringa ochropus","0","0","1","0"
"0.36","24","Aquila chrysaetos","0","0","1","0"
"0.36","24","Tringa totanus","0","0","1","0"
"0.36","24","Anthus campestris","0","0","1","0"
"0.36","24","Jynx torquilla","0","0","1","0"
"0.36","24","Cygnus olor","0","0","1","0"
"0.36","24","Coccothraustes coccothraustes","0","0","1","0"
"0.36","24","Anthus spinoletta","0","0","1","0"
"0.36","24","Psittacula krameri","0","0","1","0"
"0.36","24","Vanellus vanellus","0","0","1","0"
"0.36","24","Nycticorax nycticorax","0","0","1","0"
"0.36","24","Phoenicopterus roseus","0","0","1","0"
"0.36","24","Regulus regulus","0","0","1","0"
"0.36","24","Loxia curvirostra","0","0","1","0"
"0.36","24","Podiceps nigricollis","0","0","1","0"
"0.36","24","Galerida theklae","0","0","1","0"
"0.36","24","Emberiza schoeniclus","0","0","1","0"
"0.36","24","Ichthyaetus melanocephalus","0","0","1","0"
"0.36","24","Rallus aquaticus","0","0","1","0"
"0.36","24","Burhinus oedicnemus","0","0","1","0"
"0.36","24","Passer hispaniolensis","0","0","1","0"
"0.36","24","Falco peregrinus","0","0","1","0"
"0.36","24","Tringa nebularia","0","0","1","0"
"0.36","24","Morus bassanus","0","0","1","0"
"0.36","24","Falco naumanni","0","0","1","0"
"0.36","24","Columba oenas","0","0","1","0"
"0.36","24","Sternula albifrons","0","0","1","0"
"0.36","24","Cecropis daurica","0","0","1","0"
"0.36","24","Aegypius monachus","0","0","1","0"
"0.36","24","Chlidonias hybrida","0","0","1","0"
"0.36","24","Monticola solitarius","0","0","1","0"
"0.36","24","Anthus pratensis","0","0","1","0"
"0.36","24","Pandion haliaetus","0","0","1","0"
"0.36","24","Thalasseus sandvicensis","0","0","1","0"
"0.36","24","Gelochelidon nilotica","0","0","1","0"
"0.36","24","Calidris pugnax","0","0","1","0"
"0.36","24","Strix aluco","0","0","1","0"
"0.36","24","Limosa limosa","0","0","1","0"
"0.36","24","Chlidonias niger","0","0","1","0"
"0.36","24","Ardeola ralloides","0","0","1","0"
"0.36","24","Phylloscopus ibericus","0","0","1","0"
"0.36","24","Charadrius hiaticula","0","0","1","0"
"0.36","24","Dryocopus martius","0","0","1","0"
"0.36","24","Athene noctua","0","0","1","0"
"0.36","24","Platalea leucorodia","0","0","1","0"
"0.36","24","Anas crecca","0","0","1","0"
"0.36","24","Otus scops","0","0","1","0"
"0.36","25","Turdus merula","0","0","1","0"
"0.36","25","Hirundo rustica","0","0","1","0"
"0.36","25","Fringilla coelebs","0","0","1","0"
"0.36","25","Columba palumbus","0","0","1","0"
"0.36","25","Corvus corone","0","0","1","0"
"0.36","25","Sylvia atricapilla","0","0","1","0"
"0.36","25","Parus major","0","0","1","0"
"0.36","25","Passer domesticus","0","0","1","0"
"0.36","25","Pica pica","0","0","1","0"
"0.36","25","Apus apus","0","0","1","0"
"0.36","25","Carduelis carduelis","0","0","1","0"
"0.36","25","Erithacus rubecula","0","0","1","0"
"0.36","25","Serinus serinus","0","0","1","0"
"0.36","25","Luscinia megarhynchos","0","0","1","0"
"0.36","25","Milvus migrans","0","0","1","0"
"0.36","25","Streptopelia decaocto","0","0","1","0"
"0.36","25","Cyanistes caeruleus","0","0","1","0"
"0.36","25","Cuculus canorus","0","0","1","0"
"0.36","25","Phoenicurus ochruros","0","0","1","0"
"0.36","25","Anas platyrhynchos","0","0","1","0"
"0.36","25","Garrulus glandarius","0","0","1","0"
"0.36","25","Delichon urbicum","0","0","1","0"
"0.36","25","Motacilla alba","0","0","1","0"
"0.36","25","Chloris chloris","0","0","1","0"
"0.36","25","Troglodytes troglodytes","0","0","1","0"
"0.36","25","Gyps fulvus","0","0","1","0"
"0.36","25","Falco tinnunculus","0","0","1","0"
"0.36","25","Sturnus vulgaris","0","0","1","0"
"0.36","25","Columba livia","0","0","1","0"
"0.36","25","Buteo buteo","0","0","1","0"
"0.36","25","Emberiza cirlus","0","0","1","0"
"0.36","25","Larus michahellis","0","0","1","0"
"0.36","25","Linaria cannabina","0","0","1","0"
"0.36","25","Phylloscopus bonelli","0","0","1","0"
"0.36","25","Periparus ater","0","0","1","0"
"0.36","25","Ardea cinerea","0","0","1","0"
"0.36","25","Merops apiaster","0","0","1","0"
"0.36","25","Certhia brachydactyla","0","0","1","0"
"0.36","25","Saxicola rubicola","0","0","1","0"
"0.36","25","Aegithalos caudatus","0","0","1","0"
"0.36","25","Corvus corax","0","0","1","0"
"0.36","25","Upupa epops","0","0","1","0"
"0.36","25","Cettia cetti","0","0","1","0"
"0.36","25","Dendrocopos major","0","0","1","0"
"0.36","25","Regulus ignicapilla","0","0","1","0"
"0.36","25","Oriolus oriolus","0","0","1","0"
"0.36","25","Emberiza calandra","0","0","1","0"
"0.36","25","Hippolais polyglotta","0","0","1","0"
"0.36","25","Motacilla flava","0","0","1","0"
"0.36","25","Picus viridis","0","0","1","0"
"0.36","25","Ptyonoprogne rupestris","0","0","1","0"
"0.36","25","Sitta europaea","0","0","1","0"
"0.36","25","Phalacrocorax carbo","0","0","1","0"
"0.36","25","Egretta garzetta","0","0","1","0"
"0.36","25","Turdus viscivorus","0","0","1","0"
"0.36","25","Fulica atra","0","0","1","0"
"0.36","25","Gallinula chloropus","0","0","1","0"
"0.36","25","Phylloscopus collybita","0","0","1","0"
"0.36","25","Curruca melanocephala","0","0","1","0"
"0.36","25","Lullula arborea","0","0","1","0"
"0.36","25","Galerida cristata","0","0","1","0"
"0.36","25","Oenanthe oenanthe","0","0","1","0"
"0.36","25","Circus aeruginosus","0","0","1","0"
"0.36","25","Turdus philomelos","0","0","1","0"
"0.36","25","Pyrrhocorax pyrrhocorax","0","0","1","0"
"0.36","25","Milvus milvus","0","0","1","0"
"0.36","25","Picus sharpei","0","0","1","0"
"0.36","25","Lophophanes cristatus","0","0","1","0"
"0.36","25","Curruca communis","0","0","1","0"
"0.36","25","Streptopelia turtur","0","0","1","0"
"0.36","25","Cisticola juncidis","0","0","1","0"
"0.36","25","Circaetus gallicus","0","0","1","0"
"0.36","25","Phoenicurus phoenicurus","0","0","1","0"
"0.36","25","Alauda arvensis","0","0","1","0"
"0.36","25","Petronia petronia","0","0","1","0"
"0.36","25","Ciconia ciconia","0","0","1","0"
"0.36","25","Corvus monedula","0","0","1","0"
"0.36","25","Hieraaetus pennatus","0","0","1","0"
"0.36","25","Sturnus unicolor","0","0","1","0"
"0.36","25","Himantopus himantopus","0","0","1","0"
"0.36","25","Prunella modularis","0","0","1","0"
"0.36","25","Podiceps cristatus","0","0","1","0"
"0.36","25","Curruca iberiae","0","0","1","0"
"0.36","25","Actitis hypoleucos","0","0","1","0"
"0.36","25","Motacilla cinerea","0","0","1","0"
"0.36","25","Lanius senator","0","0","1","0"
"0.36","25","Anthus trivialis","0","0","1","0"
"0.36","25","Bubulcus ibis","0","0","1","0"
"0.36","25","Alectoris rufa","0","0","1","0"
"0.36","25","Carduelis citrinella","0","0","1","0"
"0.36","25","Emberiza cia","0","0","1","0"
"0.36","25","Acrocephalus scirpaceus","0","0","1","0"
"0.36","25","Tachybaptus ruficollis","0","0","1","0"
"0.36","25","Chroicocephalus ridibundus","0","0","1","0"
"0.36","25","Ardea purpurea","0","0","1","0"
"0.36","25","Charadrius dubius","0","0","1","0"
"0.36","25","Saxicola rubetra","0","0","1","0"
"0.36","25","Tadorna tadorna","0","0","1","0"
"0.36","25","Muscicapa striata","0","0","1","0"
"0.36","25","Ficedula hypoleuca","0","0","1","0"
"0.36","25","Pernis apivorus","0","0","1","0"
"0.36","25","Passer montanus","0","0","1","0"
"0.36","25","Acrocephalus arundinaceus","0","0","1","0"
"0.36","25","Phylloscopus trochilus","0","0","1","0"
"0.36","25","Riparia riparia","0","0","1","0"
"0.36","25","Ardea alba","0","0","1","0"
"0.36","25","Lanius collurio","0","0","1","0"
"0.36","25","Netta rufina","0","0","1","0"
"0.36","25","Poecile palustris","0","0","1","0"
"0.36","25","Mareca strepera","0","0","1","0"
"0.36","25","Pyrrhula pyrrhula","0","0","1","0"
"0.36","25","Curruca undata","0","0","1","0"
"0.36","25","Emberiza citrinella","0","0","1","0"
"0.36","25","Accipiter nisus","0","0","1","0"
"0.36","25","Sterna hirundo","0","0","1","0"
"0.36","25","Tringa glareola","0","0","1","0"
"0.36","25","Apus melba","0","0","1","0"
"0.36","25","Recurvirostra avosetta","0","0","1","0"
"0.36","25","Falco subbuteo","0","0","1","0"
"0.36","25","Spatula clypeata","0","0","1","0"
"0.36","25","Plegadis falcinellus","0","0","1","0"
"0.36","25","Tringa ochropus","0","0","1","0"
"0.36","25","Phasianus colchicus","0","0","1","0"
"0.36","25","Circus pygargus","0","0","1","0"
"0.36","25","Alcedo atthis","0","0","1","0"
"0.36","25","Coturnix coturnix","0","0","1","0"
"0.36","25","Aythya ferina","0","0","1","0"
"0.36","25","Melanocorypha calandra","0","0","1","0"
"0.36","25","Sylvia borin","0","0","1","0"
"0.36","25","Tringa totanus","0","0","1","0"
"0.36","25","Jynx torquilla","0","0","1","0"
"0.36","25","Tringa nebularia","0","0","1","0"
"0.36","25","Aquila chrysaetos","0","0","1","0"
"0.36","25","Cinclus cinclus","0","0","1","0"
"0.36","25","Coccothraustes coccothraustes","0","0","1","0"
"0.36","25","Cygnus olor","0","0","1","0"
"0.36","25","Vanellus vanellus","0","0","1","0"
"0.36","25","Pyrrhocorax graculus","0","0","1","0"
"0.36","25","Psittacula krameri","0","0","1","0"
"0.36","25","Regulus regulus","0","0","1","0"
"0.36","25","Anthus spinoletta","0","0","1","0"
"0.36","25","Phoenicopterus roseus","0","0","1","0"
"0.36","25","Podiceps nigricollis","0","0","1","0"
"0.36","25","Loxia curvirostra","0","0","1","0"
"0.36","25","Morus bassanus","0","0","1","0"
"0.36","25","Rallus aquaticus","0","0","1","0"
"0.36","25","Anthus pratensis","0","0","1","0"
"0.36","25","Falco peregrinus","0","0","1","0"
"0.36","25","Emberiza schoeniclus","0","0","1","0"
"0.36","25","Calidris pugnax","0","0","1","0"
"0.36","25","Anas crecca","0","0","1","0"
"0.36","25","Nycticorax nycticorax","0","0","1","0"
"0.36","25","Anthus campestris","0","0","1","0"
"0.36","25","Falco naumanni","0","0","1","0"
"0.36","25","Ichthyaetus melanocephalus","0","0","1","0"
"0.36","25","Passer hispaniolensis","0","0","1","0"
"0.36","25","Galerida theklae","0","0","1","0"
"0.36","25","Cecropis daurica","0","0","1","0"
"0.36","25","Burhinus oedicnemus","0","0","1","0"
"0.36","25","Pandion haliaetus","0","0","1","0"
"0.36","25","Aegypius monachus","0","0","1","0"
"0.36","25","Limosa limosa","0","0","1","0"
"0.36","25","Columba oenas","0","0","1","0"
"0.36","25","Gelochelidon nilotica","0","0","1","0"
"0.36","25","Thalasseus sandvicensis","0","0","1","0"
"0.36","25","Spatula querquedula","0","0","1","0"
"0.36","25","Charadrius hiaticula","0","0","1","0"
"0.36","25","Monticola solitarius","0","0","1","0"
"0.36","25","Chlidonias hybrida","0","0","1","0"
"0.36","25","Dryocopus martius","0","0","1","0"
"0.36","25","Calidris alpina","0","0","1","0"
"0.36","25","Phylloscopus ibericus","0","0","1","0"
"0.36","25","Gallinago gallinago","0","0","1","0"
"0.36","25","Sternula albifrons","0","0","1","0"
"0.36","25","Spinus spinus","0","0","1","0"
"0.36","25","Ardeola ralloides","0","0","1","0"
"0.36","25","Strix aluco","0","0","1","0"
"0.36","25","Platalea leucorodia","0","0","1","0"
"0.36","25","Branta canadensis","0","0","1","0"
"0.36","25","Athene noctua","0","0","1","0"
"0.36","25","Certhia familiaris","0","0","1","0"
"0.36","25","Otus scops","0","0","1","0"
"0.36","26","Turdus merula","1","0","0","0"
"0.36","26","Hirundo rustica","0","0","1","0"
"0.36","26","Fringilla coelebs","0","0","1","0"
"0.36","26","Columba palumbus","0","0","1","0"
"0.36","26","Corvus corone","0","0","0","1"
"0.36","26","Sylvia atricapilla","0","0","1","0"
"0.36","26","Parus major","0","0","1","0"
"0.36","26","Passer domesticus","0","0","1","0"
"0.36","26","Pica pica","0","0","1","0"
"0.36","26","Apus apus","0","0","1","0"
"0.36","26","Carduelis carduelis","0","0","1","0"
"0.36","26","Erithacus rubecula","0","0","1","0"
"0.36","26","Serinus serinus","0","0","1","0"
"0.36","26","Luscinia megarhynchos","0","0","0","1"
"0.36","26","Milvus migrans","0","0","1","0"
"0.36","26","Streptopelia decaocto","0","0","0","1"
"0.36","26","Cyanistes caeruleus","0","0","1","0"
"0.36","26","Cuculus canorus","0","0","0","1"
"0.36","26","Phoenicurus ochruros","0","0","1","0"
"0.36","26","Anas platyrhynchos","0","0","1","0"
"0.36","26","Garrulus glandarius","0","0","1","0"
"0.36","26","Delichon urbicum","0","0","1","0"
"0.36","26","Motacilla alba","0","0","1","0"
"0.36","26","Chloris chloris","0","0","1","0"
"0.36","26","Troglodytes troglodytes","0","0","1","0"
"0.36","26","Gyps fulvus","0","0","1","0"
"0.36","26","Falco tinnunculus","0","0","1","0"
"0.36","26","Sturnus vulgaris","0","0","1","0"
"0.36","26","Columba livia","0","0","1","0"
"0.36","26","Buteo buteo","0","0","1","0"
"0.36","26","Emberiza cirlus","0","0","1","0"
"0.36","26","Larus michahellis","0","0","1","0"
"0.36","26","Linaria cannabina","0","0","1","0"
"0.36","26","Phylloscopus bonelli","0","0","1","0"
"0.36","26","Periparus ater","0","0","1","0"
"0.36","26","Ardea cinerea","0","0","1","0"
"0.36","26","Merops apiaster","0","1","0","0"
"0.36","26","Certhia brachydactyla","0","0","1","0"
"0.36","26","Saxicola rubicola","0","0","1","0"
"0.36","26","Aegithalos caudatus","0","0","1","0"
"0.36","26","Corvus corax","0","0","1","0"
"0.36","26","Upupa epops","0","0","1","0"
"0.36","26","Cettia cetti","0","0","1","0"
"0.36","26","Dendrocopos major","0","0","1","0"
"0.36","26","Regulus ignicapilla","0","0","1","0"
"0.36","26","Oriolus oriolus","0","0","1","0"
"0.36","26","Emberiza calandra","0","0","0","1"
"0.36","26","Hippolais polyglotta","0","0","1","0"
"0.36","26","Motacilla flava","0","0","1","0"
"0.36","26","Picus viridis","0","0","1","0"
"0.36","26","Ptyonoprogne rupestris","0","0","1","0"
"0.36","26","Sitta europaea","0","0","1","0"
"0.36","26","Phalacrocorax carbo","0","0","1","0"
"0.36","26","Egretta garzetta","0","0","1","0"
"0.36","26","Turdus viscivorus","0","0","1","0"
"0.36","26","Fulica atra","0","0","1","0"
"0.36","26","Gallinula chloropus","0","0","1","0"
"0.36","26","Phylloscopus collybita","0","0","1","0"
"0.36","26","Curruca melanocephala","0","0","1","0"
"0.36","26","Lullula arborea","0","0","1","0"
"0.36","26","Galerida cristata","0","0","1","0"
"0.36","26","Oenanthe oenanthe","0","0","1","0"
"0.36","26","Circus aeruginosus","0","0","1","0"
"0.36","26","Turdus philomelos","0","0","1","0"
"0.36","26","Pyrrhocorax pyrrhocorax","0","0","1","0"
"0.36","26","Milvus milvus","0","0","1","0"
"0.36","26","Picus sharpei","0","0","1","0"
"0.36","26","Lophophanes cristatus","0","0","1","0"
"0.36","26","Curruca communis","0","0","0","1"
"0.36","26","Streptopelia turtur","0","0","1","0"
"0.36","26","Cisticola juncidis","0","0","1","0"
"0.36","26","Circaetus gallicus","0","0","1","0"
"0.36","26","Phoenicurus phoenicurus","0","0","1","0"
"0.36","26","Alauda arvensis","0","0","1","0"
"0.36","26","Petronia petronia","0","0","1","0"
"0.36","26","Ciconia ciconia","0","0","1","0"
"0.36","26","Corvus monedula","0","0","1","0"
"0.36","26","Hieraaetus pennatus","0","0","1","0"
"0.36","26","Sturnus unicolor","0","0","1","0"
"0.36","26","Himantopus himantopus","0","0","1","0"
"0.36","26","Prunella modularis","0","0","1","0"
"0.36","26","Podiceps cristatus","0","0","1","0"
"0.36","26","Curruca iberiae","0","0","1","0"
"0.36","26","Actitis hypoleucos","0","0","1","0"
"0.36","26","Motacilla cinerea","0","0","1","0"
"0.36","26","Lanius senator","0","0","1","0"
"0.36","26","Anthus trivialis","0","0","1","0"
"0.36","26","Bubulcus ibis","0","0","1","0"
"0.36","26","Alectoris rufa","0","0","1","0"
"0.36","26","Carduelis citrinella","0","0","1","0"
"0.36","26","Emberiza cia","0","0","1","0"
"0.36","26","Acrocephalus scirpaceus","0","0","1","0"
"0.36","26","Tachybaptus ruficollis","0","0","1","0"
"0.36","26","Chroicocephalus ridibundus","0","0","1","0"
"0.36","26","Ardea purpurea","0","0","1","0"
"0.36","26","Charadrius dubius","0","0","1","0"
"0.36","26","Saxicola rubetra","0","0","1","0"
"0.36","26","Tadorna tadorna","0","0","1","0"
"0.36","26","Muscicapa striata","0","0","1","0"
"0.36","26","Ficedula hypoleuca","0","0","1","0"
"0.36","26","Pernis apivorus","0","0","1","0"
"0.36","26","Passer montanus","0","0","1","0"
"0.36","26","Acrocephalus arundinaceus","0","0","1","0"
"0.36","26","Phylloscopus trochilus","0","0","1","0"
"0.36","26","Riparia riparia","0","0","1","0"
"0.36","26","Ardea alba","0","0","1","0"
"0.36","26","Lanius collurio","0","0","1","0"
"0.36","26","Netta rufina","0","0","1","0"
"0.36","26","Poecile palustris","0","0","1","0"
"0.36","26","Mareca strepera","0","0","1","0"
"0.36","26","Pyrrhula pyrrhula","0","0","1","0"
"0.36","26","Curruca undata","0","0","1","0"
"0.36","26","Emberiza citrinella","0","0","1","0"
"0.36","26","Accipiter nisus","0","0","1","0"
"0.36","26","Sterna hirundo","0","0","1","0"
"0.36","26","Tringa glareola","0","0","1","0"
"0.36","26","Apus melba","0","0","1","0"
"0.36","26","Recurvirostra avosetta","0","0","1","0"
"0.36","26","Falco subbuteo","0","0","1","0"
"0.36","26","Spatula clypeata","0","0","1","0"
"0.36","26","Plegadis falcinellus","0","0","1","0"
"0.36","26","Tringa ochropus","0","0","1","0"
"0.36","26","Phasianus colchicus","0","0","1","0"
"0.36","26","Circus pygargus","0","0","1","0"
"0.36","26","Alcedo atthis","0","0","1","0"
"0.36","26","Coturnix coturnix","0","0","1","0"
"0.36","26","Aythya ferina","0","0","1","0"
"0.36","26","Melanocorypha calandra","0","0","1","0"
"0.36","26","Sylvia borin","0","0","1","0"
"0.36","26","Tringa totanus","0","0","1","0"
"0.36","26","Jynx torquilla","0","0","1","0"
"0.36","26","Tringa nebularia","0","0","1","0"
"0.36","26","Aquila chrysaetos","0","0","1","0"
"0.36","26","Cinclus cinclus","0","0","1","0"
"0.36","26","Coccothraustes coccothraustes","0","0","1","0"
"0.36","26","Cygnus olor","0","0","1","0"
"0.36","26","Vanellus vanellus","0","0","1","0"
"0.36","26","Pyrrhocorax graculus","0","0","1","0"
"0.36","26","Psittacula krameri","0","0","1","0"
"0.36","26","Regulus regulus","0","0","1","0"
"0.36","26","Anthus spinoletta","0","0","1","0"
"0.36","26","Phoenicopterus roseus","0","0","1","0"
"0.36","26","Podiceps nigricollis","0","0","1","0"
"0.36","26","Loxia curvirostra","0","0","1","0"
"0.36","26","Morus bassanus","0","0","1","0"
"0.36","26","Rallus aquaticus","0","0","1","0"
"0.36","26","Anthus pratensis","0","0","1","0"
"0.36","26","Falco peregrinus","0","0","1","0"
"0.36","26","Emberiza schoeniclus","0","0","1","0"
"0.36","26","Calidris pugnax","0","0","1","0"
"0.36","26","Anas crecca","0","0","1","0"
"0.36","26","Nycticorax nycticorax","0","0","1","0"
"0.36","26","Anthus campestris","0","0","1","0"
"0.36","26","Falco naumanni","0","0","1","0"
"0.36","26","Ichthyaetus melanocephalus","0","0","1","0"
"0.36","26","Passer hispaniolensis","0","0","1","0"
"0.36","26","Galerida theklae","0","0","1","0"
"0.36","26","Cecropis daurica","0","0","1","0"
"0.36","26","Burhinus oedicnemus","0","0","1","0"
"0.36","26","Pandion haliaetus","0","0","1","0"
"0.36","26","Aegypius monachus","0","0","1","0"
"0.36","26","Limosa limosa","0","0","1","0"
"0.36","26","Columba oenas","0","0","1","0"
"0.36","26","Gelochelidon nilotica","0","0","1","0"
"0.36","26","Thalasseus sandvicensis","0","0","1","0"
"0.36","26","Spatula querquedula","0","0","1","0"
"0.36","26","Charadrius hiaticula","0","0","1","0"
"0.36","26","Monticola solitarius","0","0","1","0"
"0.36","26","Chlidonias hybrida","0","0","1","0"
"0.36","26","Dryocopus martius","0","0","1","0"
"0.36","26","Calidris alpina","0","0","1","0"
"0.36","26","Phylloscopus ibericus","0","0","1","0"
"0.36","26","Gallinago gallinago","0","0","1","0"
"0.36","26","Sternula albifrons","0","0","1","0"
"0.36","26","Spinus spinus","0","0","1","0"
"0.36","26","Ardeola ralloides","0","0","1","0"
"0.36","26","Strix aluco","0","0","1","0"
"0.36","26","Platalea leucorodia","0","0","1","0"
"0.36","26","Branta canadensis","0","0","1","0"
"0.36","26","Athene noctua","0","0","1","0"
"0.36","26","Certhia familiaris","0","0","1","0"
"0.36","26","Otus scops","0","0","1","0"
"0.36","27","Turdus merula","0","0","1","0"
"0.36","27","Hirundo rustica","0","0","1","0"
"0.36","27","Fringilla coelebs","0","0","1","0"
"0.36","27","Columba palumbus","0","0","1","0"
"0.36","27","Corvus corone","0","0","1","0"
"0.36","27","Sylvia atricapilla","0","0","0","1"
"0.36","27","Parus major","0","0","1","0"
"0.36","27","Passer domesticus","0","0","1","0"
"0.36","27","Pica pica","0","0","1","0"
"0.36","27","Apus apus","0","0","1","0"
"0.36","27","Carduelis carduelis","0","0","1","0"
"0.36","27","Erithacus rubecula","0","0","1","0"
"0.36","27","Serinus serinus","0","0","1","0"
"0.36","27","Luscinia megarhynchos","0","0","0","1"
"0.36","27","Milvus migrans","0","0","1","0"
"0.36","27","Streptopelia decaocto","0","0","1","0"
"0.36","27","Cyanistes caeruleus","0","0","1","0"
"0.36","27","Cuculus canorus","0","0","1","0"
"0.36","27","Phoenicurus ochruros","0","0","1","0"
"0.36","27","Anas platyrhynchos","0","0","1","0"
"0.36","27","Garrulus glandarius","0","0","1","0"
"0.36","27","Delichon urbicum","0","0","1","0"
"0.36","27","Motacilla alba","0","0","1","0"
"0.36","27","Chloris chloris","0","0","1","0"
"0.36","27","Troglodytes troglodytes","0","0","1","0"
"0.36","27","Gyps fulvus","0","0","1","0"
"0.36","27","Falco tinnunculus","0","0","1","0"
"0.36","27","Sturnus vulgaris","0","0","1","0"
"0.36","27","Columba livia","0","0","1","0"
"0.36","27","Buteo buteo","0","0","1","0"
"0.36","27","Emberiza cirlus","0","0","1","0"
"0.36","27","Larus michahellis","0","0","1","0"
"0.36","27","Linaria cannabina","0","0","1","0"
"0.36","27","Phylloscopus bonelli","0","0","1","0"
"0.36","27","Periparus ater","0","0","1","0"
"0.36","27","Ardea cinerea","0","0","1","0"
"0.36","27","Merops apiaster","0","0","1","0"
"0.36","27","Certhia brachydactyla","0","0","1","0"
"0.36","27","Saxicola rubicola","0","0","1","0"
"0.36","27","Aegithalos caudatus","0","0","1","0"
"0.36","27","Corvus corax","0","0","1","0"
"0.36","27","Upupa epops","0","0","1","0"
"0.36","27","Cettia cetti","0","0","1","0"
"0.36","27","Dendrocopos major","0","0","1","0"
"0.36","27","Regulus ignicapilla","0","0","1","0"
"0.36","27","Oriolus oriolus","0","0","1","0"
"0.36","27","Emberiza calandra","0","0","0","1"
"0.36","27","Hippolais polyglotta","0","0","1","0"
"0.36","27","Motacilla flava","0","0","1","0"
"0.36","27","Picus viridis","0","0","1","0"
"0.36","27","Ptyonoprogne rupestris","0","0","1","0"
"0.36","27","Sitta europaea","0","0","1","0"
"0.36","27","Phalacrocorax carbo","0","0","1","0"
"0.36","27","Egretta garzetta","0","0","1","0"
"0.36","27","Turdus viscivorus","0","0","1","0"
"0.36","27","Fulica atra","0","0","1","0"
"0.36","27","Gallinula chloropus","0","0","1","0"
"0.36","27","Phylloscopus collybita","0","0","1","0"
"0.36","27","Curruca melanocephala","0","0","1","0"
"0.36","27","Lullula arborea","0","0","1","0"
"0.36","27","Galerida cristata","0","0","1","0"
"0.36","27","Oenanthe oenanthe","0","0","1","0"
"0.36","27","Circus aeruginosus","0","0","1","0"
"0.36","27","Turdus philomelos","0","0","1","0"
"0.36","27","Pyrrhocorax pyrrhocorax","0","0","1","0"
"0.36","27","Milvus milvus","0","0","1","0"
"0.36","27","Picus sharpei","0","0","1","0"
"0.36","27","Lophophanes cristatus","0","0","1","0"
"0.36","27","Curruca communis","0","0","0","1"
"0.36","27","Streptopelia turtur","0","0","1","0"
"0.36","27","Cisticola juncidis","0","0","1","0"
"0.36","27","Circaetus gallicus","0","0","1","0"
"0.36","27","Phoenicurus phoenicurus","0","0","1","0"
"0.36","27","Alauda arvensis","0","0","1","0"
"0.36","27","Petronia petronia","0","0","1","0"
"0.36","27","Ciconia ciconia","0","0","1","0"
"0.36","27","Corvus monedula","0","0","1","0"
"0.36","27","Hieraaetus pennatus","0","0","1","0"
"0.36","27","Sturnus unicolor","0","0","1","0"
"0.36","27","Himantopus himantopus","0","0","1","0"
"0.36","27","Prunella modularis","0","0","1","0"
"0.36","27","Podiceps cristatus","0","0","1","0"
"0.36","27","Curruca iberiae","0","0","1","0"
"0.36","27","Actitis hypoleucos","0","0","1","0"
"0.36","27","Motacilla cinerea","0","0","1","0"
"0.36","27","Lanius senator","0","0","1","0"
"0.36","27","Anthus trivialis","0","0","1","0"
"0.36","27","Bubulcus ibis","0","0","1","0"
"0.36","27","Alectoris rufa","0","0","1","0"
"0.36","27","Carduelis citrinella","0","0","1","0"
"0.36","27","Emberiza cia","0","0","1","0"
"0.36","27","Acrocephalus scirpaceus","0","0","1","0"
"0.36","27","Tachybaptus ruficollis","0","0","1","0"
"0.36","27","Chroicocephalus ridibundus","0","0","1","0"
"0.36","27","Ardea purpurea","0","0","1","0"
"0.36","27","Charadrius dubius","0","0","1","0"
"0.36","27","Saxicola rubetra","0","0","1","0"
"0.36","27","Tadorna tadorna","0","0","1","0"
"0.36","27","Muscicapa striata","0","0","1","0"
"0.36","27","Ficedula hypoleuca","0","0","1","0"
"0.36","27","Pernis apivorus","0","0","1","0"
"0.36","27","Passer montanus","0","0","1","0"
"0.36","27","Acrocephalus arundinaceus","0","0","1","0"
"0.36","27","Phylloscopus trochilus","0","0","1","0"
"0.36","27","Riparia riparia","0","0","1","0"
"0.36","27","Ardea alba","0","0","1","0"
"0.36","27","Lanius collurio","0","0","1","0"
"0.36","27","Netta rufina","0","0","1","0"
"0.36","27","Poecile palustris","0","0","1","0"
"0.36","27","Mareca strepera","0","0","1","0"
"0.36","27","Pyrrhula pyrrhula","0","0","1","0"
"0.36","27","Curruca undata","0","0","1","0"
"0.36","27","Emberiza citrinella","0","0","1","0"
"0.36","27","Accipiter nisus","0","0","1","0"
"0.36","27","Sterna hirundo","0","0","1","0"
"0.36","27","Tringa glareola","0","0","1","0"
"0.36","27","Apus melba","0","0","1","0"
"0.36","27","Recurvirostra avosetta","0","0","1","0"
"0.36","27","Falco subbuteo","0","0","1","0"
"0.36","27","Spatula clypeata","0","0","1","0"
"0.36","27","Plegadis falcinellus","0","0","1","0"
"0.36","27","Tringa ochropus","0","0","1","0"
"0.36","27","Phasianus colchicus","0","0","1","0"
"0.36","27","Circus pygargus","0","0","1","0"
"0.36","27","Alcedo atthis","0","0","1","0"
"0.36","27","Coturnix coturnix","0","0","1","0"
"0.36","27","Aythya ferina","0","0","1","0"
"0.36","27","Melanocorypha calandra","0","0","1","0"
"0.36","27","Sylvia borin","0","0","1","0"
"0.36","27","Tringa totanus","0","0","1","0"
"0.36","27","Jynx torquilla","0","0","1","0"
"0.36","27","Tringa nebularia","0","0","1","0"
"0.36","27","Aquila chrysaetos","0","0","1","0"
"0.36","27","Cinclus cinclus","0","0","1","0"
"0.36","27","Coccothraustes coccothraustes","0","0","1","0"
"0.36","27","Cygnus olor","0","0","1","0"
"0.36","27","Vanellus vanellus","0","0","1","0"
"0.36","27","Pyrrhocorax graculus","0","0","1","0"
"0.36","27","Psittacula krameri","0","0","1","0"
"0.36","27","Regulus regulus","0","0","1","0"
"0.36","27","Anthus spinoletta","0","0","1","0"
"0.36","27","Phoenicopterus roseus","0","0","1","0"
"0.36","27","Podiceps nigricollis","0","0","1","0"
"0.36","27","Loxia curvirostra","0","0","1","0"
"0.36","27","Morus bassanus","0","0","1","0"
"0.36","27","Rallus aquaticus","0","0","1","0"
"0.36","27","Anthus pratensis","0","0","1","0"
"0.36","27","Falco peregrinus","0","0","1","0"
"0.36","27","Emberiza schoeniclus","0","0","1","0"
"0.36","27","Calidris pugnax","0","0","1","0"
"0.36","27","Anas crecca","0","0","1","0"
"0.36","27","Nycticorax nycticorax","0","0","1","0"
"0.36","27","Anthus campestris","0","0","1","0"
"0.36","27","Falco naumanni","0","0","1","0"
"0.36","27","Ichthyaetus melanocephalus","0","0","1","0"
"0.36","27","Passer hispaniolensis","0","0","1","0"
"0.36","27","Galerida theklae","0","0","1","0"
"0.36","27","Cecropis daurica","0","0","1","0"
"0.36","27","Burhinus oedicnemus","0","0","1","0"
"0.36","27","Pandion haliaetus","0","0","1","0"
"0.36","27","Aegypius monachus","0","0","1","0"
"0.36","27","Limosa limosa","0","0","1","0"
"0.36","27","Columba oenas","0","0","1","0"
"0.36","27","Gelochelidon nilotica","0","0","1","0"
"0.36","27","Thalasseus sandvicensis","0","0","1","0"
"0.36","27","Spatula querquedula","0","0","1","0"
"0.36","27","Charadrius hiaticula","0","0","1","0"
"0.36","27","Monticola solitarius","0","0","1","0"
"0.36","27","Chlidonias hybrida","0","0","1","0"
"0.36","27","Dryocopus martius","0","0","1","0"
"0.36","27","Calidris alpina","0","0","1","0"
"0.36","27","Phylloscopus ibericus","0","0","1","0"
"0.36","27","Gallinago gallinago","0","0","1","0"
"0.36","27","Sternula albifrons","0","0","1","0"
"0.36","27","Spinus spinus","0","0","1","0"
"0.36","27","Ardeola ralloides","0","0","1","0"
"0.36","27","Strix aluco","0","0","1","0"
"0.36","27","Platalea leucorodia","0","0","1","0"
"0.36","27","Branta canadensis","0","0","1","0"
"0.36","27","Athene noctua","0","0","1","0"
"0.36","27","Certhia familiaris","0","0","1","0"
"0.36","27","Otus scops","0","0","1","0"
"0.36","28","Turdus merula","0","0","0","1"
"0.36","28","Apus apus","0","0","1","0"
"0.36","28","Fringilla coelebs","0","0","1","0"
"0.36","28","Columba palumbus","0","0","1","0"
"0.36","28","Hirundo rustica","0","0","1","0"
"0.36","28","Passer domesticus","0","0","1","0"
"0.36","28","Sylvia atricapilla","1","0","0","0"
"0.36","28","Corvus corone","0","0","1","0"
"0.36","28","Pica pica","0","0","1","0"
"0.36","28","Carduelis carduelis","0","0","1","0"
"0.36","28","Serinus serinus","0","0","1","0"
"0.36","28","Parus major","0","0","1","0"
"0.36","28","Milvus migrans","0","0","1","0"
"0.36","28","Streptopelia decaocto","0","0","1","0"
"0.36","28","Delichon urbicum","0","0","1","0"
"0.36","28","Phoenicurus ochruros","0","0","1","0"
"0.36","28","Erithacus rubecula","0","0","1","0"
"0.36","28","Gyps fulvus","0","0","1","0"
"0.36","28","Motacilla alba","0","0","1","0"
"0.36","28","Garrulus glandarius","0","0","1","0"
"0.36","28","Cyanistes caeruleus","0","0","1","0"
"0.36","28","Chloris chloris","0","0","1","0"
"0.36","28","Troglodytes troglodytes","0","0","1","0"
"0.36","28","Emberiza cirlus","0","0","1","0"
"0.36","28","Luscinia megarhynchos","0","0","1","0"
"0.36","28","Oriolus oriolus","0","0","1","0"
"0.36","28","Columba livia","0","0","1","0"
"0.36","28","Falco tinnunculus","0","0","1","0"
"0.36","28","Cuculus canorus","0","0","1","0"
"0.36","28","Buteo buteo","0","0","1","0"
"0.36","28","Sturnus vulgaris","0","0","1","0"
"0.36","28","Phylloscopus bonelli","0","0","1","0"
"0.36","28","Linaria cannabina","0","0","1","0"
"0.36","28","Periparus ater","0","0","1","0"
"0.36","28","Hippolais polyglotta","0","0","0","1"
"0.36","28","Larus michahellis","0","0","1","0"
"0.36","28","Merops apiaster","0","0","1","0"
"0.36","28","Ptyonoprogne rupestris","0","0","1","0"
"0.36","28","Anas platyrhynchos","0","0","1","0"
"0.36","28","Certhia brachydactyla","0","0","1","0"
"0.36","28","Saxicola rubicola","0","0","1","0"
"0.36","28","Ardea cinerea","0","0","1","0"
"0.36","28","Dendrocopos major","0","0","1","0"
"0.36","28","Picus viridis","0","0","1","0"
"0.36","28","Streptopelia turtur","0","0","1","0"
"0.36","28","Upupa epops","0","0","1","0"
"0.36","28","Emberiza calandra","0","0","0","1"
"0.36","28","Regulus ignicapilla","0","0","1","0"
"0.36","28","Corvus corax","0","0","1","0"
"0.36","28","Aegithalos caudatus","0","0","1","0"
"0.36","28","Alauda arvensis","0","0","1","0"
"0.36","28","Turdus philomelos","0","0","0","1"
"0.36","28","Turdus viscivorus","0","0","1","0"
"0.36","28","Sitta europaea","0","0","1","0"
"0.36","28","Lullula arborea","0","0","1","0"
"0.36","28","Pyrrhocorax pyrrhocorax","0","0","1","0"
"0.36","28","Galerida cristata","0","0","1","0"
"0.36","28","Phylloscopus collybita","0","0","1","0"
"0.36","28","Petronia petronia","0","0","1","0"
"0.36","28","Cettia cetti","0","0","1","0"
"0.36","28","Lophophanes cristatus","0","0","1","0"
"0.36","28","Fulica atra","0","0","1","0"
"0.36","28","Egretta garzetta","0","0","1","0"
"0.36","28","Curruca melanocephala","0","0","1","0"
"0.36","28","Lanius collurio","0","0","1","0"
"0.36","28","Cisticola juncidis","0","0","1","0"
"0.36","28","Curruca communis","1","0","0","0"
"0.36","28","Circaetus gallicus","0","0","1","0"
"0.36","28","Phalacrocorax carbo","0","0","1","0"
"0.36","28","Carduelis citrinella","0","0","1","0"
"0.36","28","Milvus milvus","0","0","1","0"
"0.36","28","Gallinula chloropus","0","0","1","0"
"0.36","28","Oenanthe oenanthe","0","0","1","0"
"0.36","28","Hieraaetus pennatus","0","0","1","0"
"0.36","28","Ciconia ciconia","0","0","1","0"
"0.36","28","Phoenicurus phoenicurus","0","0","1","0"
"0.36","28","Picus sharpei","0","0","1","0"
"0.36","28","Chroicocephalus ridibundus","0","0","1","0"
"0.36","28","Motacilla cinerea","0","0","1","0"
"0.36","28","Corvus monedula","0","0","1","0"
"0.36","28","Lanius senator","0","0","1","0"
"0.36","28","Himantopus himantopus","0","0","1","0"
"0.36","28","Acrocephalus scirpaceus","0","0","1","0"
"0.36","28","Prunella modularis","0","0","1","0"
"0.36","28","Emberiza cia","0","0","1","0"
"0.36","28","Emberiza citrinella","0","0","1","0"
"0.36","28","Curruca iberiae","0","0","1","0"
"0.36","28","Coturnix coturnix","0","0","1","0"
"0.36","28","Alectoris rufa","0","0","1","0"
"0.36","28","Bubulcus ibis","0","0","1","0"
"0.36","28","Circus aeruginosus","0","0","1","0"
"0.36","28","Sturnus unicolor","0","0","1","0"
"0.36","28","Motacilla flava","0","0","1","0"
"0.36","28","Muscicapa striata","0","0","1","0"
"0.36","28","Sterna hirundo","0","0","1","0"
"0.36","28","Pernis apivorus","0","0","1","0"
"0.36","28","Acrocephalus arundinaceus","0","0","1","0"
"0.36","28","Passer montanus","0","0","1","0"
"0.36","28","Podiceps cristatus","0","0","1","0"
"0.36","28","Anthus trivialis","0","0","1","0"
"0.36","28","Ardea purpurea","0","0","1","0"
"0.36","28","Sylvia borin","0","0","1","0"
"0.36","28","Tachybaptus ruficollis","0","0","1","0"
"0.36","28","Falco subbuteo","0","0","1","0"
"0.36","28","Charadrius dubius","0","0","1","0"
"0.36","28","Curruca undata","0","0","1","0"
"0.36","28","Apus melba","0","0","1","0"
"0.36","28","Pyrrhula pyrrhula","0","0","1","0"
"0.36","28","Recurvirostra avosetta","0","0","1","0"
"0.36","28","Tadorna tadorna","0","0","1","0"
"0.36","28","Riparia riparia","0","0","1","0"
"0.36","28","Anthus campestris","0","0","1","0"
"0.36","28","Netta rufina","0","0","1","0"
"0.36","28","Circus pygargus","0","0","1","0"
"0.36","28","Cinclus cinclus","0","0","1","0"
"0.36","28","Galerida theklae","0","0","1","0"
"0.36","28","Poecile palustris","0","0","1","0"
"0.36","28","Aquila chrysaetos","0","0","1","0"
"0.36","28","Actitis hypoleucos","0","0","1","0"
"0.36","28","Pyrrhocorax graculus","0","0","1","0"
"0.36","28","Aythya ferina","0","0","1","0"
"0.36","28","Alcedo atthis","0","0","1","0"
"0.36","28","Accipiter nisus","0","0","1","0"
"0.36","28","Burhinus oedicnemus","0","0","1","0"
"0.36","28","Sternula albifrons","0","0","1","0"
"0.36","28","Anthus spinoletta","0","0","1","0"
"0.36","28","Nycticorax nycticorax","0","0","1","0"
"0.36","28","Vanellus vanellus","0","0","1","0"
"0.36","28","Melanocorypha calandra","0","0","1","0"
"0.36","28","Coccothraustes coccothraustes","0","0","1","0"
"0.36","28","Phasianus colchicus","0","0","1","0"
"0.36","28","Cygnus olor","0","0","1","0"
"0.36","28","Saxicola rubetra","0","0","1","0"
"0.36","28","Loxia curvirostra","0","0","1","0"
"0.36","28","Emberiza schoeniclus","0","0","1","0"
"0.36","28","Tringa ochropus","0","0","1","0"
"0.36","28","Mareca strepera","0","0","1","0"
"0.36","28","Phoenicopterus roseus","0","0","1","0"
"0.36","28","Plegadis falcinellus","0","0","1","0"
"0.36","28","Ardea alba","0","0","1","0"
"0.36","28","Strix aluco","0","0","1","0"
"0.36","28","Tringa totanus","0","0","1","0"
"0.36","28","Columba oenas","0","0","1","0"
"0.36","28","Regulus regulus","0","0","1","0"
"0.36","28","Ichthyaetus melanocephalus","0","0","1","0"
"0.36","28","Coracias garrulus","0","0","1","0"
"0.36","28","Passer hispaniolensis","0","0","1","0"
"0.36","28","Cecropis daurica","0","0","1","0"
"0.36","28","Falco naumanni","0","0","1","0"
"0.36","28","Rallus aquaticus","0","0","1","0"
"0.36","28","Psittacula krameri","0","0","1","0"
"0.36","28","Athene noctua","0","0","1","0"
"0.36","28","Platalea leucorodia","0","0","1","0"
"0.36","28","Lanius meridionalis","0","0","1","0"
"0.36","28","Phylloscopus ibericus","0","0","1","0"
"0.36","28","Aegypius monachus","0","0","1","0"
"0.36","28","Otus scops","0","0","1","0"
"0.36","28","Jynx torquilla","0","0","1","0"
"0.36","29","Turdus merula","0","0","1","0"
"0.36","29","Apus apus","0","0","1","0"
"0.36","29","Fringilla coelebs","0","0","1","0"
"0.36","29","Columba palumbus","0","0","1","0"
"0.36","29","Hirundo rustica","0","0","1","0"
"0.36","29","Passer domesticus","0","0","1","0"
"0.36","29","Sylvia atricapilla","0","0","1","0"
"0.36","29","Corvus corone","0","0","1","0"
"0.36","29","Pica pica","0","0","1","0"
"0.36","29","Carduelis carduelis","0","0","1","0"
"0.36","29","Serinus serinus","0","0","1","0"
"0.36","29","Parus major","0","0","1","0"
"0.36","29","Milvus migrans","0","0","1","0"
"0.36","29","Streptopelia decaocto","0","0","1","0"
"0.36","29","Delichon urbicum","0","0","1","0"
"0.36","29","Phoenicurus ochruros","0","0","1","0"
"0.36","29","Erithacus rubecula","0","0","1","0"
"0.36","29","Gyps fulvus","0","0","1","0"
"0.36","29","Motacilla alba","0","0","1","0"
"0.36","29","Garrulus glandarius","0","0","1","0"
"0.36","29","Cyanistes caeruleus","0","0","1","0"
"0.36","29","Chloris chloris","0","0","1","0"
"0.36","29","Troglodytes troglodytes","0","0","1","0"
"0.36","29","Emberiza cirlus","0","0","1","0"
"0.36","29","Luscinia megarhynchos","0","0","1","0"
"0.36","29","Oriolus oriolus","0","0","1","0"
"0.36","29","Columba livia","0","0","1","0"
"0.36","29","Falco tinnunculus","0","0","1","0"
"0.36","29","Cuculus canorus","0","0","1","0"
"0.36","29","Buteo buteo","0","0","1","0"
"0.36","29","Sturnus vulgaris","0","0","1","0"
"0.36","29","Phylloscopus bonelli","0","0","1","0"
"0.36","29","Linaria cannabina","0","0","1","0"
"0.36","29","Periparus ater","0","0","1","0"
"0.36","29","Hippolais polyglotta","0","0","1","0"
"0.36","29","Larus michahellis","0","0","1","0"
"0.36","29","Merops apiaster","0","0","1","0"
"0.36","29","Ptyonoprogne rupestris","0","0","1","0"
"0.36","29","Anas platyrhynchos","0","0","1","0"
"0.36","29","Certhia brachydactyla","0","0","1","0"
"0.36","29","Saxicola rubicola","0","0","1","0"
"0.36","29","Ardea cinerea","0","0","1","0"
"0.36","29","Dendrocopos major","0","0","1","0"
"0.36","29","Picus viridis","0","0","1","0"
"0.36","29","Streptopelia turtur","0","0","1","0"
"0.36","29","Upupa epops","0","0","1","0"
"0.36","29","Emberiza calandra","0","0","1","0"
"0.36","29","Regulus ignicapilla","0","0","1","0"
"0.36","29","Corvus corax","0","0","1","0"
"0.36","29","Aegithalos caudatus","0","0","1","0"
"0.36","29","Alauda arvensis","0","0","1","0"
"0.36","29","Turdus philomelos","0","0","1","0"
"0.36","29","Turdus viscivorus","0","0","1","0"
"0.36","29","Sitta europaea","0","0","1","0"
"0.36","29","Lullula arborea","0","0","1","0"
"0.36","29","Pyrrhocorax pyrrhocorax","0","0","1","0"
"0.36","29","Galerida cristata","0","0","1","0"
"0.36","29","Phylloscopus collybita","0","0","1","0"
"0.36","29","Petronia petronia","0","0","1","0"
"0.36","29","Cettia cetti","0","0","1","0"
"0.36","29","Lophophanes cristatus","0","0","1","0"
"0.36","29","Fulica atra","0","0","1","0"
"0.36","29","Egretta garzetta","0","0","1","0"
"0.36","29","Curruca melanocephala","0","0","1","0"
"0.36","29","Lanius collurio","0","0","1","0"
"0.36","29","Cisticola juncidis","0","0","1","0"
"0.36","29","Curruca communis","0","0","1","0"
"0.36","29","Circaetus gallicus","0","0","1","0"
"0.36","29","Phalacrocorax carbo","0","0","1","0"
"0.36","29","Carduelis citrinella","0","0","1","0"
"0.36","29","Milvus milvus","0","0","1","0"
"0.36","29","Gallinula chloropus","0","0","1","0"
"0.36","29","Oenanthe oenanthe","0","0","1","0"
"0.36","29","Hieraaetus pennatus","0","0","1","0"
"0.36","29","Ciconia ciconia","0","0","1","0"
"0.36","29","Phoenicurus phoenicurus","0","0","1","0"
"0.36","29","Picus sharpei","0","0","1","0"
"0.36","29","Chroicocephalus ridibundus","0","0","1","0"
"0.36","29","Motacilla cinerea","0","0","1","0"
"0.36","29","Corvus monedula","0","0","1","0"
"0.36","29","Lanius senator","0","0","1","0"
"0.36","29","Himantopus himantopus","0","0","1","0"
"0.36","29","Acrocephalus scirpaceus","0","0","1","0"
"0.36","29","Prunella modularis","0","0","1","0"
"0.36","29","Emberiza cia","0","0","1","0"
"0.36","29","Emberiza citrinella","0","0","1","0"
"0.36","29","Curruca iberiae","0","0","1","0"
"0.36","29","Coturnix coturnix","0","0","1","0"
"0.36","29","Alectoris rufa","0","0","1","0"
"0.36","29","Bubulcus ibis","0","0","1","0"
"0.36","29","Circus aeruginosus","0","0","1","0"
"0.36","29","Sturnus unicolor","0","0","1","0"
"0.36","29","Motacilla flava","0","0","1","0"
"0.36","29","Muscicapa striata","0","0","1","0"
"0.36","29","Sterna hirundo","0","0","1","0"
"0.36","29","Pernis apivorus","0","0","1","0"
"0.36","29","Acrocephalus arundinaceus","0","0","1","0"
"0.36","29","Passer montanus","0","0","1","0"
"0.36","29","Podiceps cristatus","0","0","1","0"
"0.36","29","Anthus trivialis","0","0","1","0"
"0.36","29","Ardea purpurea","0","0","1","0"
"0.36","29","Sylvia borin","0","0","1","0"
"0.36","29","Tachybaptus ruficollis","0","0","1","0"
"0.36","29","Falco subbuteo","0","0","1","0"
"0.36","29","Charadrius dubius","0","0","1","0"
"0.36","29","Curruca undata","0","0","1","0"
"0.36","29","Apus melba","0","0","1","0"
"0.36","29","Pyrrhula pyrrhula","0","0","1","0"
"0.36","29","Recurvirostra avosetta","0","0","1","0"
"0.36","29","Tadorna tadorna","0","0","1","0"
"0.36","29","Riparia riparia","0","0","1","0"
"0.36","29","Anthus campestris","0","0","1","0"
"0.36","29","Netta rufina","0","0","1","0"
"0.36","29","Circus pygargus","0","0","1","0"
"0.36","29","Cinclus cinclus","0","0","1","0"
"0.36","29","Galerida theklae","0","0","1","0"
"0.36","29","Poecile palustris","0","0","1","0"
"0.36","29","Aquila chrysaetos","0","0","1","0"
"0.36","29","Actitis hypoleucos","0","0","1","0"
"0.36","29","Pyrrhocorax graculus","0","0","1","0"
"0.36","29","Aythya ferina","0","0","1","0"
"0.36","29","Alcedo atthis","0","0","1","0"
"0.36","29","Accipiter nisus","0","0","1","0"
"0.36","29","Burhinus oedicnemus","0","0","1","0"
"0.36","29","Sternula albifrons","0","0","1","0"
"0.36","29","Anthus spinoletta","0","0","1","0"
"0.36","29","Nycticorax nycticorax","0","0","1","0"
"0.36","29","Vanellus vanellus","0","0","1","0"
"0.36","29","Melanocorypha calandra","0","0","1","0"
"0.36","29","Coccothraustes coccothraustes","0","0","1","0"
"0.36","29","Phasianus colchicus","0","0","1","0"
"0.36","29","Cygnus olor","0","0","1","0"
"0.36","29","Saxicola rubetra","0","0","1","0"
"0.36","29","Loxia curvirostra","0","0","1","0"
"0.36","29","Emberiza schoeniclus","0","0","1","0"
"0.36","29","Tringa ochropus","0","0","1","0"
"0.36","29","Mareca strepera","0","0","1","0"
"0.36","29","Phoenicopterus roseus","0","0","1","0"
"0.36","29","Plegadis falcinellus","0","0","1","0"
"0.36","29","Ardea alba","0","0","1","0"
"0.36","29","Strix aluco","0","0","1","0"
"0.36","29","Tringa totanus","0","0","1","0"
"0.36","29","Columba oenas","0","0","1","0"
"0.36","29","Regulus regulus","0","0","1","0"
"0.36","29","Ichthyaetus melanocephalus","0","0","1","0"
"0.36","29","Coracias garrulus","0","0","1","0"
"0.36","29","Passer hispaniolensis","0","0","1","0"
"0.36","29","Cecropis daurica","0","0","1","0"
"0.36","29","Falco naumanni","0","0","1","0"
"0.36","29","Rallus aquaticus","0","0","1","0"
"0.36","29","Psittacula krameri","0","0","1","0"
"0.36","29","Athene noctua","0","0","1","0"
"0.36","29","Platalea leucorodia","0","0","1","0"
"0.36","29","Lanius meridionalis","0","0","1","0"
"0.36","29","Phylloscopus ibericus","0","0","1","0"
"0.36","29","Aegypius monachus","0","0","1","0"
"0.36","29","Otus scops","0","0","1","0"
"0.36","29","Jynx torquilla","0","0","1","0"
"0.36","30","Turdus merula","0","0","0","1"
"0.36","30","Apus apus","0","0","1","0"
"0.36","30","Fringilla coelebs","0","0","1","0"
"0.36","30","Columba palumbus","1","0","0","0"
"0.36","30","Hirundo rustica","0","0","1","0"
"0.36","30","Passer domesticus","0","0","1","0"
"0.36","30","Sylvia atricapilla","0","0","0","1"
"0.36","30","Corvus corone","0","0","1","0"
"0.36","30","Pica pica","0","0","1","0"
"0.36","30","Carduelis carduelis","0","0","1","0"
"0.36","30","Serinus serinus","0","0","1","0"
"0.36","30","Parus major","0","0","1","0"
"0.36","30","Milvus migrans","0","0","1","0"
"0.36","30","Streptopelia decaocto","0","0","1","0"
"0.36","30","Delichon urbicum","0","0","1","0"
"0.36","30","Phoenicurus ochruros","0","0","1","0"
"0.36","30","Erithacus rubecula","0","0","0","1"
"0.36","30","Gyps fulvus","0","0","1","0"
"0.36","30","Motacilla alba","0","0","1","0"
"0.36","30","Garrulus glandarius","0","0","0","1"
"0.36","30","Cyanistes caeruleus","0","0","1","0"
"0.36","30","Chloris chloris","0","0","1","0"
"0.36","30","Troglodytes troglodytes","0","0","1","0"
"0.36","30","Emberiza cirlus","0","0","0","1"
"0.36","30","Luscinia megarhynchos","0","0","0","1"
"0.36","30","Oriolus oriolus","0","0","1","0"
"0.36","30","Columba livia","0","0","1","0"
"0.36","30","Falco tinnunculus","0","0","1","0"
"0.36","30","Cuculus canorus","0","0","1","0"
"0.36","30","Buteo buteo","0","0","1","0"
"0.36","30","Sturnus vulgaris","0","0","1","0"
"0.36","30","Phylloscopus bonelli","0","0","1","0"
"0.36","30","Linaria cannabina","0","0","1","0"
"0.36","30","Periparus ater","0","0","1","0"
"0.36","30","Hippolais polyglotta","0","0","1","0"
"0.36","30","Larus michahellis","0","0","1","0"
"0.36","30","Merops apiaster","0","0","1","0"
"0.36","30","Ptyonoprogne rupestris","0","0","1","0"
"0.36","30","Anas platyrhynchos","0","0","1","0"
"0.36","30","Certhia brachydactyla","0","0","1","0"
"0.36","30","Saxicola rubicola","0","0","1","0"
"0.36","30","Ardea cinerea","0","0","1","0"
"0.36","30","Dendrocopos major","0","0","1","0"
"0.36","30","Picus viridis","0","0","1","0"
"0.36","30","Streptopelia turtur","0","0","1","0"
"0.36","30","Upupa epops","0","0","1","0"
"0.36","30","Emberiza calandra","0","0","0","1"
"0.36","30","Regulus ignicapilla","0","0","1","0"
"0.36","30","Corvus corax","0","0","1","0"
"0.36","30","Aegithalos caudatus","0","0","1","0"
"0.36","30","Alauda arvensis","0","0","1","0"
"0.36","30","Turdus philomelos","0","0","1","0"
"0.36","30","Turdus viscivorus","0","0","1","0"
"0.36","30","Sitta europaea","0","0","1","0"
"0.36","30","Lullula arborea","0","0","1","0"
"0.36","30","Pyrrhocorax pyrrhocorax","0","0","1","0"
"0.36","30","Galerida cristata","0","0","1","0"
"0.36","30","Phylloscopus collybita","0","0","1","0"
"0.36","30","Petronia petronia","0","0","1","0"
"0.36","30","Cettia cetti","0","0","1","0"
"0.36","30","Lophophanes cristatus","0","0","1","0"
"0.36","30","Fulica atra","0","0","1","0"
"0.36","30","Egretta garzetta","0","0","1","0"
"0.36","30","Curruca melanocephala","0","0","1","0"
"0.36","30","Lanius collurio","0","0","1","0"
"0.36","30","Cisticola juncidis","0","0","1","0"
"0.36","30","Curruca communis","0","0","0","1"
"0.36","30","Circaetus gallicus","0","0","1","0"
"0.36","30","Phalacrocorax carbo","0","0","1","0"
"0.36","30","Carduelis citrinella","0","0","1","0"
"0.36","30","Milvus milvus","0","0","1","0"
"0.36","30","Gallinula chloropus","0","0","1","0"
"0.36","30","Oenanthe oenanthe","0","0","1","0"
"0.36","30","Hieraaetus pennatus","0","0","1","0"
"0.36","30","Ciconia ciconia","0","0","1","0"
"0.36","30","Phoenicurus phoenicurus","0","0","1","0"
"0.36","30","Picus sharpei","0","0","1","0"
"0.36","30","Chroicocephalus ridibundus","0","0","1","0"
"0.36","30","Motacilla cinerea","0","0","1","0"
"0.36","30","Corvus monedula","0","0","1","0"
"0.36","30","Lanius senator","0","0","1","0"
"0.36","30","Himantopus himantopus","0","0","1","0"
"0.36","30","Acrocephalus scirpaceus","0","0","1","0"
"0.36","30","Prunella modularis","0","0","1","0"
"0.36","30","Emberiza cia","0","0","1","0"
"0.36","30","Emberiza citrinella","0","0","1","0"
"0.36","30","Curruca iberiae","0","0","1","0"
"0.36","30","Coturnix coturnix","0","0","1","0"
"0.36","30","Alectoris rufa","0","0","1","0"
"0.36","30","Bubulcus ibis","0","0","1","0"
"0.36","30","Circus aeruginosus","0","0","1","0"
"0.36","30","Sturnus unicolor","0","0","1","0"
"0.36","30","Motacilla flava","0","0","1","0"
"0.36","30","Muscicapa striata","0","0","1","0"
"0.36","30","Sterna hirundo","0","0","1","0"
"0.36","30","Pernis apivorus","0","0","1","0"
"0.36","30","Acrocephalus arundinaceus","0","0","1","0"
"0.36","30","Passer montanus","0","0","1","0"
"0.36","30","Podiceps cristatus","0","0","1","0"
"0.36","30","Anthus trivialis","0","0","1","0"
"0.36","30","Ardea purpurea","0","0","1","0"
"0.36","30","Sylvia borin","0","0","1","0"
"0.36","30","Tachybaptus ruficollis","0","0","1","0"
"0.36","30","Falco subbuteo","0","0","1","0"
"0.36","30","Charadrius dubius","0","0","1","0"
"0.36","30","Curruca undata","0","0","1","0"
"0.36","30","Apus melba","0","0","1","0"
"0.36","30","Pyrrhula pyrrhula","0","0","1","0"
"0.36","30","Recurvirostra avosetta","0","0","1","0"
"0.36","30","Tadorna tadorna","0","0","1","0"
"0.36","30","Riparia riparia","0","0","1","0"
"0.36","30","Anthus campestris","0","0","1","0"
"0.36","30","Netta rufina","0","0","1","0"
"0.36","30","Circus pygargus","0","0","1","0"
"0.36","30","Cinclus cinclus","0","0","1","0"
"0.36","30","Galerida theklae","0","0","1","0"
"0.36","30","Poecile palustris","0","0","1","0"
"0.36","30","Aquila chrysaetos","0","0","1","0"
"0.36","30","Actitis hypoleucos","0","0","1","0"
"0.36","30","Pyrrhocorax graculus","0","0","1","0"
"0.36","30","Aythya ferina","0","0","1","0"
"0.36","30","Alcedo atthis","0","0","1","0"
"0.36","30","Accipiter nisus","0","0","1","0"
"0.36","30","Burhinus oedicnemus","0","0","1","0"
"0.36","30","Sternula albifrons","0","0","1","0"
"0.36","30","Anthus spinoletta","0","0","1","0"
"0.36","30","Nycticorax nycticorax","0","0","1","0"
"0.36","30","Vanellus vanellus","0","0","1","0"
"0.36","30","Melanocorypha calandra","0","0","1","0"
"0.36","30","Coccothraustes coccothraustes","0","0","1","0"
"0.36","30","Phasianus colchicus","0","0","1","0"
"0.36","30","Cygnus olor","0","0","1","0"
"0.36","30","Saxicola rubetra","0","0","1","0"
"0.36","30","Loxia curvirostra","0","0","1","0"
"0.36","30","Emberiza schoeniclus","0","0","1","0"
"0.36","30","Tringa ochropus","0","0","1","0"
"0.36","30","Mareca strepera","0","0","1","0"
"0.36","30","Phoenicopterus roseus","0","0","1","0"
"0.36","30","Plegadis falcinellus","0","0","1","0"
"0.36","30","Ardea alba","0","0","1","0"
"0.36","30","Strix aluco","0","0","1","0"
"0.36","30","Tringa totanus","0","0","1","0"
"0.36","30","Columba oenas","0","0","1","0"
"0.36","30","Regulus regulus","0","0","1","0"
"0.36","30","Ichthyaetus melanocephalus","0","0","1","0"
"0.36","30","Coracias garrulus","0","0","1","0"
"0.36","30","Passer hispaniolensis","0","0","1","0"
"0.36","30","Cecropis daurica","0","0","1","0"
"0.36","30","Falco naumanni","0","0","1","0"
"0.36","30","Rallus aquaticus","0","0","1","0"
"0.36","30","Psittacula krameri","0","0","1","0"
"0.36","30","Athene noctua","0","0","1","0"
"0.36","30","Platalea leucorodia","0","0","1","0"
"0.36","30","Lanius meridionalis","0","0","1","0"
"0.36","30","Phylloscopus ibericus","0","0","1","0"
"0.36","30","Aegypius monachus","0","0","1","0"
"0.36","30","Otus scops","0","0","1","0"
"0.36","30","Jynx torquilla","0","0","1","0"
"0.36","31","Turdus merula","0","0","0","1"
"0.36","31","Hirundo rustica","0","0","1","0"
"0.36","31","Fringilla coelebs","0","0","1","0"
"0.36","31","Columba palumbus","0","0","1","0"
"0.36","31","Corvus corone","0","0","1","0"
"0.36","31","Sylvia atricapilla","1","0","0","0"
"0.36","31","Parus major","0","0","1","0"
"0.36","31","Passer domesticus","0","0","1","0"
"0.36","31","Pica pica","0","0","1","0"
"0.36","31","Apus apus","0","0","1","0"
"0.36","31","Carduelis carduelis","0","0","1","0"
"0.36","31","Erithacus rubecula","0","0","1","0"
"0.36","31","Serinus serinus","0","0","1","0"
"0.36","31","Luscinia megarhynchos","0","0","1","0"
"0.36","31","Streptopelia decaocto","0","0","1","0"
"0.36","31","Milvus migrans","0","0","1","0"
"0.36","31","Cyanistes caeruleus","0","0","1","0"
"0.36","31","Cuculus canorus","0","0","1","0"
"0.36","31","Phoenicurus ochruros","0","0","1","0"
"0.36","31","Anas platyrhynchos","0","0","1","0"
"0.36","31","Garrulus glandarius","0","0","1","0"
"0.36","31","Delichon urbicum","0","0","1","0"
"0.36","31","Motacilla alba","0","0","1","0"
"0.36","31","Chloris chloris","0","0","1","0"
"0.36","31","Troglodytes troglodytes","0","0","1","0"
"0.36","31","Gyps fulvus","0","0","1","0"
"0.36","31","Falco tinnunculus","0","0","1","0"
"0.36","31","Sturnus vulgaris","0","0","1","0"
"0.36","31","Columba livia","0","0","1","0"
"0.36","31","Buteo buteo","0","0","1","0"
"0.36","31","Emberiza cirlus","0","0","1","0"
"0.36","31","Larus michahellis","0","0","1","0"
"0.36","31","Linaria cannabina","0","0","1","0"
"0.36","31","Phylloscopus bonelli","0","0","1","0"
"0.36","31","Periparus ater","0","0","1","0"
"0.36","31","Ardea cinerea","0","0","1","0"
"0.36","31","Merops apiaster","0","0","1","0"
"0.36","31","Certhia brachydactyla","0","0","1","0"
"0.36","31","Aegithalos caudatus","0","0","1","0"
"0.36","31","Saxicola rubicola","0","0","1","0"
"0.36","31","Corvus corax","0","0","1","0"
"0.36","31","Upupa epops","0","0","1","0"
"0.36","31","Cettia cetti","0","0","1","0"
"0.36","31","Dendrocopos major","0","0","1","0"
"0.36","31","Regulus ignicapilla","0","0","1","0"
"0.36","31","Oriolus oriolus","0","0","1","0"
"0.36","31","Emberiza calandra","0","0","1","0"
"0.36","31","Hippolais polyglotta","0","0","1","0"
"0.36","31","Picus viridis","0","0","1","0"
"0.36","31","Motacilla flava","0","0","1","0"
"0.36","31","Ptyonoprogne rupestris","0","0","1","0"
"0.36","31","Sitta europaea","0","0","1","0"
"0.36","31","Phalacrocorax carbo","0","0","1","0"
"0.36","31","Egretta garzetta","0","0","1","0"
"0.36","31","Turdus viscivorus","0","0","1","0"
"0.36","31","Fulica atra","0","0","1","0"
"0.36","31","Gallinula chloropus","0","0","1","0"
"0.36","31","Curruca melanocephala","0","0","1","0"
"0.36","31","Phylloscopus collybita","1","0","0","0"
"0.36","31","Lullula arborea","0","0","1","0"
"0.36","31","Galerida cristata","0","0","1","0"
"0.36","31","Oenanthe oenanthe","0","0","1","0"
"0.36","31","Circus aeruginosus","0","0","1","0"
"0.36","31","Turdus philomelos","0","0","1","0"
"0.36","31","Pyrrhocorax pyrrhocorax","0","0","1","0"
"0.36","31","Milvus milvus","0","0","1","0"
"0.36","31","Lophophanes cristatus","0","0","1","0"
"0.36","31","Picus sharpei","0","0","1","0"
"0.36","31","Curruca communis","0","0","1","0"
"0.36","31","Streptopelia turtur","0","0","1","0"
"0.36","31","Cisticola juncidis","0","0","1","0"
"0.36","31","Circaetus gallicus","0","0","1","0"
"0.36","31","Phoenicurus phoenicurus","0","0","1","0"
"0.36","31","Alauda arvensis","0","0","1","0"
"0.36","31","Corvus monedula","0","0","1","0"
"0.36","31","Petronia petronia","0","0","1","0"
"0.36","31","Ciconia ciconia","0","0","1","0"
"0.36","31","Hieraaetus pennatus","0","0","1","0"
"0.36","31","Sturnus unicolor","0","0","1","0"
"0.36","31","Himantopus himantopus","0","0","1","0"
"0.36","31","Prunella modularis","0","0","1","0"
"0.36","31","Podiceps cristatus","0","0","1","0"
"0.36","31","Curruca iberiae","0","0","1","0"
"0.36","31","Motacilla cinerea","0","0","1","0"
"0.36","31","Actitis hypoleucos","0","0","1","0"
"0.36","31","Anthus trivialis","0","0","1","0"
"0.36","31","Lanius senator","0","0","1","0"
"0.36","31","Bubulcus ibis","0","0","1","0"
"0.36","31","Alectoris rufa","0","0","1","0"
"0.36","31","Carduelis citrinella","0","0","1","0"
"0.36","31","Emberiza cia","0","0","1","0"
"0.36","31","Acrocephalus scirpaceus","0","0","1","0"
"0.36","31","Tachybaptus ruficollis","0","0","1","0"
"0.36","31","Chroicocephalus ridibundus","0","0","1","0"
"0.36","31","Ardea purpurea","0","0","1","0"
"0.36","31","Charadrius dubius","0","0","1","0"
"0.36","31","Saxicola rubetra","0","0","1","0"
"0.36","31","Tadorna tadorna","0","0","1","0"
"0.36","31","Muscicapa striata","0","0","1","0"
"0.36","31","Pernis apivorus","0","0","1","0"
"0.36","31","Passer montanus","0","0","1","0"
"0.36","31","Ficedula hypoleuca","0","0","1","0"
"0.36","31","Acrocephalus arundinaceus","0","0","1","0"
"0.36","31","Phylloscopus trochilus","0","0","1","0"
"0.36","31","Riparia riparia","0","0","1","0"
"0.36","31","Ardea alba","0","0","1","0"
"0.36","31","Lanius collurio","0","0","1","0"
"0.36","31","Netta rufina","0","0","1","0"
"0.36","31","Poecile palustris","0","0","1","0"
"0.36","31","Mareca strepera","0","0","1","0"
"0.36","31","Pyrrhula pyrrhula","0","0","1","0"
"0.36","31","Emberiza citrinella","0","0","1","0"
"0.36","31","Accipiter nisus","0","0","1","0"
"0.36","31","Curruca undata","0","0","1","0"
"0.36","31","Tringa glareola","0","0","1","0"
"0.36","31","Sterna hirundo","0","0","1","0"
"0.36","31","Apus melba","0","0","1","0"
"0.36","31","Recurvirostra avosetta","0","0","1","0"
"0.36","31","Falco subbuteo","0","0","1","0"
"0.36","31","Spatula clypeata","0","0","1","0"
"0.36","31","Plegadis falcinellus","0","0","1","0"
"0.36","31","Phasianus colchicus","0","0","1","0"
"0.36","31","Tringa ochropus","0","0","1","0"
"0.36","31","Alcedo atthis","0","0","1","0"
"0.36","31","Circus pygargus","0","0","1","0"
"0.36","31","Aythya ferina","0","0","1","0"
"0.36","31","Coturnix coturnix","0","0","1","0"
"0.36","31","Sylvia borin","0","0","1","0"
"0.36","31","Melanocorypha calandra","0","0","1","0"
"0.36","31","Tringa totanus","0","0","1","0"
"0.36","31","Jynx torquilla","0","0","1","0"
"0.36","31","Cinclus cinclus","0","0","1","0"
"0.36","31","Aquila chrysaetos","0","0","1","0"
"0.36","31","Tringa nebularia","0","0","1","0"
"0.36","31","Coccothraustes coccothraustes","0","0","1","0"
"0.36","31","Cygnus olor","0","0","1","0"
"0.36","31","Vanellus vanellus","0","0","1","0"
"0.36","31","Pyrrhocorax graculus","0","0","1","0"
"0.36","31","Psittacula krameri","0","0","1","0"
"0.36","31","Regulus regulus","0","0","1","0"
"0.36","31","Anthus spinoletta","0","0","1","0"
"0.36","31","Phoenicopterus roseus","0","0","1","0"
"0.36","31","Podiceps nigricollis","0","0","1","0"
"0.36","31","Loxia curvirostra","0","0","1","0"
"0.36","31","Morus bassanus","0","0","1","0"
"0.36","31","Rallus aquaticus","0","0","1","0"
"0.36","31","Anthus pratensis","0","0","1","0"
"0.36","31","Falco peregrinus","0","0","1","0"
"0.36","31","Emberiza schoeniclus","0","0","1","0"
"0.36","31","Calidris pugnax","0","0","1","0"
"0.36","31","Anas crecca","0","0","1","0"
"0.36","31","Nycticorax nycticorax","0","0","1","0"
"0.36","31","Anthus campestris","0","0","1","0"
"0.36","31","Falco naumanni","0","0","1","0"
"0.36","31","Ichthyaetus melanocephalus","0","0","1","0"
"0.36","31","Passer hispaniolensis","0","0","1","0"
"0.36","31","Burhinus oedicnemus","0","0","1","0"
"0.36","31","Galerida theklae","0","0","1","0"
"0.36","31","Cecropis daurica","0","0","1","0"
"0.36","31","Pandion haliaetus","0","0","1","0"
"0.36","31","Limosa limosa","0","0","1","0"
"0.36","31","Aegypius monachus","0","0","1","0"
"0.36","31","Columba oenas","0","0","1","0"
"0.36","31","Gelochelidon nilotica","0","0","1","0"
"0.36","31","Thalasseus sandvicensis","0","0","1","0"
"0.36","31","Spatula querquedula","0","0","1","0"
"0.36","31","Charadrius hiaticula","0","0","1","0"
"0.36","31","Monticola solitarius","0","0","1","0"
"0.36","31","Dryocopus martius","0","0","1","0"
"0.36","31","Chlidonias hybrida","0","0","1","0"
"0.36","31","Calidris alpina","0","0","1","0"
"0.36","31","Gallinago gallinago","0","0","1","0"
"0.36","31","Phylloscopus ibericus","0","0","1","0"
"0.36","31","Sternula albifrons","0","0","1","0"
"0.36","31","Spinus spinus","0","0","1","0"
"0.36","31","Ardeola ralloides","0","0","1","0"
"0.36","31","Strix aluco","0","0","1","0"
"0.36","31","Platalea leucorodia","0","0","1","0"
"0.36","31","Branta canadensis","0","0","1","0"
"0.36","31","Athene noctua","0","0","1","0"
"0.36","31","Certhia familiaris","0","0","1","0"
"0.36","31","Otus scops","0","0","1","0"
"0.36","32","Turdus merula","0","0","1","0"
"0.36","32","Hirundo rustica","0","0","1","0"
"0.36","32","Fringilla coelebs","0","0","1","0"
"0.36","32","Columba palumbus","0","0","1","0"
"0.36","32","Corvus corone","0","0","1","0"
"0.36","32","Sylvia atricapilla","0","0","1","0"
"0.36","32","Parus major","0","0","1","0"
"0.36","32","Passer domesticus","0","0","1","0"
"0.36","32","Pica pica","0","0","1","0"
"0.36","32","Apus apus","0","0","1","0"
"0.36","32","Carduelis carduelis","0","0","1","0"
"0.36","32","Erithacus rubecula","0","0","1","0"
"0.36","32","Serinus serinus","0","0","1","0"
"0.36","32","Luscinia megarhynchos","0","0","1","0"
"0.36","32","Streptopelia decaocto","0","0","1","0"
"0.36","32","Milvus migrans","0","0","1","0"
"0.36","32","Cyanistes caeruleus","0","0","1","0"
"0.36","32","Cuculus canorus","0","0","1","0"
"0.36","32","Phoenicurus ochruros","0","0","1","0"
"0.36","32","Anas platyrhynchos","0","0","1","0"
"0.36","32","Garrulus glandarius","0","0","1","0"
"0.36","32","Delichon urbicum","0","0","1","0"
"0.36","32","Motacilla alba","0","0","1","0"
"0.36","32","Chloris chloris","0","0","1","0"
"0.36","32","Troglodytes troglodytes","0","0","1","0"
"0.36","32","Gyps fulvus","0","0","1","0"
"0.36","32","Falco tinnunculus","0","0","1","0"
"0.36","32","Sturnus vulgaris","0","0","1","0"
"0.36","32","Columba livia","0","0","1","0"
"0.36","32","Buteo buteo","0","0","1","0"
"0.36","32","Emberiza cirlus","0","0","1","0"
"0.36","32","Larus michahellis","0","0","1","0"
"0.36","32","Linaria cannabina","0","0","1","0"
"0.36","32","Phylloscopus bonelli","0","0","1","0"
"0.36","32","Periparus ater","0","0","1","0"
"0.36","32","Ardea cinerea","0","0","1","0"
"0.36","32","Merops apiaster","0","0","1","0"
"0.36","32","Certhia brachydactyla","0","0","1","0"
"0.36","32","Aegithalos caudatus","0","0","1","0"
"0.36","32","Saxicola rubicola","0","0","1","0"
"0.36","32","Corvus corax","0","0","1","0"
"0.36","32","Upupa epops","0","0","1","0"
"0.36","32","Cettia cetti","0","0","1","0"
"0.36","32","Dendrocopos major","0","0","1","0"
"0.36","32","Regulus ignicapilla","0","0","1","0"
"0.36","32","Oriolus oriolus","0","0","1","0"
"0.36","32","Emberiza calandra","0","0","1","0"
"0.36","32","Hippolais polyglotta","0","0","1","0"
"0.36","32","Picus viridis","0","0","1","0"
"0.36","32","Motacilla flava","0","0","1","0"
"0.36","32","Ptyonoprogne rupestris","0","0","1","0"
"0.36","32","Sitta europaea","0","0","1","0"
"0.36","32","Phalacrocorax carbo","0","0","1","0"
"0.36","32","Egretta garzetta","0","0","1","0"
"0.36","32","Turdus viscivorus","0","0","1","0"
"0.36","32","Fulica atra","0","0","1","0"
"0.36","32","Gallinula chloropus","0","0","1","0"
"0.36","32","Curruca melanocephala","0","0","1","0"
"0.36","32","Phylloscopus collybita","0","0","1","0"
"0.36","32","Lullula arborea","0","0","1","0"
"0.36","32","Galerida cristata","0","0","1","0"
"0.36","32","Oenanthe oenanthe","0","0","1","0"
"0.36","32","Circus aeruginosus","0","0","1","0"
"0.36","32","Turdus philomelos","0","0","1","0"
"0.36","32","Pyrrhocorax pyrrhocorax","0","0","1","0"
"0.36","32","Milvus milvus","0","0","1","0"
"0.36","32","Lophophanes cristatus","0","0","1","0"
"0.36","32","Picus sharpei","0","0","1","0"
"0.36","32","Curruca communis","0","0","1","0"
"0.36","32","Streptopelia turtur","0","0","1","0"
"0.36","32","Cisticola juncidis","0","0","1","0"
"0.36","32","Circaetus gallicus","0","0","1","0"
"0.36","32","Phoenicurus phoenicurus","0","0","1","0"
"0.36","32","Alauda arvensis","0","0","1","0"
"0.36","32","Corvus monedula","0","0","1","0"
"0.36","32","Petronia petronia","0","0","1","0"
"0.36","32","Ciconia ciconia","0","0","1","0"
"0.36","32","Hieraaetus pennatus","0","0","1","0"
"0.36","32","Sturnus unicolor","0","0","1","0"
"0.36","32","Himantopus himantopus","0","0","1","0"
"0.36","32","Prunella modularis","0","0","1","0"
"0.36","32","Podiceps cristatus","0","0","1","0"
"0.36","32","Curruca iberiae","0","0","1","0"
"0.36","32","Motacilla cinerea","0","0","1","0"
"0.36","32","Actitis hypoleucos","0","0","1","0"
"0.36","32","Anthus trivialis","0","0","1","0"
"0.36","32","Lanius senator","0","0","1","0"
"0.36","32","Bubulcus ibis","0","0","1","0"
"0.36","32","Alectoris rufa","0","0","1","0"
"0.36","32","Carduelis citrinella","0","0","1","0"
"0.36","32","Emberiza cia","0","0","1","0"
"0.36","32","Acrocephalus scirpaceus","0","0","1","0"
"0.36","32","Tachybaptus ruficollis","0","0","1","0"
"0.36","32","Chroicocephalus ridibundus","0","0","1","0"
"0.36","32","Ardea purpurea","0","0","1","0"
"0.36","32","Charadrius dubius","0","0","1","0"
"0.36","32","Saxicola rubetra","0","0","1","0"
"0.36","32","Tadorna tadorna","0","0","1","0"
"0.36","32","Muscicapa striata","0","0","1","0"
"0.36","32","Pernis apivorus","0","0","1","0"
"0.36","32","Passer montanus","0","0","1","0"
"0.36","32","Ficedula hypoleuca","0","0","1","0"
"0.36","32","Acrocephalus arundinaceus","0","0","1","0"
"0.36","32","Phylloscopus trochilus","0","0","1","0"
"0.36","32","Riparia riparia","0","0","1","0"
"0.36","32","Ardea alba","0","0","1","0"
"0.36","32","Lanius collurio","0","0","1","0"
"0.36","32","Netta rufina","0","0","1","0"
"0.36","32","Poecile palustris","0","0","1","0"
"0.36","32","Mareca strepera","0","0","1","0"
"0.36","32","Pyrrhula pyrrhula","0","0","1","0"
"0.36","32","Emberiza citrinella","0","0","1","0"
"0.36","32","Accipiter nisus","0","0","1","0"
"0.36","32","Curruca undata","0","0","1","0"
"0.36","32","Tringa glareola","0","0","1","0"
"0.36","32","Sterna hirundo","0","0","1","0"
"0.36","32","Apus melba","0","0","1","0"
"0.36","32","Recurvirostra avosetta","0","0","1","0"
"0.36","32","Falco subbuteo","0","0","1","0"
"0.36","32","Spatula clypeata","0","0","1","0"
"0.36","32","Plegadis falcinellus","0","0","1","0"
"0.36","32","Phasianus colchicus","0","0","1","0"
"0.36","32","Tringa ochropus","0","0","1","0"
"0.36","32","Alcedo atthis","0","0","1","0"
"0.36","32","Circus pygargus","0","0","1","0"
"0.36","32","Aythya ferina","0","0","1","0"
"0.36","32","Coturnix coturnix","0","0","1","0"
"0.36","32","Sylvia borin","0","0","1","0"
"0.36","32","Melanocorypha calandra","0","0","1","0"
"0.36","32","Tringa totanus","0","0","1","0"
"0.36","32","Jynx torquilla","0","0","1","0"
"0.36","32","Cinclus cinclus","0","0","1","0"
"0.36","32","Aquila chrysaetos","0","0","1","0"
"0.36","32","Tringa nebularia","0","0","1","0"
"0.36","32","Coccothraustes coccothraustes","0","0","1","0"
"0.36","32","Cygnus olor","0","0","1","0"
"0.36","32","Vanellus vanellus","0","0","1","0"
"0.36","32","Pyrrhocorax graculus","0","0","1","0"
"0.36","32","Psittacula krameri","0","0","1","0"
"0.36","32","Regulus regulus","0","0","1","0"
"0.36","32","Anthus spinoletta","0","0","1","0"
"0.36","32","Phoenicopterus roseus","0","0","1","0"
"0.36","32","Podiceps nigricollis","0","0","1","0"
"0.36","32","Loxia curvirostra","0","0","1","0"
"0.36","32","Morus bassanus","0","0","1","0"
"0.36","32","Rallus aquaticus","0","0","1","0"
"0.36","32","Anthus pratensis","0","0","1","0"
"0.36","32","Falco peregrinus","0","0","1","0"
"0.36","32","Emberiza schoeniclus","0","0","1","0"
"0.36","32","Calidris pugnax","0","0","1","0"
"0.36","32","Anas crecca","0","0","1","0"
"0.36","32","Nycticorax nycticorax","0","0","1","0"
"0.36","32","Anthus campestris","0","0","1","0"
"0.36","32","Falco naumanni","0","0","1","0"
"0.36","32","Ichthyaetus melanocephalus","0","0","1","0"
"0.36","32","Passer hispaniolensis","0","0","1","0"
"0.36","32","Burhinus oedicnemus","0","0","1","0"
"0.36","32","Galerida theklae","0","0","1","0"
"0.36","32","Cecropis daurica","0","0","1","0"
"0.36","32","Pandion haliaetus","0","0","1","0"
"0.36","32","Limosa limosa","0","0","1","0"
"0.36","32","Aegypius monachus","0","0","1","0"
"0.36","32","Columba oenas","0","0","1","0"
"0.36","32","Gelochelidon nilotica","0","0","1","0"
"0.36","32","Thalasseus sandvicensis","0","0","1","0"
"0.36","32","Spatula querquedula","0","0","1","0"
"0.36","32","Charadrius hiaticula","0","0","1","0"
"0.36","32","Monticola solitarius","0","0","1","0"
"0.36","32","Dryocopus martius","0","0","1","0"
"0.36","32","Chlidonias hybrida","0","0","1","0"
"0.36","32","Calidris alpina","0","0","1","0"
"0.36","32","Gallinago gallinago","0","0","1","0"
"0.36","32","Phylloscopus ibericus","0","0","1","0"
"0.36","32","Sternula albifrons","0","0","1","0"
"0.36","32","Spinus spinus","0","0","1","0"
"0.36","32","Ardeola ralloides","0","0","1","0"
"0.36","32","Strix aluco","0","0","1","0"
"0.36","32","Platalea leucorodia","0","0","1","0"
"0.36","32","Branta canadensis","0","0","1","0"
"0.36","32","Athene noctua","0","0","1","0"
"0.36","32","Certhia familiaris","0","0","1","0"
"0.36","32","Otus scops","0","0","1","0"
"0.36","33","Turdus merula","0","0","1","0"
"0.36","33","Hirundo rustica","0","0","1","0"
"0.36","33","Fringilla coelebs","0","0","1","0"
"0.36","33","Columba palumbus","0","0","1","0"
"0.36","33","Corvus corone","0","0","1","0"
"0.36","33","Sylvia atricapilla","0","0","0","1"
"0.36","33","Parus major","0","0","1","0"
"0.36","33","Passer domesticus","0","0","1","0"
"0.36","33","Pica pica","0","0","1","0"
"0.36","33","Apus apus","0","0","1","0"
"0.36","33","Carduelis carduelis","0","0","1","0"
"0.36","33","Erithacus rubecula","0","0","1","0"
"0.36","33","Serinus serinus","0","0","1","0"
"0.36","33","Luscinia megarhynchos","0","0","1","0"
"0.36","33","Streptopelia decaocto","0","0","0","1"
"0.36","33","Milvus migrans","0","0","1","0"
"0.36","33","Cyanistes caeruleus","0","0","1","0"
"0.36","33","Cuculus canorus","0","0","1","0"
"0.36","33","Phoenicurus ochruros","0","0","1","0"
"0.36","33","Anas platyrhynchos","0","0","1","0"
"0.36","33","Garrulus glandarius","0","0","1","0"
"0.36","33","Delichon urbicum","0","0","1","0"
"0.36","33","Motacilla alba","0","0","1","0"
"0.36","33","Chloris chloris","0","0","1","0"
"0.36","33","Troglodytes troglodytes","0","0","0","1"
"0.36","33","Gyps fulvus","0","0","1","0"
"0.36","33","Falco tinnunculus","0","0","1","0"
"0.36","33","Sturnus vulgaris","0","0","1","0"
"0.36","33","Columba livia","0","0","1","0"
"0.36","33","Buteo buteo","0","0","1","0"
"0.36","33","Emberiza cirlus","0","0","1","0"
"0.36","33","Larus michahellis","0","0","1","0"
"0.36","33","Linaria cannabina","0","0","1","0"
"0.36","33","Phylloscopus bonelli","0","0","1","0"
"0.36","33","Periparus ater","0","0","1","0"
"0.36","33","Ardea cinerea","0","0","1","0"
"0.36","33","Merops apiaster","0","0","1","0"
"0.36","33","Certhia brachydactyla","0","0","1","0"
"0.36","33","Aegithalos caudatus","0","0","1","0"
"0.36","33","Saxicola rubicola","0","0","1","0"
"0.36","33","Corvus corax","0","0","1","0"
"0.36","33","Upupa epops","0","0","1","0"
"0.36","33","Cettia cetti","0","0","1","0"
"0.36","33","Dendrocopos major","0","0","1","0"
"0.36","33","Regulus ignicapilla","0","0","1","0"
"0.36","33","Oriolus oriolus","0","0","1","0"
"0.36","33","Emberiza calandra","0","0","1","0"
"0.36","33","Hippolais polyglotta","0","0","1","0"
"0.36","33","Picus viridis","0","0","1","0"
"0.36","33","Motacilla flava","0","0","1","0"
"0.36","33","Ptyonoprogne rupestris","0","0","1","0"
"0.36","33","Sitta europaea","0","0","1","0"
"0.36","33","Phalacrocorax carbo","0","0","1","0"
"0.36","33","Egretta garzetta","0","0","1","0"
"0.36","33","Turdus viscivorus","0","0","1","0"
"0.36","33","Fulica atra","0","0","1","0"
"0.36","33","Gallinula chloropus","0","0","1","0"
"0.36","33","Curruca melanocephala","0","0","1","0"
"0.36","33","Phylloscopus collybita","0","0","0","1"
"0.36","33","Lullula arborea","0","0","1","0"
"0.36","33","Galerida cristata","0","0","1","0"
"0.36","33","Oenanthe oenanthe","0","0","1","0"
"0.36","33","Circus aeruginosus","0","0","1","0"
"0.36","33","Turdus philomelos","0","0","1","0"
"0.36","33","Pyrrhocorax pyrrhocorax","0","0","1","0"
"0.36","33","Milvus milvus","0","0","1","0"
"0.36","33","Lophophanes cristatus","0","0","1","0"
"0.36","33","Picus sharpei","0","0","1","0"
"0.36","33","Curruca communis","0","0","1","0"
"0.36","33","Streptopelia turtur","0","0","1","0"
"0.36","33","Cisticola juncidis","0","0","1","0"
"0.36","33","Circaetus gallicus","0","0","1","0"
"0.36","33","Phoenicurus phoenicurus","0","0","1","0"
"0.36","33","Alauda arvensis","0","0","1","0"
"0.36","33","Corvus monedula","0","0","1","0"
"0.36","33","Petronia petronia","0","0","1","0"
"0.36","33","Ciconia ciconia","0","0","1","0"
"0.36","33","Hieraaetus pennatus","0","0","1","0"
"0.36","33","Sturnus unicolor","0","0","1","0"
"0.36","33","Himantopus himantopus","0","0","1","0"
"0.36","33","Prunella modularis","0","0","1","0"
"0.36","33","Podiceps cristatus","0","0","1","0"
"0.36","33","Curruca iberiae","0","0","1","0"
"0.36","33","Motacilla cinerea","0","0","1","0"
"0.36","33","Actitis hypoleucos","0","0","1","0"
"0.36","33","Anthus trivialis","0","0","1","0"
"0.36","33","Lanius senator","0","0","1","0"
"0.36","33","Bubulcus ibis","0","0","1","0"
"0.36","33","Alectoris rufa","0","0","1","0"
"0.36","33","Carduelis citrinella","0","0","1","0"
"0.36","33","Emberiza cia","0","0","1","0"
"0.36","33","Acrocephalus scirpaceus","0","0","1","0"
"0.36","33","Tachybaptus ruficollis","0","0","1","0"
"0.36","33","Chroicocephalus ridibundus","0","0","1","0"
"0.36","33","Ardea purpurea","0","0","1","0"
"0.36","33","Charadrius dubius","0","0","1","0"
"0.36","33","Saxicola rubetra","0","0","1","0"
"0.36","33","Tadorna tadorna","0","0","1","0"
"0.36","33","Muscicapa striata","0","0","1","0"
"0.36","33","Pernis apivorus","0","0","1","0"
"0.36","33","Passer montanus","0","0","1","0"
"0.36","33","Ficedula hypoleuca","0","0","1","0"
"0.36","33","Acrocephalus arundinaceus","0","0","1","0"
"0.36","33","Phylloscopus trochilus","0","0","1","0"
"0.36","33","Riparia riparia","0","0","1","0"
"0.36","33","Ardea alba","0","0","1","0"
"0.36","33","Lanius collurio","0","0","1","0"
"0.36","33","Netta rufina","0","0","1","0"
"0.36","33","Poecile palustris","0","0","1","0"
"0.36","33","Mareca strepera","0","0","1","0"
"0.36","33","Pyrrhula pyrrhula","0","0","1","0"
"0.36","33","Emberiza citrinella","0","0","1","0"
"0.36","33","Accipiter nisus","0","0","1","0"
"0.36","33","Curruca undata","0","0","1","0"
"0.36","33","Tringa glareola","0","0","1","0"
"0.36","33","Sterna hirundo","0","0","1","0"
"0.36","33","Apus melba","0","0","1","0"
"0.36","33","Recurvirostra avosetta","0","0","1","0"
"0.36","33","Falco subbuteo","0","0","1","0"
"0.36","33","Spatula clypeata","0","0","1","0"
"0.36","33","Plegadis falcinellus","0","0","1","0"
"0.36","33","Phasianus colchicus","0","0","1","0"
"0.36","33","Tringa ochropus","0","0","1","0"
"0.36","33","Alcedo atthis","0","0","1","0"
"0.36","33","Circus pygargus","0","0","1","0"
"0.36","33","Aythya ferina","0","0","1","0"
"0.36","33","Coturnix coturnix","0","0","1","0"
"0.36","33","Sylvia borin","0","0","1","0"
"0.36","33","Melanocorypha calandra","0","0","1","0"
"0.36","33","Tringa totanus","0","0","1","0"
"0.36","33","Jynx torquilla","0","0","1","0"
"0.36","33","Cinclus cinclus","0","0","1","0"
"0.36","33","Aquila chrysaetos","0","0","1","0"
"0.36","33","Tringa nebularia","0","0","1","0"
"0.36","33","Coccothraustes coccothraustes","0","0","1","0"
"0.36","33","Cygnus olor","0","0","1","0"
"0.36","33","Vanellus vanellus","0","0","1","0"
"0.36","33","Pyrrhocorax graculus","0","0","1","0"
"0.36","33","Psittacula krameri","0","0","1","0"
"0.36","33","Regulus regulus","0","0","1","0"
"0.36","33","Anthus spinoletta","0","0","1","0"
"0.36","33","Phoenicopterus roseus","0","0","1","0"
"0.36","33","Podiceps nigricollis","0","0","1","0"
"0.36","33","Loxia curvirostra","0","0","1","0"
"0.36","33","Morus bassanus","0","0","1","0"
"0.36","33","Rallus aquaticus","0","0","1","0"
"0.36","33","Anthus pratensis","0","0","1","0"
"0.36","33","Falco peregrinus","0","0","1","0"
"0.36","33","Emberiza schoeniclus","0","0","1","0"
"0.36","33","Calidris pugnax","0","0","1","0"
"0.36","33","Anas crecca","0","0","1","0"
"0.36","33","Nycticorax nycticorax","0","0","1","0"
"0.36","33","Anthus campestris","0","0","1","0"
"0.36","33","Falco naumanni","0","0","1","0"
"0.36","33","Ichthyaetus melanocephalus","0","0","1","0"
"0.36","33","Passer hispaniolensis","0","0","1","0"
"0.36","33","Burhinus oedicnemus","0","0","1","0"
"0.36","33","Galerida theklae","0","0","1","0"
"0.36","33","Cecropis daurica","0","0","1","0"
"0.36","33","Pandion haliaetus","0","0","1","0"
"0.36","33","Limosa limosa","0","0","1","0"
"0.36","33","Aegypius monachus","0","0","1","0"
"0.36","33","Columba oenas","0","0","1","0"
"0.36","33","Gelochelidon nilotica","0","0","1","0"
"0.36","33","Thalasseus sandvicensis","0","0","1","0"
"0.36","33","Spatula querquedula","0","0","1","0"
"0.36","33","Charadrius hiaticula","0","0","1","0"
"0.36","33","Monticola solitarius","0","0","1","0"
"0.36","33","Dryocopus martius","0","0","1","0"
"0.36","33","Chlidonias hybrida","0","0","1","0"
"0.36","33","Calidris alpina","0","0","1","0"
"0.36","33","Gallinago gallinago","0","0","1","0"
"0.36","33","Phylloscopus ibericus","0","0","1","0"
"0.36","33","Sternula albifrons","0","0","1","0"
"0.36","33","Spinus spinus","0","0","1","0"
"0.36","33","Ardeola ralloides","0","0","1","0"
"0.36","33","Strix aluco","0","0","1","0"
"0.36","33","Platalea leucorodia","0","0","1","0"
"0.36","33","Branta canadensis","0","0","1","0"
"0.36","33","Athene noctua","0","0","1","0"
"0.36","33","Certhia familiaris","0","0","1","0"
"0.36","33","Otus scops","0","0","1","0"
"0.36","34","Turdus merula","0","0","1","0"
"0.36","34","Apus apus","0","0","1","0"
"0.36","34","Columba palumbus","0","0","1","0"
"0.36","34","Passer domesticus","0","0","1","0"
"0.36","34","Fringilla coelebs","0","0","1","0"
"0.36","34","Hirundo rustica","0","0","1","0"
"0.36","34","Corvus corone","0","0","1","0"
"0.36","34","Sylvia atricapilla","0","0","1","0"
"0.36","34","Carduelis carduelis","0","0","1","0"
"0.36","34","Pica pica","0","0","1","0"
"0.36","34","Delichon urbicum","0","0","1","0"
"0.36","34","Streptopelia decaocto","0","0","1","0"
"0.36","34","Phoenicurus ochruros","0","0","1","0"
"0.36","34","Parus major","0","0","1","0"
"0.36","34","Milvus migrans","0","0","1","0"
"0.36","34","Serinus serinus","0","0","1","0"
"0.36","34","Motacilla alba","0","0","1","0"
"0.36","34","Gyps fulvus","0","0","1","0"
"0.36","34","Erithacus rubecula","0","0","1","0"
"0.36","34","Garrulus glandarius","0","0","1","0"
"0.36","34","Cyanistes caeruleus","0","0","1","0"
"0.36","34","Buteo buteo","0","0","1","0"
"0.36","34","Columba livia","0","0","1","0"
"0.36","34","Falco tinnunculus","0","0","1","0"
"0.36","34","Chloris chloris","0","0","1","0"
"0.36","34","Emberiza cirlus","0","0","1","0"
"0.36","34","Troglodytes troglodytes","0","0","1","0"
"0.36","34","Oriolus oriolus","0","0","1","0"
"0.36","34","Periparus ater","0","0","1","0"
"0.36","34","Linaria cannabina","0","0","1","0"
"0.36","34","Ptyonoprogne rupestris","0","0","1","0"
"0.36","34","Ardea cinerea","0","0","1","0"
"0.36","34","Certhia brachydactyla","0","0","1","0"
"0.36","34","Sturnus vulgaris","0","0","1","0"
"0.36","34","Picus viridis","0","0","1","0"
"0.36","34","Larus michahellis","0","0","1","0"
"0.36","34","Dendrocopos major","0","0","1","0"
"0.36","34","Anas platyrhynchos","0","0","1","0"
"0.36","34","Merops apiaster","0","0","1","0"
"0.36","34","Phylloscopus bonelli","0","0","1","0"
"0.36","34","Saxicola rubicola","0","0","1","0"
"0.36","34","Streptopelia turtur","0","0","1","0"
"0.36","34","Sitta europaea","0","0","1","0"
"0.36","34","Hippolais polyglotta","0","0","1","0"
"0.36","34","Aegithalos caudatus","0","0","1","0"
"0.36","34","Upupa epops","0","0","1","0"
"0.36","34","Corvus corax","0","0","1","0"
"0.36","34","Phylloscopus collybita","0","0","1","0"
"0.36","34","Regulus ignicapilla","0","0","1","0"
"0.36","34","Chroicocephalus ridibundus","0","0","1","0"
"0.36","34","Lophophanes cristatus","0","0","1","0"
"0.36","34","Luscinia megarhynchos","0","0","0","1"
"0.36","34","Fulica atra","0","0","1","0"
"0.36","34","Turdus viscivorus","0","0","1","0"
"0.36","34","Turdus philomelos","0","0","1","0"
"0.36","34","Egretta garzetta","0","0","1","0"
"0.36","34","Galerida cristata","0","0","1","0"
"0.36","34","Lanius collurio","0","0","1","0"
"0.36","34","Alauda arvensis","0","0","1","0"
"0.36","34","Pyrrhocorax pyrrhocorax","0","0","1","0"
"0.36","34","Phalacrocorax carbo","0","0","1","0"
"0.36","34","Circaetus gallicus","0","0","1","0"
"0.36","34","Lullula arborea","0","0","1","0"
"0.36","34","Gallinula chloropus","0","0","1","0"
"0.36","34","Cisticola juncidis","0","0","1","0"
"0.36","34","Milvus milvus","0","0","1","0"
"0.36","34","Cuculus canorus","0","0","1","0"
"0.36","34","Curruca melanocephala","0","0","1","0"
"0.36","34","Cettia cetti","0","0","1","0"
"0.36","34","Motacilla cinerea","0","0","1","0"
"0.36","34","Hieraaetus pennatus","0","0","1","0"
"0.36","34","Carduelis citrinella","0","0","1","0"
"0.36","34","Emberiza calandra","0","0","1","0"
"0.36","34","Petronia petronia","0","0","1","0"
"0.36","34","Oenanthe oenanthe","0","0","1","0"
"0.36","34","Bubulcus ibis","0","0","1","0"
"0.36","34","Ciconia ciconia","0","0","1","0"
"0.36","34","Lanius senator","0","0","1","0"
"0.36","34","Picus sharpei","0","0","1","0"
"0.36","34","Muscicapa striata","0","0","1","0"
"0.36","34","Coturnix coturnix","1","0","0","0"
"0.36","34","Acrocephalus scirpaceus","0","0","1","0"
"0.36","34","Curruca communis","0","0","1","0"
"0.36","34","Pernis apivorus","0","0","1","0"
"0.36","34","Circus aeruginosus","0","0","1","0"
"0.36","34","Himantopus himantopus","0","0","1","0"
"0.36","34","Phoenicurus phoenicurus","0","0","1","0"
"0.36","34","Prunella modularis","0","0","1","0"
"0.36","34","Corvus monedula","0","0","1","0"
"0.36","34","Alectoris rufa","0","0","1","0"
"0.36","34","Sterna hirundo","0","0","1","0"
"0.36","34","Podiceps cristatus","0","0","1","0"
"0.36","34","Emberiza citrinella","0","0","1","0"
"0.36","34","Emberiza cia","0","0","1","0"
"0.36","34","Curruca iberiae","0","0","1","0"
"0.36","34","Passer montanus","0","0","1","0"
"0.36","34","Motacilla flava","0","0","1","0"
"0.36","34","Tachybaptus ruficollis","0","0","1","0"
"0.36","34","Sturnus unicolor","0","0","1","0"
"0.36","34","Alcedo atthis","0","0","1","0"
"0.36","34","Anthus trivialis","0","0","1","0"
"0.36","34","Ardea purpurea","0","0","1","0"
"0.36","34","Actitis hypoleucos","0","0","1","0"
"0.36","34","Charadrius dubius","0","0","1","0"
"0.36","34","Pyrrhula pyrrhula","0","0","1","0"
"0.36","34","Apus melba","0","0","1","0"
"0.36","34","Curruca undata","0","0","1","0"
"0.36","34","Tringa ochropus","0","0","1","0"
"0.36","34","Falco subbuteo","0","0","1","0"
"0.36","34","Recurvirostra avosetta","0","0","1","0"
"0.36","34","Vanellus vanellus","0","0","1","0"
"0.36","34","Sylvia borin","0","0","1","0"
"0.36","34","Anthus spinoletta","0","0","1","0"
"0.36","34","Riparia riparia","0","0","1","0"
"0.36","34","Cinclus cinclus","0","0","1","0"
"0.36","34","Anthus campestris","0","0","1","0"
"0.36","34","Poecile palustris","0","0","1","0"
"0.36","34","Tadorna tadorna","0","0","1","0"
"0.36","34","Aythya ferina","0","0","1","0"
"0.36","34","Netta rufina","0","0","1","0"
"0.36","34","Acrocephalus arundinaceus","0","0","1","0"
"0.36","34","Circus pygargus","0","0","1","0"
"0.36","34","Accipiter nisus","0","0","1","0"
"0.36","34","Aquila chrysaetos","0","0","1","0"
"0.36","34","Pyrrhocorax graculus","0","0","1","0"
"0.36","34","Nycticorax nycticorax","0","0","1","0"
"0.36","34","Galerida theklae","0","0","1","0"
"0.36","34","Ardea alba","0","0","1","0"
"0.36","34","Burhinus oedicnemus","0","0","1","0"
"0.36","34","Loxia curvirostra","0","0","1","0"
"0.36","34","Cygnus olor","0","0","1","0"
"0.36","34","Sternula albifrons","0","0","1","0"
"0.36","34","Phoenicopterus roseus","0","0","1","0"
"0.36","34","Coccothraustes coccothraustes","0","0","1","0"
"0.36","34","Columba oenas","0","0","1","0"
"0.36","34","Emberiza schoeniclus","0","0","1","0"
"0.36","34","Rallus aquaticus","0","0","1","0"
"0.36","34","Strix aluco","0","0","1","0"
"0.36","34","Plegadis falcinellus","0","0","1","0"
"0.36","34","Mareca strepera","0","0","1","0"
"0.36","34","Lanius meridionalis","0","0","1","0"
"0.36","34","Cecropis daurica","0","0","1","0"
"0.36","34","Ichthyaetus melanocephalus","0","0","1","0"
"0.36","34","Platalea leucorodia","0","0","1","0"
"0.36","34","Tringa totanus","0","0","1","0"
"0.36","34","Melanocorypha calandra","0","0","1","0"
"0.36","34","Ficedula hypoleuca","0","0","1","0"
"0.36","34","Saxicola rubetra","0","0","1","0"
"0.36","34","Athene noctua","0","0","1","0"
"0.36","34","Coracias garrulus","0","0","1","0"
"0.36","34","Thalasseus sandvicensis","0","0","1","0"
"0.36","34","Regulus regulus","0","0","1","0"
"0.36","34","Spatula clypeata","0","0","1","0"
"0.36","34","Falco naumanni","0","0","1","0"
"0.36","34","Podiceps nigricollis","0","0","1","0"
"0.36","34","Phasianus colchicus","0","0","1","0"
"0.36","34","Chlidonias niger","0","0","1","0"
"0.36","34","Passer hispaniolensis","0","0","1","0"
"0.36","34","Charadrius hiaticula","0","0","1","0"
"0.36","34","Tyto alba","0","0","1","0"
"0.36","34","Limosa limosa","0","0","1","0"
"0.36","34","Psittacula krameri","0","0","1","0"
"0.36","34","Spinus spinus","0","0","1","0"
"0.36","34","Charadrius alexandrinus","0","0","1","0"
"0.36","34","Pandion haliaetus","0","0","1","0"
"0.36","34","Numenius arquata","0","0","1","0"
"0.36","34","Larus fuscus","0","0","1","0"
"0.36","34","Phylloscopus trochilus","0","0","1","0"
"0.36","34","Otus scops","0","0","0","1"
"0.36","34","Jynx torquilla","0","0","1","0"
"0.36","35","Turdus merula","1","0","0","0"
"0.36","35","Apus apus","0","0","1","0"
"0.36","35","Columba palumbus","0","0","0","1"
"0.36","35","Passer domesticus","0","0","1","0"
"0.36","35","Fringilla coelebs","0","0","1","0"
"0.36","35","Hirundo rustica","0","0","1","0"
"0.36","35","Corvus corone","0","0","0","1"
"0.36","35","Sylvia atricapilla","1","0","0","0"
"0.36","35","Carduelis carduelis","0","0","1","0"
"0.36","35","Pica pica","0","0","1","0"
"0.36","35","Delichon urbicum","0","0","1","0"
"0.36","35","Streptopelia decaocto","0","0","1","0"
"0.36","35","Phoenicurus ochruros","0","0","1","0"
"0.36","35","Parus major","0","0","1","0"
"0.36","35","Milvus migrans","0","0","1","0"
"0.36","35","Serinus serinus","0","0","1","0"
"0.36","35","Motacilla alba","0","0","1","0"
"0.36","35","Gyps fulvus","0","0","1","0"
"0.36","35","Erithacus rubecula","0","0","1","0"
"0.36","35","Garrulus glandarius","0","0","1","0"
"0.36","35","Cyanistes caeruleus","0","0","1","0"
"0.36","35","Buteo buteo","0","0","1","0"
"0.36","35","Columba livia","0","0","1","0"
"0.36","35","Falco tinnunculus","0","0","1","0"
"0.36","35","Chloris chloris","0","0","1","0"
"0.36","35","Emberiza cirlus","0","0","1","0"
"0.36","35","Troglodytes troglodytes","0","0","1","0"
"0.36","35","Oriolus oriolus","0","0","0","1"
"0.36","35","Periparus ater","0","0","1","0"
"0.36","35","Linaria cannabina","0","0","1","0"
"0.36","35","Ptyonoprogne rupestris","0","0","1","0"
"0.36","35","Ardea cinerea","0","0","1","0"
"0.36","35","Certhia brachydactyla","0","0","1","0"
"0.36","35","Sturnus vulgaris","0","0","1","0"
"0.36","35","Picus viridis","0","0","1","0"
"0.36","35","Larus michahellis","0","0","1","0"
"0.36","35","Dendrocopos major","0","0","1","0"
"0.36","35","Anas platyrhynchos","0","0","1","0"
"0.36","35","Merops apiaster","0","0","1","0"
"0.36","35","Phylloscopus bonelli","0","0","1","0"
"0.36","35","Saxicola rubicola","0","0","1","0"
"0.36","35","Streptopelia turtur","1","0","0","0"
"0.36","35","Sitta europaea","0","0","1","0"
"0.36","35","Hippolais polyglotta","0","0","1","0"
"0.36","35","Aegithalos caudatus","0","0","1","0"
"0.36","35","Upupa epops","0","0","1","0"
"0.36","35","Corvus corax","0","0","1","0"
"0.36","35","Phylloscopus collybita","0","0","1","0"
"0.36","35","Regulus ignicapilla","0","0","1","0"
"0.36","35","Chroicocephalus ridibundus","0","0","1","0"
"0.36","35","Lophophanes cristatus","0","0","1","0"
"0.36","35","Luscinia megarhynchos","0","0","0","1"
"0.36","35","Fulica atra","0","0","1","0"
"0.36","35","Turdus viscivorus","0","0","1","0"
"0.36","35","Turdus philomelos","0","0","1","0"
"0.36","35","Egretta garzetta","0","0","1","0"
"0.36","35","Galerida cristata","0","0","1","0"
"0.36","35","Lanius collurio","0","0","1","0"
"0.36","35","Alauda arvensis","0","0","1","0"
"0.36","35","Pyrrhocorax pyrrhocorax","0","0","1","0"
"0.36","35","Phalacrocorax carbo","0","0","1","0"
"0.36","35","Circaetus gallicus","0","0","1","0"
"0.36","35","Lullula arborea","0","0","1","0"
"0.36","35","Gallinula chloropus","0","0","1","0"
"0.36","35","Cisticola juncidis","0","0","1","0"
"0.36","35","Milvus milvus","0","0","1","0"
"0.36","35","Cuculus canorus","0","0","1","0"
"0.36","35","Curruca melanocephala","0","0","1","0"
"0.36","35","Cettia cetti","0","0","1","0"
"0.36","35","Motacilla cinerea","0","0","1","0"
"0.36","35","Hieraaetus pennatus","0","0","1","0"
"0.36","35","Carduelis citrinella","0","0","1","0"
"0.36","35","Emberiza calandra","0","0","0","1"
"0.36","35","Petronia petronia","0","0","1","0"
"0.36","35","Oenanthe oenanthe","0","0","1","0"
"0.36","35","Bubulcus ibis","0","0","1","0"
"0.36","35","Ciconia ciconia","0","0","1","0"
"0.36","35","Lanius senator","0","0","1","0"
"0.36","35","Picus sharpei","0","0","1","0"
"0.36","35","Muscicapa striata","0","0","1","0"
"0.36","35","Coturnix coturnix","0","0","1","0"
"0.36","35","Acrocephalus scirpaceus","0","0","1","0"
"0.36","35","Curruca communis","0","0","0","1"
"0.36","35","Pernis apivorus","0","0","1","0"
"0.36","35","Circus aeruginosus","0","0","1","0"
"0.36","35","Himantopus himantopus","0","0","1","0"
"0.36","35","Phoenicurus phoenicurus","0","0","1","0"
"0.36","35","Prunella modularis","0","0","1","0"
"0.36","35","Corvus monedula","0","0","1","0"
"0.36","35","Alectoris rufa","0","0","1","0"
"0.36","35","Sterna hirundo","0","0","1","0"
"0.36","35","Podiceps cristatus","0","0","1","0"
"0.36","35","Emberiza citrinella","0","0","0","1"
"0.36","35","Emberiza cia","0","0","1","0"
"0.36","35","Curruca iberiae","0","0","1","0"
"0.36","35","Passer montanus","0","0","1","0"
"0.36","35","Motacilla flava","0","0","1","0"
"0.36","35","Tachybaptus ruficollis","0","0","1","0"
"0.36","35","Sturnus unicolor","0","0","1","0"
"0.36","35","Alcedo atthis","0","0","1","0"
"0.36","35","Anthus trivialis","0","0","1","0"
"0.36","35","Ardea purpurea","0","0","1","0"
"0.36","35","Actitis hypoleucos","0","0","1","0"
"0.36","35","Charadrius dubius","0","0","1","0"
"0.36","35","Pyrrhula pyrrhula","0","0","1","0"
"0.36","35","Apus melba","0","0","1","0"
"0.36","35","Curruca undata","0","0","1","0"
"0.36","35","Tringa ochropus","0","0","1","0"
"0.36","35","Falco subbuteo","0","0","1","0"
"0.36","35","Recurvirostra avosetta","0","0","1","0"
"0.36","35","Vanellus vanellus","0","0","1","0"
"0.36","35","Sylvia borin","0","1","0","0"
"0.36","35","Anthus spinoletta","0","0","1","0"
"0.36","35","Riparia riparia","0","0","1","0"
"0.36","35","Cinclus cinclus","0","0","1","0"
"0.36","35","Anthus campestris","0","0","1","0"
"0.36","35","Poecile palustris","0","0","1","0"
"0.36","35","Tadorna tadorna","0","0","1","0"
"0.36","35","Aythya ferina","0","0","1","0"
"0.36","35","Netta rufina","0","0","1","0"
"0.36","35","Acrocephalus arundinaceus","0","0","1","0"
"0.36","35","Circus pygargus","0","0","1","0"
"0.36","35","Accipiter nisus","0","0","1","0"
"0.36","35","Aquila chrysaetos","0","0","1","0"
"0.36","35","Pyrrhocorax graculus","0","0","1","0"
"0.36","35","Nycticorax nycticorax","0","0","1","0"
"0.36","35","Galerida theklae","0","0","1","0"
"0.36","35","Ardea alba","0","0","1","0"
"0.36","35","Burhinus oedicnemus","0","0","1","0"
"0.36","35","Loxia curvirostra","0","0","1","0"
"0.36","35","Cygnus olor","0","0","1","0"
"0.36","35","Sternula albifrons","0","0","1","0"
"0.36","35","Phoenicopterus roseus","0","0","1","0"
"0.36","35","Coccothraustes coccothraustes","0","0","1","0"
"0.36","35","Columba oenas","0","0","1","0"
"0.36","35","Emberiza schoeniclus","0","0","1","0"
"0.36","35","Rallus aquaticus","0","0","1","0"
"0.36","35","Strix aluco","0","0","1","0"
"0.36","35","Plegadis falcinellus","0","0","1","0"
"0.36","35","Mareca strepera","0","0","1","0"
"0.36","35","Lanius meridionalis","0","0","1","0"
"0.36","35","Cecropis daurica","0","0","1","0"
"0.36","35","Ichthyaetus melanocephalus","0","0","1","0"
"0.36","35","Platalea leucorodia","0","0","1","0"
"0.36","35","Tringa totanus","0","0","1","0"
"0.36","35","Melanocorypha calandra","0","0","1","0"
"0.36","35","Ficedula hypoleuca","0","0","1","0"
"0.36","35","Saxicola rubetra","0","0","1","0"
"0.36","35","Athene noctua","0","0","1","0"
"0.36","35","Coracias garrulus","0","0","1","0"
"0.36","35","Thalasseus sandvicensis","0","0","1","0"
"0.36","35","Regulus regulus","0","0","1","0"
"0.36","35","Spatula clypeata","0","0","1","0"
"0.36","35","Falco naumanni","0","0","1","0"
"0.36","35","Podiceps nigricollis","0","0","1","0"
"0.36","35","Phasianus colchicus","0","0","0","1"
"0.36","35","Chlidonias niger","0","0","1","0"
"0.36","35","Passer hispaniolensis","0","0","1","0"
"0.36","35","Charadrius hiaticula","0","0","1","0"
"0.36","35","Tyto alba","0","0","1","0"
"0.36","35","Limosa limosa","0","0","1","0"
"0.36","35","Psittacula krameri","0","0","1","0"
"0.36","35","Spinus spinus","0","0","1","0"
"0.36","35","Charadrius alexandrinus","0","0","1","0"
"0.36","35","Pandion haliaetus","0","0","1","0"
"0.36","35","Numenius arquata","0","0","1","0"
"0.36","35","Larus fuscus","0","0","1","0"
"0.36","35","Phylloscopus trochilus","0","0","1","0"
"0.36","35","Otus scops","0","0","1","0"
"0.36","35","Jynx torquilla","0","0","1","0"
"0.36","36","Turdus merula","0","0","1","0"
"0.36","36","Apus apus","0","0","1","0"
"0.36","36","Columba palumbus","0","0","1","0"
"0.36","36","Passer domesticus","0","0","1","0"
"0.36","36","Fringilla coelebs","0","0","1","0"
"0.36","36","Hirundo rustica","0","0","1","0"
"0.36","36","Corvus corone","0","0","0","1"
"0.36","36","Sylvia atricapilla","1","0","0","0"
"0.36","36","Carduelis carduelis","0","0","1","0"
"0.36","36","Pica pica","0","0","1","0"
"0.36","36","Delichon urbicum","0","0","1","0"
"0.36","36","Streptopelia decaocto","0","0","1","0"
"0.36","36","Phoenicurus ochruros","0","0","1","0"
"0.36","36","Parus major","0","0","1","0"
"0.36","36","Milvus migrans","0","0","1","0"
"0.36","36","Serinus serinus","0","0","1","0"
"0.36","36","Motacilla alba","0","0","1","0"
"0.36","36","Gyps fulvus","0","0","1","0"
"0.36","36","Erithacus rubecula","0","0","1","0"
"0.36","36","Garrulus glandarius","0","0","1","0"
"0.36","36","Cyanistes caeruleus","0","0","1","0"
"0.36","36","Buteo buteo","0","0","1","0"
"0.36","36","Columba livia","0","0","1","0"
"0.36","36","Falco tinnunculus","0","0","1","0"
"0.36","36","Chloris chloris","0","0","1","0"
"0.36","36","Emberiza cirlus","0","0","1","0"
"0.36","36","Troglodytes troglodytes","0","0","1","0"
"0.36","36","Oriolus oriolus","0","0","1","0"
"0.36","36","Periparus ater","0","0","1","0"
"0.36","36","Linaria cannabina","0","0","1","0"
"0.36","36","Ptyonoprogne rupestris","0","0","1","0"
"0.36","36","Ardea cinerea","0","0","1","0"
"0.36","36","Certhia brachydactyla","0","0","1","0"
"0.36","36","Sturnus vulgaris","0","0","1","0"
"0.36","36","Picus viridis","0","0","1","0"
"0.36","36","Larus michahellis","0","0","1","0"
"0.36","36","Dendrocopos major","0","0","1","0"
"0.36","36","Anas platyrhynchos","0","0","1","0"
"0.36","36","Merops apiaster","0","0","1","0"
"0.36","36","Phylloscopus bonelli","0","0","1","0"
"0.36","36","Saxicola rubicola","0","0","1","0"
"0.36","36","Streptopelia turtur","0","0","1","0"
"0.36","36","Sitta europaea","0","0","1","0"
"0.36","36","Hippolais polyglotta","0","0","1","0"
"0.36","36","Aegithalos caudatus","0","0","1","0"
"0.36","36","Upupa epops","0","0","1","0"
"0.36","36","Corvus corax","0","0","1","0"
"0.36","36","Phylloscopus collybita","0","0","1","0"
"0.36","36","Regulus ignicapilla","0","0","1","0"
"0.36","36","Chroicocephalus ridibundus","0","0","1","0"
"0.36","36","Lophophanes cristatus","0","0","1","0"
"0.36","36","Luscinia megarhynchos","0","0","1","0"
"0.36","36","Fulica atra","0","0","1","0"
"0.36","36","Turdus viscivorus","0","0","1","0"
"0.36","36","Turdus philomelos","0","0","1","0"
"0.36","36","Egretta garzetta","0","0","1","0"
"0.36","36","Galerida cristata","0","0","1","0"
"0.36","36","Lanius collurio","0","0","1","0"
"0.36","36","Alauda arvensis","0","0","1","0"
"0.36","36","Pyrrhocorax pyrrhocorax","0","0","1","0"
"0.36","36","Phalacrocorax carbo","0","0","1","0"
"0.36","36","Circaetus gallicus","0","0","1","0"
"0.36","36","Lullula arborea","0","0","1","0"
"0.36","36","Gallinula chloropus","0","0","1","0"
"0.36","36","Cisticola juncidis","0","0","1","0"
"0.36","36","Milvus milvus","0","0","1","0"
"0.36","36","Cuculus canorus","0","0","1","0"
"0.36","36","Curruca melanocephala","0","0","1","0"
"0.36","36","Cettia cetti","0","0","1","0"
"0.36","36","Motacilla cinerea","0","0","1","0"
"0.36","36","Hieraaetus pennatus","0","0","1","0"
"0.36","36","Carduelis citrinella","0","0","1","0"
"0.36","36","Emberiza calandra","0","0","1","0"
"0.36","36","Petronia petronia","0","0","1","0"
"0.36","36","Oenanthe oenanthe","0","0","1","0"
"0.36","36","Bubulcus ibis","0","0","1","0"
"0.36","36","Ciconia ciconia","0","0","1","0"
"0.36","36","Lanius senator","0","0","1","0"
"0.36","36","Picus sharpei","0","0","1","0"
"0.36","36","Muscicapa striata","0","0","1","0"
"0.36","36","Coturnix coturnix","0","0","1","0"
"0.36","36","Acrocephalus scirpaceus","0","0","1","0"
"0.36","36","Curruca communis","0","0","0","1"
"0.36","36","Pernis apivorus","0","0","1","0"
"0.36","36","Circus aeruginosus","0","0","1","0"
"0.36","36","Himantopus himantopus","0","0","1","0"
"0.36","36","Phoenicurus phoenicurus","0","0","1","0"
"0.36","36","Prunella modularis","0","0","1","0"
"0.36","36","Corvus monedula","0","0","1","0"
"0.36","36","Alectoris rufa","0","0","1","0"
"0.36","36","Sterna hirundo","0","0","1","0"
"0.36","36","Podiceps cristatus","0","0","1","0"
"0.36","36","Emberiza citrinella","0","0","1","0"
"0.36","36","Emberiza cia","0","0","1","0"
"0.36","36","Curruca iberiae","0","0","1","0"
"0.36","36","Passer montanus","0","0","1","0"
"0.36","36","Motacilla flava","0","0","1","0"
"0.36","36","Tachybaptus ruficollis","0","0","1","0"
"0.36","36","Sturnus unicolor","0","0","1","0"
"0.36","36","Alcedo atthis","0","0","1","0"
"0.36","36","Anthus trivialis","0","0","1","0"
"0.36","36","Ardea purpurea","0","0","1","0"
"0.36","36","Actitis hypoleucos","0","0","1","0"
"0.36","36","Charadrius dubius","0","0","1","0"
"0.36","36","Pyrrhula pyrrhula","0","0","1","0"
"0.36","36","Apus melba","0","0","1","0"
"0.36","36","Curruca undata","0","0","1","0"
"0.36","36","Tringa ochropus","0","0","1","0"
"0.36","36","Falco subbuteo","0","0","1","0"
"0.36","36","Recurvirostra avosetta","0","0","1","0"
"0.36","36","Vanellus vanellus","0","0","1","0"
"0.36","36","Sylvia borin","0","0","1","0"
"0.36","36","Anthus spinoletta","0","0","1","0"
"0.36","36","Riparia riparia","0","0","1","0"
"0.36","36","Cinclus cinclus","0","0","1","0"
"0.36","36","Anthus campestris","0","0","1","0"
"0.36","36","Poecile palustris","0","0","1","0"
"0.36","36","Tadorna tadorna","0","0","1","0"
"0.36","36","Aythya ferina","0","0","1","0"
"0.36","36","Netta rufina","0","0","1","0"
"0.36","36","Acrocephalus arundinaceus","0","0","1","0"
"0.36","36","Circus pygargus","0","0","1","0"
"0.36","36","Accipiter nisus","0","0","1","0"
"0.36","36","Aquila chrysaetos","0","0","1","0"
"0.36","36","Pyrrhocorax graculus","0","0","1","0"
"0.36","36","Nycticorax nycticorax","0","0","1","0"
"0.36","36","Galerida theklae","0","0","1","0"
"0.36","36","Ardea alba","0","0","1","0"
"0.36","36","Burhinus oedicnemus","0","0","1","0"
"0.36","36","Loxia curvirostra","0","0","1","0"
"0.36","36","Cygnus olor","0","0","1","0"
"0.36","36","Sternula albifrons","0","0","1","0"
"0.36","36","Phoenicopterus roseus","0","0","1","0"
"0.36","36","Coccothraustes coccothraustes","0","0","1","0"
"0.36","36","Columba oenas","0","0","1","0"
"0.36","36","Emberiza schoeniclus","0","0","1","0"
"0.36","36","Rallus aquaticus","0","0","1","0"
"0.36","36","Strix aluco","0","0","1","0"
"0.36","36","Plegadis falcinellus","0","0","1","0"
"0.36","36","Mareca strepera","0","0","1","0"
"0.36","36","Lanius meridionalis","0","0","1","0"
"0.36","36","Cecropis daurica","0","0","1","0"
"0.36","36","Ichthyaetus melanocephalus","0","0","1","0"
"0.36","36","Platalea leucorodia","0","0","1","0"
"0.36","36","Tringa totanus","0","0","1","0"
"0.36","36","Melanocorypha calandra","0","0","1","0"
"0.36","36","Ficedula hypoleuca","0","0","1","0"
"0.36","36","Saxicola rubetra","0","0","1","0"
"0.36","36","Athene noctua","0","0","1","0"
"0.36","36","Coracias garrulus","0","0","1","0"
"0.36","36","Thalasseus sandvicensis","0","0","1","0"
"0.36","36","Regulus regulus","0","0","1","0"
"0.36","36","Spatula clypeata","0","0","1","0"
"0.36","36","Falco naumanni","0","0","1","0"
"0.36","36","Podiceps nigricollis","0","0","1","0"
"0.36","36","Phasianus colchicus","0","0","1","0"
"0.36","36","Chlidonias niger","0","0","1","0"
"0.36","36","Passer hispaniolensis","0","0","1","0"
"0.36","36","Charadrius hiaticula","0","0","1","0"
"0.36","36","Tyto alba","0","0","1","0"
"0.36","36","Limosa limosa","0","0","1","0"
"0.36","36","Psittacula krameri","0","0","1","0"
"0.36","36","Spinus spinus","0","0","1","0"
"0.36","36","Charadrius alexandrinus","0","0","1","0"
"0.36","36","Pandion haliaetus","0","0","1","0"
"0.36","36","Numenius arquata","0","0","1","0"
"0.36","36","Larus fuscus","0","0","1","0"
"0.36","36","Phylloscopus trochilus","0","0","1","0"
"0.36","36","Otus scops","0","0","1","0"
"0.36","36","Jynx torquilla","0","0","1","0"
"0.36","37","Turdus merula","0","0","1","0"
"0.36","37","Apus apus","0","0","1","0"
"0.36","37","Fringilla coelebs","0","0","1","0"
"0.36","37","Columba palumbus","0","0","1","0"
"0.36","37","Passer domesticus","0","0","1","0"
"0.36","37","Hirundo rustica","0","0","1","0"
"0.36","37","Sylvia atricapilla","0","0","1","0"
"0.36","37","Corvus corone","0","0","1","0"
"0.36","37","Pica pica","0","0","1","0"
"0.36","37","Carduelis carduelis","0","0","1","0"
"0.36","37","Serinus serinus","0","0","1","0"
"0.36","37","Streptopelia decaocto","0","0","1","0"
"0.36","37","Delichon urbicum","0","0","1","0"
"0.36","37","Milvus migrans","0","0","1","0"
"0.36","37","Parus major","0","0","1","0"
"0.36","37","Phoenicurus ochruros","0","0","1","0"
"0.36","37","Motacilla alba","0","0","1","0"
"0.36","37","Erithacus rubecula","0","0","1","0"
"0.36","37","Gyps fulvus","0","0","1","0"
"0.36","37","Garrulus glandarius","0","0","1","0"
"0.36","37","Cyanistes caeruleus","0","0","1","0"
"0.36","37","Chloris chloris","0","0","1","0"
"0.36","37","Emberiza cirlus","0","0","1","0"
"0.36","37","Troglodytes troglodytes","0","0","1","0"
"0.36","37","Columba livia","0","0","1","0"
"0.36","37","Oriolus oriolus","0","0","1","0"
"0.36","37","Buteo buteo","0","0","1","0"
"0.36","37","Falco tinnunculus","0","0","1","0"
"0.36","37","Luscinia megarhynchos","0","0","0","1"
"0.36","37","Linaria cannabina","0","0","1","0"
"0.36","37","Periparus ater","0","0","1","0"
"0.36","37","Sturnus vulgaris","0","0","1","0"
"0.36","37","Phylloscopus bonelli","0","0","1","0"
"0.36","37","Cuculus canorus","0","0","1","0"
"0.36","37","Ptyonoprogne rupestris","0","0","1","0"
"0.36","37","Larus michahellis","0","0","1","0"
"0.36","37","Certhia brachydactyla","0","0","1","0"
"0.36","37","Merops apiaster","0","0","1","0"
"0.36","37","Hippolais polyglotta","0","0","1","0"
"0.36","37","Picus viridis","0","0","1","0"
"0.36","37","Anas platyrhynchos","0","0","1","0"
"0.36","37","Dendrocopos major","0","0","1","0"
"0.36","37","Ardea cinerea","0","0","1","0"
"0.36","37","Saxicola rubicola","0","0","1","0"
"0.36","37","Streptopelia turtur","0","0","1","0"
"0.36","37","Upupa epops","0","0","1","0"
"0.36","37","Regulus ignicapilla","0","0","1","0"
"0.36","37","Aegithalos caudatus","0","0","1","0"
"0.36","37","Corvus corax","0","0","1","0"
"0.36","37","Emberiza calandra","0","0","1","0"
"0.36","37","Turdus philomelos","0","0","1","0"
"0.36","37","Sitta europaea","0","0","1","0"
"0.36","37","Turdus viscivorus","0","0","1","0"
"0.36","37","Alauda arvensis","0","0","1","0"
"0.36","37","Phylloscopus collybita","0","0","1","0"
"0.36","37","Lullula arborea","1","0","0","0"
"0.36","37","Galerida cristata","0","0","1","0"
"0.36","37","Pyrrhocorax pyrrhocorax","0","0","1","0"
"0.36","37","Lophophanes cristatus","0","0","1","0"
"0.36","37","Petronia petronia","0","0","1","0"
"0.36","37","Fulica atra","0","0","1","0"
"0.36","37","Cettia cetti","0","0","1","0"
"0.36","37","Lanius collurio","0","0","1","0"
"0.36","37","Egretta garzetta","0","0","1","0"
"0.36","37","Cisticola juncidis","0","0","1","0"
"0.36","37","Curruca melanocephala","0","0","1","0"
"0.36","37","Circaetus gallicus","0","0","1","0"
"0.36","37","Carduelis citrinella","0","0","1","0"
"0.36","37","Phalacrocorax carbo","0","0","1","0"
"0.36","37","Chroicocephalus ridibundus","0","0","1","0"
"0.36","37","Milvus milvus","0","0","1","0"
"0.36","37","Gallinula chloropus","0","0","1","0"
"0.36","37","Curruca communis","0","0","1","0"
"0.36","37","Hieraaetus pennatus","0","0","1","0"
"0.36","37","Oenanthe oenanthe","0","0","1","0"
"0.36","37","Ciconia ciconia","0","0","1","0"
"0.36","37","Picus sharpei","0","0","1","0"
"0.36","37","Motacilla cinerea","0","0","1","0"
"0.36","37","Phoenicurus phoenicurus","0","0","1","0"
"0.36","37","Lanius senator","0","0","1","0"
"0.36","37","Corvus monedula","0","0","1","0"
"0.36","37","Coturnix coturnix","0","0","0","1"
"0.36","37","Bubulcus ibis","0","0","1","0"
"0.36","37","Prunella modularis","0","0","1","0"
"0.36","37","Acrocephalus scirpaceus","0","0","1","0"
"0.36","37","Himantopus himantopus","0","0","1","0"
"0.36","37","Alectoris rufa","0","0","1","0"
"0.36","37","Emberiza citrinella","0","0","1","0"
"0.36","37","Emberiza cia","0","0","1","0"
"0.36","37","Curruca iberiae","0","0","1","0"
"0.36","37","Circus aeruginosus","0","0","1","0"
"0.36","37","Muscicapa striata","0","0","1","0"
"0.36","37","Pernis apivorus","0","0","1","0"
"0.36","37","Sterna hirundo","0","0","1","0"
"0.36","37","Sturnus unicolor","0","0","1","0"
"0.36","37","Motacilla flava","0","0","1","0"
"0.36","37","Passer montanus","0","0","1","0"
"0.36","37","Podiceps cristatus","0","0","1","0"
"0.36","37","Acrocephalus arundinaceus","0","0","1","0"
"0.36","37","Anthus trivialis","0","0","1","0"
"0.36","37","Ardea purpurea","0","0","1","0"
"0.36","37","Sylvia borin","0","0","1","0"
"0.36","37","Tachybaptus ruficollis","0","0","1","0"
"0.36","37","Curruca undata","0","0","1","0"
"0.36","37","Charadrius dubius","0","0","1","0"
"0.36","37","Falco subbuteo","0","0","1","0"
"0.36","37","Apus melba","0","0","1","0"
"0.36","37","Pyrrhula pyrrhula","0","0","1","0"
"0.36","37","Recurvirostra avosetta","0","0","1","0"
"0.36","37","Anthus campestris","0","0","1","0"
"0.36","37","Tadorna tadorna","0","0","1","0"
"0.36","37","Riparia riparia","0","0","1","0"
"0.36","37","Netta rufina","0","0","1","0"
"0.36","37","Circus pygargus","0","0","1","0"
"0.36","37","Cinclus cinclus","0","0","1","0"
"0.36","37","Galerida theklae","0","0","1","0"
"0.36","37","Alcedo atthis","0","0","1","0"
"0.36","37","Poecile palustris","0","0","1","0"
"0.36","37","Aquila chrysaetos","0","0","1","0"
"0.36","37","Actitis hypoleucos","0","0","1","0"
"0.36","37","Aythya ferina","0","0","1","0"
"0.36","37","Pyrrhocorax graculus","0","0","1","0"
"0.36","37","Anthus spinoletta","0","0","1","0"
"0.36","37","Sternula albifrons","0","0","1","0"
"0.36","37","Vanellus vanellus","0","0","1","0"
"0.36","37","Burhinus oedicnemus","0","0","1","0"
"0.36","37","Accipiter nisus","0","0","1","0"
"0.36","37","Nycticorax nycticorax","0","0","1","0"
"0.36","37","Coccothraustes coccothraustes","0","0","1","0"
"0.36","37","Tringa ochropus","0","0","1","0"
"0.36","37","Melanocorypha calandra","0","0","1","0"
"0.36","37","Cygnus olor","0","0","1","0"
"0.36","37","Loxia curvirostra","0","0","1","0"
"0.36","37","Emberiza schoeniclus","0","0","1","0"
"0.36","37","Phoenicopterus roseus","0","0","1","0"
"0.36","37","Phasianus colchicus","0","0","1","0"
"0.36","37","Mareca strepera","0","0","1","0"
"0.36","37","Columba oenas","0","0","1","0"
"0.36","37","Strix aluco","0","0","1","0"
"0.36","37","Ardea alba","0","0","1","0"
"0.36","37","Saxicola rubetra","0","0","1","0"
"0.36","37","Plegadis falcinellus","0","0","1","0"
"0.36","37","Ichthyaetus melanocephalus","0","0","1","0"
"0.36","37","Tringa totanus","0","0","1","0"
"0.36","37","Coracias garrulus","0","0","1","0"
"0.36","37","Regulus regulus","0","0","1","0"
"0.36","37","Cecropis daurica","0","0","1","0"
"0.36","37","Rallus aquaticus","0","0","1","0"
"0.36","37","Athene noctua","0","0","1","0"
"0.36","37","Lanius meridionalis","0","0","1","0"
"0.36","37","Passer hispaniolensis","0","0","1","0"
"0.36","37","Falco naumanni","0","0","1","0"
"0.36","37","Platalea leucorodia","0","0","1","0"
"0.36","37","Psittacula krameri","0","0","1","0"
"0.36","37","Chlidonias niger","0","0","1","0"
"0.36","37","Phylloscopus ibericus","0","0","1","0"
"0.36","37","Podiceps nigricollis","0","0","1","0"
"0.36","37","Thalasseus sandvicensis","0","0","1","0"
"0.36","37","Spatula clypeata","0","0","1","0"
"0.36","37","Otus scops","0","0","0","1"
"0.36","37","Jynx torquilla","0","0","1","0"
"0.36","38","Turdus merula","0","0","0","1"
"0.36","38","Apus apus","0","0","1","0"
"0.36","38","Fringilla coelebs","0","0","1","0"
"0.36","38","Columba palumbus","0","0","0","1"
"0.36","38","Passer domesticus","0","0","1","0"
"0.36","38","Hirundo rustica","0","0","1","0"
"0.36","38","Sylvia atricapilla","0","0","0","1"
"0.36","38","Corvus corone","0","0","1","0"
"0.36","38","Pica pica","0","0","0","1"
"0.36","38","Carduelis carduelis","0","0","1","0"
"0.36","38","Serinus serinus","0","0","1","0"
"0.36","38","Streptopelia decaocto","0","0","0","1"
"0.36","38","Delichon urbicum","0","0","1","0"
"0.36","38","Milvus migrans","0","0","1","0"
"0.36","38","Parus major","0","0","0","1"
"0.36","38","Phoenicurus ochruros","0","0","1","0"
"0.36","38","Motacilla alba","0","0","1","0"
"0.36","38","Erithacus rubecula","0","0","1","0"
"0.36","38","Gyps fulvus","0","0","1","0"
"0.36","38","Garrulus glandarius","0","0","1","0"
"0.36","38","Cyanistes caeruleus","0","0","0","1"
"0.36","38","Chloris chloris","0","0","1","0"
"0.36","38","Emberiza cirlus","0","0","1","0"
"0.36","38","Troglodytes troglodytes","0","0","1","0"
"0.36","38","Columba livia","0","0","1","0"
"0.36","38","Oriolus oriolus","0","0","0","1"
"0.36","38","Buteo buteo","0","0","1","0"
"0.36","38","Falco tinnunculus","0","0","1","0"
"0.36","38","Luscinia megarhynchos","0","0","0","1"
"0.36","38","Linaria cannabina","0","0","1","0"
"0.36","38","Periparus ater","0","0","1","0"
"0.36","38","Sturnus vulgaris","0","0","1","0"
"0.36","38","Phylloscopus bonelli","0","0","1","0"
"0.36","38","Cuculus canorus","0","0","1","0"
"0.36","38","Ptyonoprogne rupestris","0","0","1","0"
"0.36","38","Larus michahellis","0","0","1","0"
"0.36","38","Certhia brachydactyla","0","0","0","1"
"0.36","38","Merops apiaster","0","0","1","0"
"0.36","38","Hippolais polyglotta","0","0","1","0"
"0.36","38","Picus viridis","0","0","1","0"
"0.36","38","Anas platyrhynchos","0","0","1","0"
"0.36","38","Dendrocopos major","0","0","1","0"
"0.36","38","Ardea cinerea","0","0","1","0"
"0.36","38","Saxicola rubicola","0","0","1","0"
"0.36","38","Streptopelia turtur","0","0","1","0"
"0.36","38","Upupa epops","0","0","1","0"
"0.36","38","Regulus ignicapilla","0","0","1","0"
"0.36","38","Aegithalos caudatus","0","0","1","0"
"0.36","38","Corvus corax","0","0","1","0"
"0.36","38","Emberiza calandra","1","0","0","0"
"0.36","38","Turdus philomelos","0","0","1","0"
"0.36","38","Sitta europaea","0","0","1","0"
"0.36","38","Turdus viscivorus","0","0","1","0"
"0.36","38","Alauda arvensis","0","0","1","0"
"0.36","38","Phylloscopus collybita","0","0","0","1"
"0.36","38","Lullula arborea","0","0","1","0"
"0.36","38","Galerida cristata","0","0","1","0"
"0.36","38","Pyrrhocorax pyrrhocorax","0","0","1","0"
"0.36","38","Lophophanes cristatus","0","0","1","0"
"0.36","38","Petronia petronia","0","0","1","0"
"0.36","38","Fulica atra","0","0","1","0"
"0.36","38","Cettia cetti","0","0","1","0"
"0.36","38","Lanius collurio","0","0","1","0"
"0.36","38","Egretta garzetta","0","0","1","0"
"0.36","38","Cisticola juncidis","0","0","1","0"
"0.36","38","Curruca melanocephala","0","0","1","0"
"0.36","38","Circaetus gallicus","0","0","1","0"
"0.36","38","Carduelis citrinella","0","0","1","0"
"0.36","38","Phalacrocorax carbo","0","0","1","0"
"0.36","38","Chroicocephalus ridibundus","0","0","1","0"
"0.36","38","Milvus milvus","0","0","1","0"
"0.36","38","Gallinula chloropus","0","0","1","0"
"0.36","38","Curruca communis","0","0","1","0"
"0.36","38","Hieraaetus pennatus","0","0","1","0"
"0.36","38","Oenanthe oenanthe","0","0","1","0"
"0.36","38","Ciconia ciconia","0","0","1","0"
"0.36","38","Picus sharpei","0","0","1","0"
"0.36","38","Motacilla cinerea","0","0","1","0"
"0.36","38","Phoenicurus phoenicurus","0","0","1","0"
"0.36","38","Lanius senator","0","0","1","0"
"0.36","38","Corvus monedula","0","0","1","0"
"0.36","38","Coturnix coturnix","0","0","1","0"
"0.36","38","Bubulcus ibis","0","0","1","0"
"0.36","38","Prunella modularis","0","0","1","0"
"0.36","38","Acrocephalus scirpaceus","0","0","1","0"
"0.36","38","Himantopus himantopus","0","0","1","0"
"0.36","38","Alectoris rufa","0","0","1","0"
"0.36","38","Emberiza citrinella","1","0","0","0"
"0.36","38","Emberiza cia","0","0","1","0"
"0.36","38","Curruca iberiae","0","0","1","0"
"0.36","38","Circus aeruginosus","0","0","1","0"
"0.36","38","Muscicapa striata","0","0","1","0"
"0.36","38","Pernis apivorus","0","0","1","0"
"0.36","38","Sterna hirundo","0","0","1","0"
"0.36","38","Sturnus unicolor","0","0","1","0"
"0.36","38","Motacilla flava","0","0","1","0"
"0.36","38","Passer montanus","0","0","1","0"
"0.36","38","Podiceps cristatus","0","0","1","0"
"0.36","38","Acrocephalus arundinaceus","0","0","1","0"
"0.36","38","Anthus trivialis","1","0","0","0"
"0.36","38","Ardea purpurea","0","0","1","0"
"0.36","38","Sylvia borin","0","0","1","0"
"0.36","38","Tachybaptus ruficollis","0","0","1","0"
"0.36","38","Curruca undata","0","0","1","0"
"0.36","38","Charadrius dubius","0","0","1","0"
"0.36","38","Falco subbuteo","0","0","1","0"
"0.36","38","Apus melba","0","0","1","0"
"0.36","38","Pyrrhula pyrrhula","0","0","1","0"
"0.36","38","Recurvirostra avosetta","0","0","1","0"
"0.36","38","Anthus campestris","0","0","1","0"
"0.36","38","Tadorna tadorna","0","0","1","0"
"0.36","38","Riparia riparia","0","0","1","0"
"0.36","38","Netta rufina","0","0","1","0"
"0.36","38","Circus pygargus","0","0","1","0"
"0.36","38","Cinclus cinclus","0","0","1","0"
"0.36","38","Galerida theklae","0","0","1","0"
"0.36","38","Alcedo atthis","0","0","1","0"
"0.36","38","Poecile palustris","0","0","1","0"
"0.36","38","Aquila chrysaetos","0","0","1","0"
"0.36","38","Actitis hypoleucos","0","0","1","0"
"0.36","38","Aythya ferina","0","0","1","0"
"0.36","38","Pyrrhocorax graculus","0","0","1","0"
"0.36","38","Anthus spinoletta","0","0","1","0"
"0.36","38","Sternula albifrons","0","0","1","0"
"0.36","38","Vanellus vanellus","0","0","1","0"
"0.36","38","Burhinus oedicnemus","0","0","1","0"
"0.36","38","Accipiter nisus","0","0","1","0"
"0.36","38","Nycticorax nycticorax","0","0","1","0"
"0.36","38","Coccothraustes coccothraustes","0","0","1","0"
"0.36","38","Tringa ochropus","0","0","1","0"
"0.36","38","Melanocorypha calandra","0","0","1","0"
"0.36","38","Cygnus olor","0","0","1","0"
"0.36","38","Loxia curvirostra","0","0","1","0"
"0.36","38","Emberiza schoeniclus","0","0","1","0"
"0.36","38","Phoenicopterus roseus","0","0","1","0"
"0.36","38","Phasianus colchicus","0","0","1","0"
"0.36","38","Mareca strepera","0","0","1","0"
"0.36","38","Columba oenas","0","0","1","0"
"0.36","38","Strix aluco","0","0","1","0"
"0.36","38","Ardea alba","0","0","1","0"
"0.36","38","Saxicola rubetra","0","0","1","0"
"0.36","38","Plegadis falcinellus","0","0","1","0"
"0.36","38","Ichthyaetus melanocephalus","0","0","1","0"
"0.36","38","Tringa totanus","0","0","1","0"
"0.36","38","Coracias garrulus","0","0","1","0"
"0.36","38","Regulus regulus","0","0","1","0"
"0.36","38","Cecropis daurica","0","0","1","0"
"0.36","38","Rallus aquaticus","0","0","1","0"
"0.36","38","Athene noctua","0","0","1","0"
"0.36","38","Lanius meridionalis","0","0","1","0"
"0.36","38","Passer hispaniolensis","0","0","1","0"
"0.36","38","Falco naumanni","0","0","1","0"
"0.36","38","Platalea leucorodia","0","0","1","0"
"0.36","38","Psittacula krameri","0","0","1","0"
"0.36","38","Chlidonias niger","0","0","1","0"
"0.36","38","Phylloscopus ibericus","0","0","1","0"
"0.36","38","Podiceps nigricollis","0","0","1","0"
"0.36","38","Thalasseus sandvicensis","0","0","1","0"
"0.36","38","Spatula clypeata","0","0","1","0"
"0.36","38","Otus scops","0","0","1","0"
"0.36","38","Jynx torquilla","0","0","1","0"
"0.36","39","Turdus merula","0","0","0","1"
"0.36","39","Apus apus","0","0","1","0"
"0.36","39","Fringilla coelebs","0","0","0","1"
"0.36","39","Columba palumbus","0","0","1","0"
"0.36","39","Passer domesticus","0","0","1","0"
"0.36","39","Hirundo rustica","0","0","1","0"
"0.36","39","Sylvia atricapilla","0","0","0","1"
"0.36","39","Corvus corone","0","0","1","0"
"0.36","39","Pica pica","0","0","1","0"
"0.36","39","Carduelis carduelis","0","0","1","0"
"0.36","39","Serinus serinus","0","0","1","0"
"0.36","39","Streptopelia decaocto","0","0","0","1"
"0.36","39","Delichon urbicum","0","0","1","0"
"0.36","39","Milvus migrans","0","0","1","0"
"0.36","39","Parus major","0","0","1","0"
"0.36","39","Phoenicurus ochruros","0","0","1","0"
"0.36","39","Motacilla alba","0","0","1","0"
"0.36","39","Erithacus rubecula","0","0","1","0"
"0.36","39","Gyps fulvus","0","0","1","0"
"0.36","39","Garrulus glandarius","0","0","0","1"
"0.36","39","Cyanistes caeruleus","0","0","1","0"
"0.36","39","Chloris chloris","0","0","1","0"
"0.36","39","Emberiza cirlus","0","0","0","1"
"0.36","39","Troglodytes troglodytes","0","0","1","0"
"0.36","39","Columba livia","0","0","1","0"
"0.36","39","Oriolus oriolus","0","0","1","0"
"0.36","39","Buteo buteo","0","1","0","0"
"0.36","39","Falco tinnunculus","0","0","1","0"
"0.36","39","Luscinia megarhynchos","0","0","1","0"
"0.36","39","Linaria cannabina","0","0","1","0"
"0.36","39","Periparus ater","0","0","1","0"
"0.36","39","Sturnus vulgaris","0","0","1","0"
"0.36","39","Phylloscopus bonelli","0","0","1","0"
"0.36","39","Cuculus canorus","0","0","1","0"
"0.36","39","Ptyonoprogne rupestris","0","0","1","0"
"0.36","39","Larus michahellis","0","0","1","0"
"0.36","39","Certhia brachydactyla","0","0","1","0"
"0.36","39","Merops apiaster","0","0","1","0"
"0.36","39","Hippolais polyglotta","0","0","1","0"
"0.36","39","Picus viridis","0","0","1","0"
"0.36","39","Anas platyrhynchos","0","0","1","0"
"0.36","39","Dendrocopos major","0","0","1","0"
"0.36","39","Ardea cinerea","0","0","1","0"
"0.36","39","Saxicola rubicola","0","0","1","0"
"0.36","39","Streptopelia turtur","0","0","1","0"
"0.36","39","Upupa epops","0","0","1","0"
"0.36","39","Regulus ignicapilla","0","0","1","0"
"0.36","39","Aegithalos caudatus","0","0","1","0"
"0.36","39","Corvus corax","0","0","1","0"
"0.36","39","Emberiza calandra","0","0","1","0"
"0.36","39","Turdus philomelos","0","0","1","0"
"0.36","39","Sitta europaea","0","0","1","0"
"0.36","39","Turdus viscivorus","0","0","1","0"
"0.36","39","Alauda arvensis","0","0","1","0"
"0.36","39","Phylloscopus collybita","0","0","0","1"
"0.36","39","Lullula arborea","0","0","1","0"
"0.36","39","Galerida cristata","0","0","1","0"
"0.36","39","Pyrrhocorax pyrrhocorax","0","0","1","0"
"0.36","39","Lophophanes cristatus","0","0","1","0"
"0.36","39","Petronia petronia","0","0","1","0"
"0.36","39","Fulica atra","0","0","1","0"
"0.36","39","Cettia cetti","0","0","1","0"
"0.36","39","Lanius collurio","0","0","1","0"
"0.36","39","Egretta garzetta","0","0","1","0"
"0.36","39","Cisticola juncidis","0","0","1","0"
"0.36","39","Curruca melanocephala","0","0","1","0"
"0.36","39","Circaetus gallicus","0","0","1","0"
"0.36","39","Carduelis citrinella","0","0","1","0"
"0.36","39","Phalacrocorax carbo","0","0","1","0"
"0.36","39","Chroicocephalus ridibundus","0","0","1","0"
"0.36","39","Milvus milvus","0","0","1","0"
"0.36","39","Gallinula chloropus","0","0","1","0"
"0.36","39","Curruca communis","0","0","1","0"
"0.36","39","Hieraaetus pennatus","0","0","1","0"
"0.36","39","Oenanthe oenanthe","0","0","1","0"
"0.36","39","Ciconia ciconia","0","0","1","0"
"0.36","39","Picus sharpei","0","0","1","0"
"0.36","39","Motacilla cinerea","0","0","1","0"
"0.36","39","Phoenicurus phoenicurus","0","0","1","0"
"0.36","39","Lanius senator","0","0","1","0"
"0.36","39","Corvus monedula","0","0","1","0"
"0.36","39","Coturnix coturnix","0","0","1","0"
"0.36","39","Bubulcus ibis","0","0","1","0"
"0.36","39","Prunella modularis","0","0","1","0"
"0.36","39","Acrocephalus scirpaceus","0","0","1","0"
"0.36","39","Himantopus himantopus","0","0","1","0"
"0.36","39","Alectoris rufa","0","0","1","0"
"0.36","39","Emberiza citrinella","0","0","1","0"
"0.36","39","Emberiza cia","0","0","1","0"
"0.36","39","Curruca iberiae","0","0","1","0"
"0.36","39","Circus aeruginosus","0","0","1","0"
"0.36","39","Muscicapa striata","0","0","1","0"
"0.36","39","Pernis apivorus","0","0","1","0"
"0.36","39","Sterna hirundo","0","0","1","0"
"0.36","39","Sturnus unicolor","0","0","1","0"
"0.36","39","Motacilla flava","0","0","1","0"
"0.36","39","Passer montanus","0","0","1","0"
"0.36","39","Podiceps cristatus","0","0","1","0"
"0.36","39","Acrocephalus arundinaceus","0","0","1","0"
"0.36","39","Anthus trivialis","0","0","1","0"
"0.36","39","Ardea purpurea","0","0","1","0"
"0.36","39","Sylvia borin","0","0","1","0"
"0.36","39","Tachybaptus ruficollis","0","0","1","0"
"0.36","39","Curruca undata","0","0","1","0"
"0.36","39","Charadrius dubius","0","0","1","0"
"0.36","39","Falco subbuteo","0","0","1","0"
"0.36","39","Apus melba","0","0","1","0"
"0.36","39","Pyrrhula pyrrhula","0","0","1","0"
"0.36","39","Recurvirostra avosetta","0","0","1","0"
"0.36","39","Anthus campestris","0","0","1","0"
"0.36","39","Tadorna tadorna","0","0","1","0"
"0.36","39","Riparia riparia","0","0","1","0"
"0.36","39","Netta rufina","0","0","1","0"
"0.36","39","Circus pygargus","0","0","1","0"
"0.36","39","Cinclus cinclus","0","0","1","0"
"0.36","39","Galerida theklae","0","0","1","0"
"0.36","39","Alcedo atthis","0","0","1","0"
"0.36","39","Poecile palustris","0","0","1","0"
"0.36","39","Aquila chrysaetos","0","0","1","0"
"0.36","39","Actitis hypoleucos","0","0","1","0"
"0.36","39","Aythya ferina","0","0","1","0"
"0.36","39","Pyrrhocorax graculus","0","0","1","0"
"0.36","39","Anthus spinoletta","0","0","1","0"
"0.36","39","Sternula albifrons","0","0","1","0"
"0.36","39","Vanellus vanellus","0","0","1","0"
"0.36","39","Burhinus oedicnemus","0","0","1","0"
"0.36","39","Accipiter nisus","0","0","1","0"
"0.36","39","Nycticorax nycticorax","0","0","1","0"
"0.36","39","Coccothraustes coccothraustes","0","0","1","0"
"0.36","39","Tringa ochropus","0","0","1","0"
"0.36","39","Melanocorypha calandra","0","0","1","0"
"0.36","39","Cygnus olor","0","0","1","0"
"0.36","39","Loxia curvirostra","0","0","1","0"
"0.36","39","Emberiza schoeniclus","0","0","1","0"
"0.36","39","Phoenicopterus roseus","0","0","1","0"
"0.36","39","Phasianus colchicus","0","0","1","0"
"0.36","39","Mareca strepera","0","0","1","0"
"0.36","39","Columba oenas","0","0","1","0"
"0.36","39","Strix aluco","0","0","1","0"
"0.36","39","Ardea alba","0","0","1","0"
"0.36","39","Saxicola rubetra","0","0","1","0"
"0.36","39","Plegadis falcinellus","0","0","1","0"
"0.36","39","Ichthyaetus melanocephalus","0","0","1","0"
"0.36","39","Tringa totanus","0","0","1","0"
"0.36","39","Coracias garrulus","0","0","1","0"
"0.36","39","Regulus regulus","0","0","1","0"
"0.36","39","Cecropis daurica","0","0","1","0"
"0.36","39","Rallus aquaticus","0","0","1","0"
"0.36","39","Athene noctua","0","0","1","0"
"0.36","39","Lanius meridionalis","0","0","1","0"
"0.36","39","Passer hispaniolensis","0","0","1","0"
"0.36","39","Falco naumanni","0","0","1","0"
"0.36","39","Platalea leucorodia","0","0","1","0"
"0.36","39","Psittacula krameri","0","0","1","0"
"0.36","39","Chlidonias niger","0","0","1","0"
"0.36","39","Phylloscopus ibericus","0","0","1","0"
"0.36","39","Podiceps nigricollis","0","0","1","0"
"0.36","39","Thalasseus sandvicensis","0","0","1","0"
"0.36","39","Spatula clypeata","0","0","1","0"
"0.36","39","Otus scops","0","0","1","0"
"0.36","39","Jynx torquilla","0","0","1","0"
"0.36","40","Turdus merula","0","0","1","0"
"0.36","40","Apus apus","0","0","1","0"
"0.36","40","Columba palumbus","0","0","1","0"
"0.36","40","Passer domesticus","0","0","1","0"
"0.36","40","Fringilla coelebs","0","0","1","0"
"0.36","40","Hirundo rustica","0","0","1","0"
"0.36","40","Corvus corone","0","0","1","0"
"0.36","40","Sylvia atricapilla","0","0","1","0"
"0.36","40","Carduelis carduelis","0","0","1","0"
"0.36","40","Pica pica","0","0","1","0"
"0.36","40","Delichon urbicum","0","0","1","0"
"0.36","40","Streptopelia decaocto","0","0","1","0"
"0.36","40","Phoenicurus ochruros","0","0","1","0"
"0.36","40","Parus major","0","0","1","0"
"0.36","40","Milvus migrans","0","0","1","0"
"0.36","40","Serinus serinus","0","0","1","0"
"0.36","40","Motacilla alba","0","0","1","0"
"0.36","40","Gyps fulvus","0","0","1","0"
"0.36","40","Erithacus rubecula","0","0","1","0"
"0.36","40","Garrulus glandarius","0","0","1","0"
"0.36","40","Cyanistes caeruleus","0","0","1","0"
"0.36","40","Buteo buteo","0","0","1","0"
"0.36","40","Columba livia","0","0","1","0"
"0.36","40","Falco tinnunculus","0","0","1","0"
"0.36","40","Chloris chloris","0","0","1","0"
"0.36","40","Emberiza cirlus","0","0","1","0"
"0.36","40","Troglodytes troglodytes","0","0","1","0"
"0.36","40","Oriolus oriolus","0","0","1","0"
"0.36","40","Periparus ater","0","0","1","0"
"0.36","40","Linaria cannabina","0","0","1","0"
"0.36","40","Ptyonoprogne rupestris","0","0","1","0"
"0.36","40","Ardea cinerea","0","0","1","0"
"0.36","40","Certhia brachydactyla","0","0","1","0"
"0.36","40","Picus viridis","0","0","1","0"
"0.36","40","Sturnus vulgaris","0","0","1","0"
"0.36","40","Larus michahellis","0","0","1","0"
"0.36","40","Dendrocopos major","0","0","1","0"
"0.36","40","Anas platyrhynchos","0","0","1","0"
"0.36","40","Merops apiaster","0","0","1","0"
"0.36","40","Phylloscopus bonelli","0","0","1","0"
"0.36","40","Saxicola rubicola","0","0","1","0"
"0.36","40","Streptopelia turtur","0","0","1","0"
"0.36","40","Sitta europaea","0","0","1","0"
"0.36","40","Aegithalos caudatus","0","0","1","0"
"0.36","40","Hippolais polyglotta","0","0","1","0"
"0.36","40","Upupa epops","0","0","1","0"
"0.36","40","Corvus corax","0","0","1","0"
"0.36","40","Phylloscopus collybita","0","0","1","0"
"0.36","40","Regulus ignicapilla","0","0","1","0"
"0.36","40","Chroicocephalus ridibundus","0","0","1","0"
"0.36","40","Lophophanes cristatus","0","0","1","0"
"0.36","40","Luscinia megarhynchos","0","0","0","1"
"0.36","40","Fulica atra","0","0","1","0"
"0.36","40","Turdus viscivorus","0","0","1","0"
"0.36","40","Turdus philomelos","0","0","1","0"
"0.36","40","Egretta garzetta","0","0","1","0"
"0.36","40","Galerida cristata","0","0","1","0"
"0.36","40","Lanius collurio","0","0","1","0"
"0.36","40","Alauda arvensis","0","0","1","0"
"0.36","40","Pyrrhocorax pyrrhocorax","0","0","1","0"
"0.36","40","Phalacrocorax carbo","0","0","1","0"
"0.36","40","Circaetus gallicus","0","0","1","0"
"0.36","40","Lullula arborea","0","0","1","0"
"0.36","40","Gallinula chloropus","0","0","1","0"
"0.36","40","Cisticola juncidis","0","0","1","0"
"0.36","40","Milvus milvus","0","0","1","0"
"0.36","40","Curruca melanocephala","0","0","1","0"
"0.36","40","Cuculus canorus","0","0","1","0"
"0.36","40","Cettia cetti","0","0","1","0"
"0.36","40","Motacilla cinerea","0","0","1","0"
"0.36","40","Hieraaetus pennatus","0","0","1","0"
"0.36","40","Carduelis citrinella","0","0","1","0"
"0.36","40","Emberiza calandra","0","0","1","0"
"0.36","40","Petronia petronia","0","0","1","0"
"0.36","40","Oenanthe oenanthe","0","0","1","0"
"0.36","40","Bubulcus ibis","0","0","1","0"
"0.36","40","Ciconia ciconia","0","0","1","0"
"0.36","40","Lanius senator","0","0","1","0"
"0.36","40","Picus sharpei","0","0","1","0"
"0.36","40","Muscicapa striata","0","0","1","0"
"0.36","40","Coturnix coturnix","0","0","1","0"
"0.36","40","Acrocephalus scirpaceus","0","0","1","0"
"0.36","40","Curruca communis","0","0","1","0"
"0.36","40","Pernis apivorus","0","0","1","0"
"0.36","40","Himantopus himantopus","0","0","1","0"
"0.36","40","Circus aeruginosus","0","0","1","0"
"0.36","40","Phoenicurus phoenicurus","0","0","1","0"
"0.36","40","Prunella modularis","0","0","1","0"
"0.36","40","Corvus monedula","0","0","1","0"
"0.36","40","Alectoris rufa","0","0","1","0"
"0.36","40","Sterna hirundo","0","0","1","0"
"0.36","40","Podiceps cristatus","0","0","1","0"
"0.36","40","Emberiza citrinella","0","0","1","0"
"0.36","40","Emberiza cia","0","0","1","0"
"0.36","40","Curruca iberiae","0","0","1","0"
"0.36","40","Passer montanus","0","0","1","0"
"0.36","40","Motacilla flava","0","0","1","0"
"0.36","40","Tachybaptus ruficollis","0","0","1","0"
"0.36","40","Sturnus unicolor","0","0","1","0"
"0.36","40","Alcedo atthis","0","0","1","0"
"0.36","40","Anthus trivialis","0","0","1","0"
"0.36","40","Ardea purpurea","0","0","1","0"
"0.36","40","Actitis hypoleucos","0","0","1","0"
"0.36","40","Charadrius dubius","0","0","1","0"
"0.36","40","Pyrrhula pyrrhula","0","0","1","0"
"0.36","40","Apus melba","0","0","1","0"
"0.36","40","Curruca undata","0","0","1","0"
"0.36","40","Tringa ochropus","0","0","1","0"
"0.36","40","Falco subbuteo","0","0","1","0"
"0.36","40","Recurvirostra avosetta","0","0","1","0"
"0.36","40","Sylvia borin","0","0","1","0"
"0.36","40","Vanellus vanellus","0","0","1","0"
"0.36","40","Anthus spinoletta","0","0","1","0"
"0.36","40","Riparia riparia","0","0","1","0"
"0.36","40","Cinclus cinclus","0","0","1","0"
"0.36","40","Anthus campestris","0","0","1","0"
"0.36","40","Poecile palustris","0","0","1","0"
"0.36","40","Tadorna tadorna","0","0","1","0"
"0.36","40","Aythya ferina","0","0","1","0"
"0.36","40","Netta rufina","0","0","1","0"
"0.36","40","Acrocephalus arundinaceus","0","0","1","0"
"0.36","40","Circus pygargus","0","0","1","0"
"0.36","40","Accipiter nisus","0","0","1","0"
"0.36","40","Aquila chrysaetos","0","0","1","0"
"0.36","40","Pyrrhocorax graculus","0","0","1","0"
"0.36","40","Nycticorax nycticorax","0","0","1","0"
"0.36","40","Galerida theklae","0","0","1","0"
"0.36","40","Ardea alba","0","0","1","0"
"0.36","40","Burhinus oedicnemus","0","0","1","0"
"0.36","40","Loxia curvirostra","0","0","1","0"
"0.36","40","Cygnus olor","0","0","1","0"
"0.36","40","Sternula albifrons","0","0","1","0"
"0.36","40","Phoenicopterus roseus","0","0","1","0"
"0.36","40","Coccothraustes coccothraustes","0","0","1","0"
"0.36","40","Columba oenas","0","0","1","0"
"0.36","40","Emberiza schoeniclus","0","0","1","0"
"0.36","40","Rallus aquaticus","0","0","1","0"
"0.36","40","Strix aluco","0","0","1","0"
"0.36","40","Plegadis falcinellus","0","0","1","0"
"0.36","40","Mareca strepera","0","0","1","0"
"0.36","40","Lanius meridionalis","0","0","1","0"
"0.36","40","Cecropis daurica","0","0","1","0"
"0.36","40","Ichthyaetus melanocephalus","0","0","1","0"
"0.36","40","Platalea leucorodia","0","0","1","0"
"0.36","40","Tringa totanus","0","0","1","0"
"0.36","40","Melanocorypha calandra","0","0","1","0"
"0.36","40","Ficedula hypoleuca","0","0","1","0"
"0.36","40","Saxicola rubetra","0","0","1","0"
"0.36","40","Athene noctua","0","0","1","0"
"0.36","40","Coracias garrulus","0","0","1","0"
"0.36","40","Thalasseus sandvicensis","0","0","1","0"
"0.36","40","Regulus regulus","0","0","1","0"
"0.36","40","Spatula clypeata","0","0","1","0"
"0.36","40","Falco naumanni","0","0","1","0"
"0.36","40","Phasianus colchicus","0","0","1","0"
"0.36","40","Podiceps nigricollis","0","0","1","0"
"0.36","40","Chlidonias niger","0","0","1","0"
"0.36","40","Passer hispaniolensis","0","0","1","0"
"0.36","40","Charadrius hiaticula","0","0","1","0"
"0.36","40","Tyto alba","0","0","1","0"
"0.36","40","Limosa limosa","0","0","1","0"
"0.36","40","Psittacula krameri","0","0","1","0"
"0.36","40","Spinus spinus","0","0","1","0"
"0.36","40","Charadrius alexandrinus","0","0","1","0"
"0.36","40","Pandion haliaetus","0","0","1","0"
"0.36","40","Numenius arquata","0","0","1","0"
"0.36","40","Larus fuscus","0","0","1","0"
"0.36","40","Phylloscopus trochilus","0","0","1","0"
"0.36","40","Otus scops","0","0","1","0"
"0.36","40","Jynx torquilla","0","0","1","0"
"0.36","41","Turdus merula","0","0","0","1"
"0.36","41","Apus apus","0","0","1","0"
"0.36","41","Columba palumbus","0","0","1","0"
"0.36","41","Passer domesticus","0","0","1","0"
"0.36","41","Fringilla coelebs","0","0","1","0"
"0.36","41","Hirundo rustica","0","0","1","0"
"0.36","41","Corvus corone","0","0","0","1"
"0.36","41","Sylvia atricapilla","1","0","0","0"
"0.36","41","Carduelis carduelis","0","0","1","0"
"0.36","41","Pica pica","0","0","1","0"
"0.36","41","Delichon urbicum","0","0","1","0"
"0.36","41","Streptopelia decaocto","0","0","1","0"
"0.36","41","Phoenicurus ochruros","0","0","0","1"
"0.36","41","Parus major","0","0","1","0"
"0.36","41","Milvus migrans","0","0","1","0"
"0.36","41","Serinus serinus","0","0","1","0"
"0.36","41","Motacilla alba","0","0","1","0"
"0.36","41","Gyps fulvus","0","0","1","0"
"0.36","41","Erithacus rubecula","0","0","1","0"
"0.36","41","Garrulus glandarius","0","0","1","0"
"0.36","41","Cyanistes caeruleus","0","0","0","1"
"0.36","41","Buteo buteo","0","0","1","0"
"0.36","41","Columba livia","0","0","1","0"
"0.36","41","Falco tinnunculus","0","0","1","0"
"0.36","41","Chloris chloris","0","0","1","0"
"0.36","41","Emberiza cirlus","0","0","1","0"
"0.36","41","Troglodytes troglodytes","0","0","1","0"
"0.36","41","Oriolus oriolus","1","0","0","0"
"0.36","41","Periparus ater","0","0","1","0"
"0.36","41","Linaria cannabina","0","0","1","0"
"0.36","41","Ptyonoprogne rupestris","0","0","1","0"
"0.36","41","Ardea cinerea","0","0","1","0"
"0.36","41","Certhia brachydactyla","0","0","1","0"
"0.36","41","Picus viridis","0","0","1","0"
"0.36","41","Sturnus vulgaris","0","0","1","0"
"0.36","41","Larus michahellis","0","0","1","0"
"0.36","41","Dendrocopos major","0","0","1","0"
"0.36","41","Anas platyrhynchos","0","0","1","0"
"0.36","41","Merops apiaster","0","0","1","0"
"0.36","41","Phylloscopus bonelli","0","0","1","0"
"0.36","41","Saxicola rubicola","0","0","1","0"
"0.36","41","Streptopelia turtur","0","0","1","0"
"0.36","41","Sitta europaea","0","0","1","0"
"0.36","41","Aegithalos caudatus","0","0","1","0"
"0.36","41","Hippolais polyglotta","0","0","1","0"
"0.36","41","Upupa epops","0","0","1","0"
"0.36","41","Corvus corax","0","0","1","0"
"0.36","41","Phylloscopus collybita","0","0","1","0"
"0.36","41","Regulus ignicapilla","0","0","1","0"
"0.36","41","Chroicocephalus ridibundus","0","0","1","0"
"0.36","41","Lophophanes cristatus","0","0","1","0"
"0.36","41","Luscinia megarhynchos","0","0","1","0"
"0.36","41","Fulica atra","0","0","1","0"
"0.36","41","Turdus viscivorus","0","0","1","0"
"0.36","41","Turdus philomelos","0","0","0","1"
"0.36","41","Egretta garzetta","0","0","1","0"
"0.36","41","Galerida cristata","0","0","1","0"
"0.36","41","Lanius collurio","0","0","1","0"
"0.36","41","Alauda arvensis","0","0","1","0"
"0.36","41","Pyrrhocorax pyrrhocorax","0","0","1","0"
"0.36","41","Phalacrocorax carbo","0","0","1","0"
"0.36","41","Circaetus gallicus","0","0","1","0"
"0.36","41","Lullula arborea","0","0","1","0"
"0.36","41","Gallinula chloropus","0","0","1","0"
"0.36","41","Cisticola juncidis","0","0","1","0"
"0.36","41","Milvus milvus","0","0","1","0"
"0.36","41","Curruca melanocephala","0","0","1","0"
"0.36","41","Cuculus canorus","0","0","1","0"
"0.36","41","Cettia cetti","0","0","1","0"
"0.36","41","Motacilla cinerea","0","0","1","0"
"0.36","41","Hieraaetus pennatus","0","0","1","0"
"0.36","41","Carduelis citrinella","0","0","1","0"
"0.36","41","Emberiza calandra","0","0","1","0"
"0.36","41","Petronia petronia","0","0","1","0"
"0.36","41","Oenanthe oenanthe","0","0","1","0"
"0.36","41","Bubulcus ibis","0","0","1","0"
"0.36","41","Ciconia ciconia","0","0","1","0"
"0.36","41","Lanius senator","0","0","1","0"
"0.36","41","Picus sharpei","0","0","1","0"
"0.36","41","Muscicapa striata","0","0","1","0"
"0.36","41","Coturnix coturnix","0","0","1","0"
"0.36","41","Acrocephalus scirpaceus","0","0","1","0"
"0.36","41","Curruca communis","0","0","1","0"
"0.36","41","Pernis apivorus","0","0","1","0"
"0.36","41","Himantopus himantopus","0","0","1","0"
"0.36","41","Circus aeruginosus","0","0","1","0"
"0.36","41","Phoenicurus phoenicurus","0","0","1","0"
"0.36","41","Prunella modularis","0","0","1","0"
"0.36","41","Corvus monedula","0","0","1","0"
"0.36","41","Alectoris rufa","0","0","1","0"
"0.36","41","Sterna hirundo","0","0","1","0"
"0.36","41","Podiceps cristatus","0","0","1","0"
"0.36","41","Emberiza citrinella","0","0","0","1"
"0.36","41","Emberiza cia","0","0","1","0"
"0.36","41","Curruca iberiae","0","0","1","0"
"0.36","41","Passer montanus","0","0","1","0"
"0.36","41","Motacilla flava","0","0","1","0"
"0.36","41","Tachybaptus ruficollis","0","0","1","0"
"0.36","41","Sturnus unicolor","0","0","1","0"
"0.36","41","Alcedo atthis","0","0","1","0"
"0.36","41","Anthus trivialis","0","0","1","0"
"0.36","41","Ardea purpurea","0","0","1","0"
"0.36","41","Actitis hypoleucos","0","0","1","0"
"0.36","41","Charadrius dubius","0","0","1","0"
"0.36","41","Pyrrhula pyrrhula","0","0","1","0"
"0.36","41","Apus melba","0","0","1","0"
"0.36","41","Curruca undata","0","0","1","0"
"0.36","41","Tringa ochropus","0","0","1","0"
"0.36","41","Falco subbuteo","0","0","1","0"
"0.36","41","Recurvirostra avosetta","0","0","1","0"
"0.36","41","Sylvia borin","0","0","1","0"
"0.36","41","Vanellus vanellus","0","0","1","0"
"0.36","41","Anthus spinoletta","0","0","1","0"
"0.36","41","Riparia riparia","0","0","1","0"
"0.36","41","Cinclus cinclus","0","0","1","0"
"0.36","41","Anthus campestris","0","0","1","0"
"0.36","41","Poecile palustris","0","0","1","0"
"0.36","41","Tadorna tadorna","0","0","1","0"
"0.36","41","Aythya ferina","0","0","1","0"
"0.36","41","Netta rufina","0","0","1","0"
"0.36","41","Acrocephalus arundinaceus","0","0","1","0"
"0.36","41","Circus pygargus","0","0","1","0"
"0.36","41","Accipiter nisus","0","0","1","0"
"0.36","41","Aquila chrysaetos","0","0","1","0"
"0.36","41","Pyrrhocorax graculus","0","0","1","0"
"0.36","41","Nycticorax nycticorax","0","0","1","0"
"0.36","41","Galerida theklae","0","0","1","0"
"0.36","41","Ardea alba","0","0","1","0"
"0.36","41","Burhinus oedicnemus","0","0","1","0"
"0.36","41","Loxia curvirostra","0","0","1","0"
"0.36","41","Cygnus olor","0","0","1","0"
"0.36","41","Sternula albifrons","0","0","1","0"
"0.36","41","Phoenicopterus roseus","0","0","1","0"
"0.36","41","Coccothraustes coccothraustes","0","0","1","0"
"0.36","41","Columba oenas","0","0","1","0"
"0.36","41","Emberiza schoeniclus","0","0","1","0"
"0.36","41","Rallus aquaticus","0","0","1","0"
"0.36","41","Strix aluco","0","0","1","0"
"0.36","41","Plegadis falcinellus","0","0","1","0"
"0.36","41","Mareca strepera","0","0","1","0"
"0.36","41","Lanius meridionalis","0","0","1","0"
"0.36","41","Cecropis daurica","0","0","1","0"
"0.36","41","Ichthyaetus melanocephalus","0","0","1","0"
"0.36","41","Platalea leucorodia","0","0","1","0"
"0.36","41","Tringa totanus","0","0","1","0"
"0.36","41","Melanocorypha calandra","0","0","1","0"
"0.36","41","Ficedula hypoleuca","0","0","1","0"
"0.36","41","Saxicola rubetra","0","0","1","0"
"0.36","41","Athene noctua","0","0","1","0"
"0.36","41","Coracias garrulus","0","0","1","0"
"0.36","41","Thalasseus sandvicensis","0","0","1","0"
"0.36","41","Regulus regulus","0","0","1","0"
"0.36","41","Spatula clypeata","0","0","1","0"
"0.36","41","Falco naumanni","0","0","1","0"
"0.36","41","Phasianus colchicus","0","0","0","1"
"0.36","41","Podiceps nigricollis","0","0","1","0"
"0.36","41","Chlidonias niger","0","0","1","0"
"0.36","41","Passer hispaniolensis","0","0","1","0"
"0.36","41","Charadrius hiaticula","0","0","1","0"
"0.36","41","Tyto alba","0","0","1","0"
"0.36","41","Limosa limosa","0","0","1","0"
"0.36","41","Psittacula krameri","0","0","1","0"
"0.36","41","Spinus spinus","0","0","1","0"
"0.36","41","Charadrius alexandrinus","0","0","1","0"
"0.36","41","Pandion haliaetus","0","0","1","0"
"0.36","41","Numenius arquata","0","0","1","0"
"0.36","41","Larus fuscus","0","0","1","0"
"0.36","41","Phylloscopus trochilus","0","0","1","0"
"0.36","41","Otus scops","0","0","1","0"
"0.36","41","Jynx torquilla","0","0","1","0"
"0.36","42","Turdus merula","0","0","1","0"
"0.36","42","Apus apus","0","0","1","0"
"0.36","42","Columba palumbus","0","0","1","0"
"0.36","42","Passer domesticus","0","0","0","1"
"0.36","42","Fringilla coelebs","0","0","1","0"
"0.36","42","Hirundo rustica","0","0","1","0"
"0.36","42","Corvus corone","0","0","1","0"
"0.36","42","Sylvia atricapilla","0","0","0","1"
"0.36","42","Carduelis carduelis","0","0","1","0"
"0.36","42","Pica pica","0","0","1","0"
"0.36","42","Delichon urbicum","0","0","1","0"
"0.36","42","Streptopelia decaocto","0","0","1","0"
"0.36","42","Phoenicurus ochruros","0","0","1","0"
"0.36","42","Parus major","0","0","0","1"
"0.36","42","Milvus migrans","0","0","1","0"
"0.36","42","Serinus serinus","0","0","1","0"
"0.36","42","Motacilla alba","0","0","1","0"
"0.36","42","Gyps fulvus","0","0","1","0"
"0.36","42","Erithacus rubecula","0","0","1","0"
"0.36","42","Garrulus glandarius","0","0","1","0"
"0.36","42","Cyanistes caeruleus","0","0","1","0"
"0.36","42","Buteo buteo","0","0","1","0"
"0.36","42","Columba livia","0","0","1","0"
"0.36","42","Falco tinnunculus","0","0","1","0"
"0.36","42","Chloris chloris","0","0","1","0"
"0.36","42","Emberiza cirlus","0","0","1","0"
"0.36","42","Troglodytes troglodytes","0","0","1","0"
"0.36","42","Oriolus oriolus","0","0","1","0"
"0.36","42","Periparus ater","0","0","1","0"
"0.36","42","Linaria cannabina","0","0","1","0"
"0.36","42","Ptyonoprogne rupestris","0","0","1","0"
"0.36","42","Ardea cinerea","0","0","1","0"
"0.36","42","Certhia brachydactyla","0","0","1","0"
"0.36","42","Picus viridis","0","0","1","0"
"0.36","42","Sturnus vulgaris","0","0","1","0"
"0.36","42","Larus michahellis","0","0","1","0"
"0.36","42","Dendrocopos major","0","0","1","0"
"0.36","42","Anas platyrhynchos","0","0","1","0"
"0.36","42","Merops apiaster","0","0","1","0"
"0.36","42","Phylloscopus bonelli","0","0","1","0"
"0.36","42","Saxicola rubicola","0","0","1","0"
"0.36","42","Streptopelia turtur","0","0","1","0"
"0.36","42","Sitta europaea","0","0","1","0"
"0.36","42","Aegithalos caudatus","0","0","1","0"
"0.36","42","Hippolais polyglotta","0","0","1","0"
"0.36","42","Upupa epops","0","0","1","0"
"0.36","42","Corvus corax","0","0","1","0"
"0.36","42","Phylloscopus collybita","0","0","0","1"
"0.36","42","Regulus ignicapilla","0","0","1","0"
"0.36","42","Chroicocephalus ridibundus","0","0","1","0"
"0.36","42","Lophophanes cristatus","0","0","1","0"
"0.36","42","Luscinia megarhynchos","0","0","1","0"
"0.36","42","Fulica atra","0","0","1","0"
"0.36","42","Turdus viscivorus","0","0","1","0"
"0.36","42","Turdus philomelos","0","0","1","0"
"0.36","42","Egretta garzetta","0","0","1","0"
"0.36","42","Galerida cristata","0","0","1","0"
"0.36","42","Lanius collurio","0","0","1","0"
"0.36","42","Alauda arvensis","0","0","1","0"
"0.36","42","Pyrrhocorax pyrrhocorax","0","0","1","0"
"0.36","42","Phalacrocorax carbo","0","0","1","0"
"0.36","42","Circaetus gallicus","0","0","1","0"
"0.36","42","Lullula arborea","0","0","1","0"
"0.36","42","Gallinula chloropus","0","0","1","0"
"0.36","42","Cisticola juncidis","0","0","1","0"
"0.36","42","Milvus milvus","0","0","1","0"
"0.36","42","Curruca melanocephala","0","0","1","0"
"0.36","42","Cuculus canorus","0","0","1","0"
"0.36","42","Cettia cetti","0","0","1","0"
"0.36","42","Motacilla cinerea","0","0","1","0"
"0.36","42","Hieraaetus pennatus","0","0","1","0"
"0.36","42","Carduelis citrinella","0","0","1","0"
"0.36","42","Emberiza calandra","0","0","1","0"
"0.36","42","Petronia petronia","0","0","1","0"
"0.36","42","Oenanthe oenanthe","0","0","1","0"
"0.36","42","Bubulcus ibis","0","0","1","0"
"0.36","42","Ciconia ciconia","0","0","1","0"
"0.36","42","Lanius senator","0","0","1","0"
"0.36","42","Picus sharpei","0","0","1","0"
"0.36","42","Muscicapa striata","0","0","1","0"
"0.36","42","Coturnix coturnix","0","0","1","0"
"0.36","42","Acrocephalus scirpaceus","0","0","1","0"
"0.36","42","Curruca communis","0","0","0","1"
"0.36","42","Pernis apivorus","0","0","1","0"
"0.36","42","Himantopus himantopus","0","0","1","0"
"0.36","42","Circus aeruginosus","0","0","1","0"
"0.36","42","Phoenicurus phoenicurus","0","0","1","0"
"0.36","42","Prunella modularis","0","0","1","0"
"0.36","42","Corvus monedula","0","0","1","0"
"0.36","42","Alectoris rufa","0","0","1","0"
"0.36","42","Sterna hirundo","0","0","1","0"
"0.36","42","Podiceps cristatus","0","0","1","0"
"0.36","42","Emberiza citrinella","0","0","1","0"
"0.36","42","Emberiza cia","0","0","1","0"
"0.36","42","Curruca iberiae","0","0","1","0"
"0.36","42","Passer montanus","0","0","1","0"
"0.36","42","Motacilla flava","0","0","1","0"
"0.36","42","Tachybaptus ruficollis","0","0","1","0"
"0.36","42","Sturnus unicolor","0","0","1","0"
"0.36","42","Alcedo atthis","0","0","1","0"
"0.36","42","Anthus trivialis","0","0","1","0"
"0.36","42","Ardea purpurea","0","0","1","0"
"0.36","42","Actitis hypoleucos","0","0","1","0"
"0.36","42","Charadrius dubius","0","0","1","0"
"0.36","42","Pyrrhula pyrrhula","0","0","1","0"
"0.36","42","Apus melba","0","0","1","0"
"0.36","42","Curruca undata","0","0","1","0"
"0.36","42","Tringa ochropus","0","0","1","0"
"0.36","42","Falco subbuteo","0","0","1","0"
"0.36","42","Recurvirostra avosetta","0","0","1","0"
"0.36","42","Sylvia borin","0","0","1","0"
"0.36","42","Vanellus vanellus","0","0","1","0"
"0.36","42","Anthus spinoletta","0","0","1","0"
"0.36","42","Riparia riparia","0","0","1","0"
"0.36","42","Cinclus cinclus","0","0","1","0"
"0.36","42","Anthus campestris","0","0","1","0"
"0.36","42","Poecile palustris","0","0","1","0"
"0.36","42","Tadorna tadorna","0","0","1","0"
"0.36","42","Aythya ferina","0","0","1","0"
"0.36","42","Netta rufina","0","0","1","0"
"0.36","42","Acrocephalus arundinaceus","0","0","1","0"
"0.36","42","Circus pygargus","0","0","1","0"
"0.36","42","Accipiter nisus","0","0","1","0"
"0.36","42","Aquila chrysaetos","0","0","1","0"
"0.36","42","Pyrrhocorax graculus","0","0","1","0"
"0.36","42","Nycticorax nycticorax","0","0","1","0"
"0.36","42","Galerida theklae","0","0","1","0"
"0.36","42","Ardea alba","0","0","1","0"
"0.36","42","Burhinus oedicnemus","0","0","1","0"
"0.36","42","Loxia curvirostra","0","0","1","0"
"0.36","42","Cygnus olor","0","0","1","0"
"0.36","42","Sternula albifrons","0","0","1","0"
"0.36","42","Phoenicopterus roseus","0","0","1","0"
"0.36","42","Coccothraustes coccothraustes","0","0","1","0"
"0.36","42","Columba oenas","0","0","1","0"
"0.36","42","Emberiza schoeniclus","0","0","1","0"
"0.36","42","Rallus aquaticus","0","0","1","0"
"0.36","42","Strix aluco","0","0","1","0"
"0.36","42","Plegadis falcinellus","0","0","1","0"
"0.36","42","Mareca strepera","0","0","1","0"
"0.36","42","Lanius meridionalis","0","0","1","0"
"0.36","42","Cecropis daurica","0","0","1","0"
"0.36","42","Ichthyaetus melanocephalus","0","0","1","0"
"0.36","42","Platalea leucorodia","0","0","1","0"
"0.36","42","Tringa totanus","0","0","1","0"
"0.36","42","Melanocorypha calandra","0","0","1","0"
"0.36","42","Ficedula hypoleuca","0","0","1","0"
"0.36","42","Saxicola rubetra","0","0","1","0"
"0.36","42","Athene noctua","0","0","1","0"
"0.36","42","Coracias garrulus","0","0","1","0"
"0.36","42","Thalasseus sandvicensis","0","0","1","0"
"0.36","42","Regulus regulus","0","0","1","0"
"0.36","42","Spatula clypeata","0","0","1","0"
"0.36","42","Falco naumanni","0","0","1","0"
"0.36","42","Phasianus colchicus","0","0","1","0"
"0.36","42","Podiceps nigricollis","0","0","1","0"
"0.36","42","Chlidonias niger","0","0","1","0"
"0.36","42","Passer hispaniolensis","0","0","1","0"
"0.36","42","Charadrius hiaticula","0","0","1","0"
"0.36","42","Tyto alba","0","0","1","0"
"0.36","42","Limosa limosa","0","0","1","0"
"0.36","42","Psittacula krameri","0","0","1","0"
"0.36","42","Spinus spinus","0","0","1","0"
"0.36","42","Charadrius alexandrinus","0","0","1","0"
"0.36","42","Pandion haliaetus","0","0","1","0"
"0.36","42","Numenius arquata","0","0","1","0"
"0.36","42","Larus fuscus","0","0","1","0"
"0.36","42","Phylloscopus trochilus","0","0","1","0"
"0.36","42","Otus scops","0","0","1","0"
"0.36","42","Jynx torquilla","0","0","1","0"
"0.36","43","Turdus merula","0","0","1","0"
"0.36","43","Apus apus","0","0","1","0"
"0.36","43","Fringilla coelebs","0","0","1","0"
"0.36","43","Columba palumbus","0","0","1","0"
"0.36","43","Passer domesticus","0","0","1","0"
"0.36","43","Hirundo rustica","0","0","1","0"
"0.36","43","Sylvia atricapilla","0","0","1","0"
"0.36","43","Corvus corone","0","0","1","0"
"0.36","43","Pica pica","0","0","1","0"
"0.36","43","Carduelis carduelis","0","0","1","0"
"0.36","43","Serinus serinus","0","0","1","0"
"0.36","43","Streptopelia decaocto","0","0","1","0"
"0.36","43","Delichon urbicum","0","0","1","0"
"0.36","43","Parus major","0","0","1","0"
"0.36","43","Milvus migrans","0","0","1","0"
"0.36","43","Phoenicurus ochruros","0","0","1","0"
"0.36","43","Motacilla alba","0","0","1","0"
"0.36","43","Erithacus rubecula","0","0","1","0"
"0.36","43","Gyps fulvus","0","0","1","0"
"0.36","43","Garrulus glandarius","0","0","1","0"
"0.36","43","Cyanistes caeruleus","0","0","1","0"
"0.36","43","Chloris chloris","0","0","1","0"
"0.36","43","Emberiza cirlus","0","0","1","0"
"0.36","43","Troglodytes troglodytes","0","0","1","0"
"0.36","43","Columba livia","0","0","1","0"
"0.36","43","Oriolus oriolus","0","0","1","0"
"0.36","43","Buteo buteo","0","0","1","0"
"0.36","43","Falco tinnunculus","0","0","1","0"
"0.36","43","Luscinia megarhynchos","0","0","0","1"
"0.36","43","Periparus ater","0","0","1","0"
"0.36","43","Linaria cannabina","0","0","1","0"
"0.36","43","Sturnus vulgaris","0","0","1","0"
"0.36","43","Phylloscopus bonelli","0","0","1","0"
"0.36","43","Cuculus canorus","0","0","1","0"
"0.36","43","Ptyonoprogne rupestris","0","0","1","0"
"0.36","43","Larus michahellis","0","0","1","0"
"0.36","43","Certhia brachydactyla","0","0","1","0"
"0.36","43","Merops apiaster","0","0","1","0"
"0.36","43","Hippolais polyglotta","0","0","1","0"
"0.36","43","Picus viridis","0","0","1","0"
"0.36","43","Anas platyrhynchos","0","0","1","0"
"0.36","43","Dendrocopos major","0","0","1","0"
"0.36","43","Ardea cinerea","0","0","1","0"
"0.36","43","Saxicola rubicola","0","0","1","0"
"0.36","43","Streptopelia turtur","0","0","1","0"
"0.36","43","Upupa epops","0","0","1","0"
"0.36","43","Regulus ignicapilla","0","0","1","0"
"0.36","43","Aegithalos caudatus","0","0","1","0"
"0.36","43","Corvus corax","0","0","1","0"
"0.36","43","Emberiza calandra","0","0","1","0"
"0.36","43","Turdus philomelos","0","0","1","0"
"0.36","43","Sitta europaea","0","0","1","0"
"0.36","43","Turdus viscivorus","0","0","1","0"
"0.36","43","Alauda arvensis","0","0","1","0"
"0.36","43","Phylloscopus collybita","0","0","1","0"
"0.36","43","Lullula arborea","0","0","1","0"
"0.36","43","Pyrrhocorax pyrrhocorax","0","0","1","0"
"0.36","43","Galerida cristata","0","0","1","0"
"0.36","43","Lophophanes cristatus","0","0","1","0"
"0.36","43","Petronia petronia","0","0","1","0"
"0.36","43","Fulica atra","0","0","1","0"
"0.36","43","Cettia cetti","0","0","1","0"
"0.36","43","Lanius collurio","0","0","1","0"
"0.36","43","Egretta garzetta","0","0","1","0"
"0.36","43","Cisticola juncidis","0","0","1","0"
"0.36","43","Curruca melanocephala","0","0","1","0"
"0.36","43","Circaetus gallicus","0","0","1","0"
"0.36","43","Carduelis citrinella","0","0","1","0"
"0.36","43","Phalacrocorax carbo","0","0","1","0"
"0.36","43","Chroicocephalus ridibundus","0","0","1","0"
"0.36","43","Milvus milvus","0","0","1","0"
"0.36","43","Gallinula chloropus","0","0","1","0"
"0.36","43","Curruca communis","0","0","1","0"
"0.36","43","Hieraaetus pennatus","0","0","1","0"
"0.36","43","Oenanthe oenanthe","0","0","1","0"
"0.36","43","Ciconia ciconia","0","0","1","0"
"0.36","43","Picus sharpei","0","0","1","0"
"0.36","43","Motacilla cinerea","0","0","1","0"
"0.36","43","Phoenicurus phoenicurus","0","0","1","0"
"0.36","43","Lanius senator","0","0","1","0"
"0.36","43","Corvus monedula","0","0","1","0"
"0.36","43","Coturnix coturnix","0","0","1","0"
"0.36","43","Bubulcus ibis","0","0","1","0"
"0.36","43","Acrocephalus scirpaceus","0","0","1","0"
"0.36","43","Prunella modularis","0","0","1","0"
"0.36","43","Himantopus himantopus","0","0","1","0"
"0.36","43","Alectoris rufa","0","0","1","0"
"0.36","43","Emberiza citrinella","0","0","1","0"
"0.36","43","Emberiza cia","0","0","1","0"
"0.36","43","Curruca iberiae","0","0","1","0"
"0.36","43","Circus aeruginosus","0","0","1","0"
"0.36","43","Muscicapa striata","0","0","1","0"
"0.36","43","Pernis apivorus","0","0","1","0"
"0.36","43","Sterna hirundo","0","0","1","0"
"0.36","43","Sturnus unicolor","0","0","1","0"
"0.36","43","Motacilla flava","0","0","1","0"
"0.36","43","Passer montanus","0","0","1","0"
"0.36","43","Podiceps cristatus","0","0","1","0"
"0.36","43","Acrocephalus arundinaceus","0","0","1","0"
"0.36","43","Anthus trivialis","0","0","1","0"
"0.36","43","Ardea purpurea","0","0","1","0"
"0.36","43","Sylvia borin","0","0","1","0"
"0.36","43","Tachybaptus ruficollis","0","0","1","0"
"0.36","43","Curruca undata","0","0","1","0"
"0.36","43","Charadrius dubius","0","0","1","0"
"0.36","43","Falco subbuteo","0","0","1","0"
"0.36","43","Apus melba","0","0","1","0"
"0.36","43","Pyrrhula pyrrhula","0","0","1","0"
"0.36","43","Recurvirostra avosetta","0","0","1","0"
"0.36","43","Anthus campestris","0","0","1","0"
"0.36","43","Tadorna tadorna","0","0","1","0"
"0.36","43","Riparia riparia","0","0","1","0"
"0.36","43","Netta rufina","0","0","1","0"
"0.36","43","Cinclus cinclus","0","0","1","0"
"0.36","43","Circus pygargus","0","0","1","0"
"0.36","43","Galerida theklae","0","0","1","0"
"0.36","43","Alcedo atthis","0","0","1","0"
"0.36","43","Poecile palustris","0","0","1","0"
"0.36","43","Aquila chrysaetos","0","0","1","0"
"0.36","43","Actitis hypoleucos","0","0","1","0"
"0.36","43","Aythya ferina","0","0","1","0"
"0.36","43","Pyrrhocorax graculus","0","0","1","0"
"0.36","43","Anthus spinoletta","0","0","1","0"
"0.36","43","Sternula albifrons","0","0","1","0"
"0.36","43","Accipiter nisus","0","0","1","0"
"0.36","43","Burhinus oedicnemus","0","0","1","0"
"0.36","43","Vanellus vanellus","0","0","1","0"
"0.36","43","Nycticorax nycticorax","0","0","1","0"
"0.36","43","Coccothraustes coccothraustes","0","0","1","0"
"0.36","43","Tringa ochropus","0","0","1","0"
"0.36","43","Melanocorypha calandra","0","0","1","0"
"0.36","43","Cygnus olor","0","0","1","0"
"0.36","43","Loxia curvirostra","0","0","1","0"
"0.36","43","Emberiza schoeniclus","0","0","1","0"
"0.36","43","Phasianus colchicus","0","0","1","0"
"0.36","43","Phoenicopterus roseus","0","0","1","0"
"0.36","43","Mareca strepera","0","0","1","0"
"0.36","43","Columba oenas","0","0","1","0"
"0.36","43","Strix aluco","0","0","1","0"
"0.36","43","Ardea alba","0","0","1","0"
"0.36","43","Saxicola rubetra","0","0","1","0"
"0.36","43","Plegadis falcinellus","0","0","1","0"
"0.36","43","Ichthyaetus melanocephalus","0","0","1","0"
"0.36","43","Tringa totanus","0","0","1","0"
"0.36","43","Coracias garrulus","0","0","1","0"
"0.36","43","Regulus regulus","0","0","1","0"
"0.36","43","Rallus aquaticus","0","0","1","0"
"0.36","43","Cecropis daurica","0","0","1","0"
"0.36","43","Athene noctua","0","0","1","0"
"0.36","43","Falco naumanni","0","0","1","0"
"0.36","43","Lanius meridionalis","0","0","1","0"
"0.36","43","Passer hispaniolensis","0","0","1","0"
"0.36","43","Platalea leucorodia","0","0","1","0"
"0.36","43","Psittacula krameri","0","0","1","0"
"0.36","43","Chlidonias niger","0","0","1","0"
"0.36","43","Podiceps nigricollis","0","0","1","0"
"0.36","43","Thalasseus sandvicensis","0","0","1","0"
"0.36","43","Phylloscopus ibericus","0","0","1","0"
"0.36","43","Spatula clypeata","0","0","1","0"
"0.36","43","Otus scops","0","0","0","1"
"0.36","43","Jynx torquilla","0","0","1","0"
"0.36","44","Turdus merula","0","0","1","0"
"0.36","44","Apus apus","0","0","1","0"
"0.36","44","Fringilla coelebs","0","0","1","0"
"0.36","44","Columba palumbus","0","0","1","0"
"0.36","44","Passer domesticus","0","0","1","0"
"0.36","44","Hirundo rustica","0","0","1","0"
"0.36","44","Sylvia atricapilla","0","0","0","1"
"0.36","44","Corvus corone","0","0","0","1"
"0.36","44","Pica pica","0","0","1","0"
"0.36","44","Carduelis carduelis","0","0","1","0"
"0.36","44","Serinus serinus","0","0","1","0"
"0.36","44","Streptopelia decaocto","0","0","0","1"
"0.36","44","Delichon urbicum","0","0","1","0"
"0.36","44","Parus major","0","0","1","0"
"0.36","44","Milvus migrans","0","0","1","0"
"0.36","44","Phoenicurus ochruros","0","0","1","0"
"0.36","44","Motacilla alba","0","0","1","0"
"0.36","44","Erithacus rubecula","0","0","1","0"
"0.36","44","Gyps fulvus","0","0","1","0"
"0.36","44","Garrulus glandarius","0","0","1","0"
"0.36","44","Cyanistes caeruleus","0","0","0","1"
"0.36","44","Chloris chloris","0","0","1","0"
"0.36","44","Emberiza cirlus","0","0","1","0"
"0.36","44","Troglodytes troglodytes","0","0","1","0"
"0.36","44","Columba livia","0","0","1","0"
"0.36","44","Oriolus oriolus","0","0","0","1"
"0.36","44","Buteo buteo","0","0","1","0"
"0.36","44","Falco tinnunculus","0","0","1","0"
"0.36","44","Luscinia megarhynchos","0","0","0","1"
"0.36","44","Periparus ater","0","0","1","0"
"0.36","44","Linaria cannabina","0","0","1","0"
"0.36","44","Sturnus vulgaris","0","0","1","0"
"0.36","44","Phylloscopus bonelli","0","0","1","0"
"0.36","44","Cuculus canorus","0","0","1","0"
"0.36","44","Ptyonoprogne rupestris","0","0","1","0"
"0.36","44","Larus michahellis","0","0","1","0"
"0.36","44","Certhia brachydactyla","0","0","1","0"
"0.36","44","Merops apiaster","0","0","1","0"
"0.36","44","Hippolais polyglotta","0","0","0","1"
"0.36","44","Picus viridis","0","0","1","0"
"0.36","44","Anas platyrhynchos","0","0","1","0"
"0.36","44","Dendrocopos major","0","0","1","0"
"0.36","44","Ardea cinerea","0","0","1","0"
"0.36","44","Saxicola rubicola","0","0","1","0"
"0.36","44","Streptopelia turtur","0","0","1","0"
"0.36","44","Upupa epops","0","0","1","0"
"0.36","44","Regulus ignicapilla","0","0","1","0"
"0.36","44","Aegithalos caudatus","0","0","1","0"
"0.36","44","Corvus corax","0","0","1","0"
"0.36","44","Emberiza calandra","0","0","0","1"
"0.36","44","Turdus philomelos","0","0","1","0"
"0.36","44","Sitta europaea","0","0","1","0"
"0.36","44","Turdus viscivorus","0","0","1","0"
"0.36","44","Alauda arvensis","0","0","0","1"
"0.36","44","Phylloscopus collybita","0","0","1","0"
"0.36","44","Lullula arborea","0","0","0","1"
"0.36","44","Pyrrhocorax pyrrhocorax","0","0","1","0"
"0.36","44","Galerida cristata","0","0","0","1"
"0.36","44","Lophophanes cristatus","0","0","1","0"
"0.36","44","Petronia petronia","0","0","1","0"
"0.36","44","Fulica atra","0","0","1","0"
"0.36","44","Cettia cetti","0","0","1","0"
"0.36","44","Lanius collurio","0","0","1","0"
"0.36","44","Egretta garzetta","0","0","1","0"
"0.36","44","Cisticola juncidis","0","0","1","0"
"0.36","44","Curruca melanocephala","0","0","1","0"
"0.36","44","Circaetus gallicus","0","0","1","0"
"0.36","44","Carduelis citrinella","0","0","1","0"
"0.36","44","Phalacrocorax carbo","0","0","1","0"
"0.36","44","Chroicocephalus ridibundus","0","0","1","0"
"0.36","44","Milvus milvus","0","0","1","0"
"0.36","44","Gallinula chloropus","0","0","1","0"
"0.36","44","Curruca communis","0","0","0","1"
"0.36","44","Hieraaetus pennatus","0","0","1","0"
"0.36","44","Oenanthe oenanthe","0","0","1","0"
"0.36","44","Ciconia ciconia","0","0","1","0"
"0.36","44","Picus sharpei","0","0","1","0"
"0.36","44","Motacilla cinerea","0","0","1","0"
"0.36","44","Phoenicurus phoenicurus","0","0","1","0"
"0.36","44","Lanius senator","0","0","1","0"
"0.36","44","Corvus monedula","0","0","1","0"
"0.36","44","Coturnix coturnix","0","0","1","0"
"0.36","44","Bubulcus ibis","0","0","1","0"
"0.36","44","Acrocephalus scirpaceus","0","0","1","0"
"0.36","44","Prunella modularis","0","0","1","0"
"0.36","44","Himantopus himantopus","0","0","1","0"
"0.36","44","Alectoris rufa","0","0","1","0"
"0.36","44","Emberiza citrinella","1","0","0","0"
"0.36","44","Emberiza cia","0","0","1","0"
"0.36","44","Curruca iberiae","0","0","1","0"
"0.36","44","Circus aeruginosus","0","0","1","0"
"0.36","44","Muscicapa striata","0","0","1","0"
"0.36","44","Pernis apivorus","0","0","1","0"
"0.36","44","Sterna hirundo","0","0","1","0"
"0.36","44","Sturnus unicolor","0","0","1","0"
"0.36","44","Motacilla flava","0","0","1","0"
"0.36","44","Passer montanus","0","0","1","0"
"0.36","44","Podiceps cristatus","0","0","1","0"
"0.36","44","Acrocephalus arundinaceus","0","0","1","0"
"0.36","44","Anthus trivialis","0","0","1","0"
"0.36","44","Ardea purpurea","0","0","1","0"
"0.36","44","Sylvia borin","0","0","1","0"
"0.36","44","Tachybaptus ruficollis","0","0","1","0"
"0.36","44","Curruca undata","0","0","1","0"
"0.36","44","Charadrius dubius","0","0","1","0"
"0.36","44","Falco subbuteo","0","0","1","0"
"0.36","44","Apus melba","0","0","1","0"
"0.36","44","Pyrrhula pyrrhula","0","0","1","0"
"0.36","44","Recurvirostra avosetta","0","0","1","0"
"0.36","44","Anthus campestris","0","0","1","0"
"0.36","44","Tadorna tadorna","0","0","1","0"
"0.36","44","Riparia riparia","0","0","1","0"
"0.36","44","Netta rufina","0","0","1","0"
"0.36","44","Cinclus cinclus","0","0","1","0"
"0.36","44","Circus pygargus","0","0","1","0"
"0.36","44","Galerida theklae","0","0","1","0"
"0.36","44","Alcedo atthis","0","0","1","0"
"0.36","44","Poecile palustris","0","0","1","0"
"0.36","44","Aquila chrysaetos","0","0","1","0"
"0.36","44","Actitis hypoleucos","0","0","1","0"
"0.36","44","Aythya ferina","0","0","1","0"
"0.36","44","Pyrrhocorax graculus","0","0","1","0"
"0.36","44","Anthus spinoletta","0","0","1","0"
"0.36","44","Sternula albifrons","0","0","1","0"
"0.36","44","Accipiter nisus","0","0","1","0"
"0.36","44","Burhinus oedicnemus","0","0","1","0"
"0.36","44","Vanellus vanellus","0","0","1","0"
"0.36","44","Nycticorax nycticorax","0","0","1","0"
"0.36","44","Coccothraustes coccothraustes","0","0","1","0"
"0.36","44","Tringa ochropus","0","0","1","0"
"0.36","44","Melanocorypha calandra","0","0","1","0"
"0.36","44","Cygnus olor","0","0","1","0"
"0.36","44","Loxia curvirostra","0","0","1","0"
"0.36","44","Emberiza schoeniclus","0","0","1","0"
"0.36","44","Phasianus colchicus","0","0","0","1"
"0.36","44","Phoenicopterus roseus","0","0","1","0"
"0.36","44","Mareca strepera","0","0","1","0"
"0.36","44","Columba oenas","0","0","1","0"
"0.36","44","Strix aluco","0","0","1","0"
"0.36","44","Ardea alba","0","0","1","0"
"0.36","44","Saxicola rubetra","0","0","1","0"
"0.36","44","Plegadis falcinellus","0","0","1","0"
"0.36","44","Ichthyaetus melanocephalus","0","0","1","0"
"0.36","44","Tringa totanus","0","0","1","0"
"0.36","44","Coracias garrulus","0","0","1","0"
"0.36","44","Regulus regulus","0","0","1","0"
"0.36","44","Rallus aquaticus","0","0","1","0"
"0.36","44","Cecropis daurica","0","0","1","0"
"0.36","44","Athene noctua","0","0","1","0"
"0.36","44","Falco naumanni","0","0","1","0"
"0.36","44","Lanius meridionalis","0","0","1","0"
"0.36","44","Passer hispaniolensis","0","0","1","0"
"0.36","44","Platalea leucorodia","0","0","1","0"
"0.36","44","Psittacula krameri","0","0","1","0"
"0.36","44","Chlidonias niger","0","0","1","0"
"0.36","44","Podiceps nigricollis","0","0","1","0"
"0.36","44","Thalasseus sandvicensis","0","0","1","0"
"0.36","44","Phylloscopus ibericus","0","0","1","0"
"0.36","44","Spatula clypeata","0","0","1","0"
"0.36","44","Otus scops","0","0","1","0"
"0.36","44","Jynx torquilla","0","0","1","0"
"0.36","45","Turdus merula","0","0","1","0"
"0.36","45","Apus apus","0","0","1","0"
"0.36","45","Fringilla coelebs","0","0","1","0"
"0.36","45","Columba palumbus","0","0","1","0"
"0.36","45","Passer domesticus","0","0","1","0"
"0.36","45","Hirundo rustica","0","0","1","0"
"0.36","45","Sylvia atricapilla","0","0","0","1"
"0.36","45","Corvus corone","0","0","0","1"
"0.36","45","Pica pica","0","0","1","0"
"0.36","45","Carduelis carduelis","0","0","1","0"
"0.36","45","Serinus serinus","0","0","1","0"
"0.36","45","Streptopelia decaocto","0","0","1","0"
"0.36","45","Delichon urbicum","0","0","1","0"
"0.36","45","Parus major","0","0","1","0"
"0.36","45","Milvus migrans","0","0","1","0"
"0.36","45","Phoenicurus ochruros","0","0","1","0"
"0.36","45","Motacilla alba","0","0","1","0"
"0.36","45","Erithacus rubecula","0","0","1","0"
"0.36","45","Gyps fulvus","0","0","1","0"
"0.36","45","Garrulus glandarius","0","0","1","0"
"0.36","45","Cyanistes caeruleus","0","0","1","0"
"0.36","45","Chloris chloris","0","0","1","0"
"0.36","45","Emberiza cirlus","0","0","1","0"
"0.36","45","Troglodytes troglodytes","0","0","1","0"
"0.36","45","Columba livia","0","0","1","0"
"0.36","45","Oriolus oriolus","0","0","1","0"
"0.36","45","Buteo buteo","0","0","1","0"
"0.36","45","Falco tinnunculus","0","0","1","0"
"0.36","45","Luscinia megarhynchos","0","0","1","0"
"0.36","45","Periparus ater","0","0","1","0"
"0.36","45","Linaria cannabina","0","0","1","0"
"0.36","45","Sturnus vulgaris","0","0","1","0"
"0.36","45","Phylloscopus bonelli","0","0","1","0"
"0.36","45","Cuculus canorus","0","0","1","0"
"0.36","45","Ptyonoprogne rupestris","0","0","1","0"
"0.36","45","Larus michahellis","0","0","1","0"
"0.36","45","Certhia brachydactyla","0","0","1","0"
"0.36","45","Merops apiaster","0","0","1","0"
"0.36","45","Hippolais polyglotta","0","0","1","0"
"0.36","45","Picus viridis","0","0","1","0"
"0.36","45","Anas platyrhynchos","0","0","1","0"
"0.36","45","Dendrocopos major","0","0","1","0"
"0.36","45","Ardea cinerea","0","0","1","0"
"0.36","45","Saxicola rubicola","0","0","1","0"
"0.36","45","Streptopelia turtur","0","0","1","0"
"0.36","45","Upupa epops","0","0","1","0"
"0.36","45","Regulus ignicapilla","0","0","1","0"
"0.36","45","Aegithalos caudatus","0","0","1","0"
"0.36","45","Corvus corax","0","0","1","0"
"0.36","45","Emberiza calandra","1","0","0","0"
"0.36","45","Turdus philomelos","0","0","1","0"
"0.36","45","Sitta europaea","0","0","1","0"
"0.36","45","Turdus viscivorus","0","0","1","0"
"0.36","45","Alauda arvensis","0","0","1","0"
"0.36","45","Phylloscopus collybita","0","0","1","0"
"0.36","45","Lullula arborea","0","0","1","0"
"0.36","45","Pyrrhocorax pyrrhocorax","0","0","1","0"
"0.36","45","Galerida cristata","0","0","1","0"
"0.36","45","Lophophanes cristatus","0","0","1","0"
"0.36","45","Petronia petronia","0","0","1","0"
"0.36","45","Fulica atra","0","0","1","0"
"0.36","45","Cettia cetti","0","0","1","0"
"0.36","45","Lanius collurio","0","0","1","0"
"0.36","45","Egretta garzetta","0","0","1","0"
"0.36","45","Cisticola juncidis","0","0","1","0"
"0.36","45","Curruca melanocephala","0","0","1","0"
"0.36","45","Circaetus gallicus","0","0","1","0"
"0.36","45","Carduelis citrinella","0","0","1","0"
"0.36","45","Phalacrocorax carbo","0","0","1","0"
"0.36","45","Chroicocephalus ridibundus","0","0","1","0"
"0.36","45","Milvus milvus","0","0","1","0"
"0.36","45","Gallinula chloropus","0","0","1","0"
"0.36","45","Curruca communis","0","0","1","0"
"0.36","45","Hieraaetus pennatus","0","0","1","0"
"0.36","45","Oenanthe oenanthe","0","0","1","0"
"0.36","45","Ciconia ciconia","0","0","1","0"
"0.36","45","Picus sharpei","0","0","1","0"
"0.36","45","Motacilla cinerea","0","0","1","0"
"0.36","45","Phoenicurus phoenicurus","0","0","1","0"
"0.36","45","Lanius senator","0","0","1","0"
"0.36","45","Corvus monedula","0","0","1","0"
"0.36","45","Coturnix coturnix","0","0","1","0"
"0.36","45","Bubulcus ibis","0","0","1","0"
"0.36","45","Acrocephalus scirpaceus","0","0","1","0"
"0.36","45","Prunella modularis","0","0","1","0"
"0.36","45","Himantopus himantopus","0","0","1","0"
"0.36","45","Alectoris rufa","0","0","1","0"
"0.36","45","Emberiza citrinella","0","0","0","1"
"0.36","45","Emberiza cia","0","0","1","0"
"0.36","45","Curruca iberiae","0","0","1","0"
"0.36","45","Circus aeruginosus","0","0","1","0"
"0.36","45","Muscicapa striata","0","0","1","0"
"0.36","45","Pernis apivorus","0","0","1","0"
"0.36","45","Sterna hirundo","0","0","1","0"
"0.36","45","Sturnus unicolor","0","0","1","0"
"0.36","45","Motacilla flava","0","0","1","0"
"0.36","45","Passer montanus","0","0","1","0"
"0.36","45","Podiceps cristatus","0","0","1","0"
"0.36","45","Acrocephalus arundinaceus","0","0","1","0"
"0.36","45","Anthus trivialis","0","0","1","0"
"0.36","45","Ardea purpurea","0","0","1","0"
"0.36","45","Sylvia borin","0","0","1","0"
"0.36","45","Tachybaptus ruficollis","0","0","1","0"
"0.36","45","Curruca undata","0","0","1","0"
"0.36","45","Charadrius dubius","0","1","0","0"
"0.36","45","Falco subbuteo","0","0","1","0"
"0.36","45","Apus melba","0","0","1","0"
"0.36","45","Pyrrhula pyrrhula","0","0","1","0"
"0.36","45","Recurvirostra avosetta","0","0","1","0"
"0.36","45","Anthus campestris","0","0","1","0"
"0.36","45","Tadorna tadorna","0","0","1","0"
"0.36","45","Riparia riparia","0","0","1","0"
"0.36","45","Netta rufina","0","0","1","0"
"0.36","45","Cinclus cinclus","0","0","1","0"
"0.36","45","Circus pygargus","0","0","1","0"
"0.36","45","Galerida theklae","0","0","1","0"
"0.36","45","Alcedo atthis","0","0","1","0"
"0.36","45","Poecile palustris","0","0","1","0"
"0.36","45","Aquila chrysaetos","0","0","1","0"
"0.36","45","Actitis hypoleucos","0","0","1","0"
"0.36","45","Aythya ferina","0","0","1","0"
"0.36","45","Pyrrhocorax graculus","0","0","1","0"
"0.36","45","Anthus spinoletta","0","0","1","0"
"0.36","45","Sternula albifrons","0","0","1","0"
"0.36","45","Accipiter nisus","0","0","1","0"
"0.36","45","Burhinus oedicnemus","0","0","1","0"
"0.36","45","Vanellus vanellus","0","0","1","0"
"0.36","45","Nycticorax nycticorax","0","0","1","0"
"0.36","45","Coccothraustes coccothraustes","0","0","1","0"
"0.36","45","Tringa ochropus","0","0","1","0"
"0.36","45","Melanocorypha calandra","0","0","1","0"
"0.36","45","Cygnus olor","0","0","1","0"
"0.36","45","Loxia curvirostra","0","0","1","0"
"0.36","45","Emberiza schoeniclus","0","0","1","0"
"0.36","45","Phasianus colchicus","0","0","1","0"
"0.36","45","Phoenicopterus roseus","0","0","1","0"
"0.36","45","Mareca strepera","0","0","1","0"
"0.36","45","Columba oenas","0","0","1","0"
"0.36","45","Strix aluco","0","0","1","0"
"0.36","45","Ardea alba","0","0","1","0"
"0.36","45","Saxicola rubetra","0","0","1","0"
"0.36","45","Plegadis falcinellus","0","0","1","0"
"0.36","45","Ichthyaetus melanocephalus","0","0","1","0"
"0.36","45","Tringa totanus","0","0","1","0"
"0.36","45","Coracias garrulus","0","0","1","0"
"0.36","45","Regulus regulus","0","0","1","0"
"0.36","45","Rallus aquaticus","0","0","1","0"
"0.36","45","Cecropis daurica","0","0","1","0"
"0.36","45","Athene noctua","0","0","1","0"
"0.36","45","Falco naumanni","0","0","1","0"
"0.36","45","Lanius meridionalis","0","0","1","0"
"0.36","45","Passer hispaniolensis","0","0","1","0"
"0.36","45","Platalea leucorodia","0","0","1","0"
"0.36","45","Psittacula krameri","0","0","1","0"
"0.36","45","Chlidonias niger","0","0","1","0"
"0.36","45","Podiceps nigricollis","0","0","1","0"
"0.36","45","Thalasseus sandvicensis","0","0","1","0"
"0.36","45","Phylloscopus ibericus","0","0","1","0"
"0.36","45","Spatula clypeata","0","0","1","0"
"0.36","45","Otus scops","0","0","1","0"
"0.36","45","Jynx torquilla","0","0","1","0"
"0.36","46","Turdus merula","0","0","1","0"
"0.36","46","Apus apus","0","0","1","0"
"0.36","46","Fringilla coelebs","0","0","1","0"
"0.36","46","Columba palumbus","0","0","1","0"
"0.36","46","Hirundo rustica","0","0","1","0"
"0.36","46","Passer domesticus","0","0","1","0"
"0.36","46","Sylvia atricapilla","0","0","1","0"
"0.36","46","Corvus corone","0","0","1","0"
"0.36","46","Pica pica","0","0","1","0"
"0.36","46","Carduelis carduelis","0","0","1","0"
"0.36","46","Serinus serinus","0","0","1","0"
"0.36","46","Parus major","0","0","1","0"
"0.36","46","Streptopelia decaocto","0","0","1","0"
"0.36","46","Milvus migrans","0","0","1","0"
"0.36","46","Delichon urbicum","0","0","1","0"
"0.36","46","Phoenicurus ochruros","0","0","1","0"
"0.36","46","Erithacus rubecula","0","0","1","0"
"0.36","46","Gyps fulvus","0","0","1","0"
"0.36","46","Motacilla alba","0","0","1","0"
"0.36","46","Garrulus glandarius","0","0","1","0"
"0.36","46","Cyanistes caeruleus","0","0","1","0"
"0.36","46","Chloris chloris","0","0","1","0"
"0.36","46","Emberiza cirlus","0","0","1","0"
"0.36","46","Troglodytes troglodytes","0","0","1","0"
"0.36","46","Luscinia megarhynchos","0","0","1","0"
"0.36","46","Oriolus oriolus","0","0","1","0"
"0.36","46","Columba livia","0","0","1","0"
"0.36","46","Falco tinnunculus","0","0","1","0"
"0.36","46","Cuculus canorus","0","0","1","0"
"0.36","46","Buteo buteo","0","0","1","0"
"0.36","46","Sturnus vulgaris","0","0","1","0"
"0.36","46","Phylloscopus bonelli","0","0","1","0"
"0.36","46","Linaria cannabina","0","0","1","0"
"0.36","46","Periparus ater","0","0","1","0"
"0.36","46","Hippolais polyglotta","0","0","1","0"
"0.36","46","Larus michahellis","0","0","1","0"
"0.36","46","Merops apiaster","0","0","1","0"
"0.36","46","Anas platyrhynchos","0","0","1","0"
"0.36","46","Ptyonoprogne rupestris","0","0","1","0"
"0.36","46","Certhia brachydactyla","0","0","1","0"
"0.36","46","Saxicola rubicola","0","0","1","0"
"0.36","46","Ardea cinerea","0","0","1","0"
"0.36","46","Dendrocopos major","0","0","1","0"
"0.36","46","Streptopelia turtur","0","0","1","0"
"0.36","46","Picus viridis","0","0","1","0"
"0.36","46","Upupa epops","0","0","1","0"
"0.36","46","Emberiza calandra","0","0","1","0"
"0.36","46","Regulus ignicapilla","0","0","1","0"
"0.36","46","Corvus corax","0","0","1","0"
"0.36","46","Aegithalos caudatus","0","0","1","0"
"0.36","46","Alauda arvensis","0","0","1","0"
"0.36","46","Turdus viscivorus","0","0","1","0"
"0.36","46","Turdus philomelos","0","0","1","0"
"0.36","46","Sitta europaea","0","0","1","0"
"0.36","46","Lullula arborea","0","0","1","0"
"0.36","46","Pyrrhocorax pyrrhocorax","0","0","1","0"
"0.36","46","Galerida cristata","0","0","1","0"
"0.36","46","Petronia petronia","0","0","1","0"
"0.36","46","Cettia cetti","0","0","1","0"
"0.36","46","Phylloscopus collybita","0","0","1","0"
"0.36","46","Lophophanes cristatus","0","0","1","0"
"0.36","46","Fulica atra","0","0","1","0"
"0.36","46","Curruca melanocephala","0","0","1","0"
"0.36","46","Egretta garzetta","0","0","1","0"
"0.36","46","Lanius collurio","0","0","1","0"
"0.36","46","Cisticola juncidis","0","0","1","0"
"0.36","46","Curruca communis","0","0","1","0"
"0.36","46","Circaetus gallicus","0","0","1","0"
"0.36","46","Phalacrocorax carbo","0","0","1","0"
"0.36","46","Carduelis citrinella","0","0","1","0"
"0.36","46","Milvus milvus","0","0","1","0"
"0.36","46","Gallinula chloropus","0","0","1","0"
"0.36","46","Oenanthe oenanthe","0","0","1","0"
"0.36","46","Hieraaetus pennatus","0","0","1","0"
"0.36","46","Phoenicurus phoenicurus","0","0","1","0"
"0.36","46","Ciconia ciconia","0","0","1","0"
"0.36","46","Picus sharpei","0","0","1","0"
"0.36","46","Chroicocephalus ridibundus","0","0","1","0"
"0.36","46","Corvus monedula","0","0","1","0"
"0.36","46","Motacilla cinerea","0","0","1","0"
"0.36","46","Lanius senator","0","0","1","0"
"0.36","46","Himantopus himantopus","0","0","1","0"
"0.36","46","Acrocephalus scirpaceus","0","0","1","0"
"0.36","46","Emberiza cia","0","0","1","0"
"0.36","46","Prunella modularis","0","0","1","0"
"0.36","46","Bubulcus ibis","0","0","1","0"
"0.36","46","Alectoris rufa","0","0","1","0"
"0.36","46","Curruca iberiae","0","0","1","0"
"0.36","46","Coturnix coturnix","0","0","1","0"
"0.36","46","Emberiza citrinella","0","0","1","0"
"0.36","46","Circus aeruginosus","0","0","1","0"
"0.36","46","Sturnus unicolor","0","0","1","0"
"0.36","46","Motacilla flava","0","0","1","0"
"0.36","46","Muscicapa striata","0","0","1","0"
"0.36","46","Pernis apivorus","0","0","1","0"
"0.36","46","Acrocephalus arundinaceus","0","0","1","0"
"0.36","46","Sterna hirundo","0","0","1","0"
"0.36","46","Passer montanus","0","0","1","0"
"0.36","46","Podiceps cristatus","0","0","1","0"
"0.36","46","Anthus trivialis","0","0","1","0"
"0.36","46","Ardea purpurea","0","0","1","0"
"0.36","46","Sylvia borin","0","0","1","0"
"0.36","46","Tachybaptus ruficollis","0","0","1","0"
"0.36","46","Falco subbuteo","0","0","1","0"
"0.36","46","Charadrius dubius","0","0","1","0"
"0.36","46","Curruca undata","0","0","1","0"
"0.36","46","Apus melba","0","0","1","0"
"0.36","46","Pyrrhula pyrrhula","0","0","1","0"
"0.36","46","Recurvirostra avosetta","0","0","1","0"
"0.36","46","Tadorna tadorna","0","0","1","0"
"0.36","46","Riparia riparia","0","0","1","0"
"0.36","46","Anthus campestris","0","0","1","0"
"0.36","46","Netta rufina","0","0","1","0"
"0.36","46","Circus pygargus","0","0","1","0"
"0.36","46","Cinclus cinclus","0","0","1","0"
"0.36","46","Galerida theklae","0","0","1","0"
"0.36","46","Poecile palustris","0","0","1","0"
"0.36","46","Aquila chrysaetos","0","0","1","0"
"0.36","46","Actitis hypoleucos","0","0","1","0"
"0.36","46","Aythya ferina","0","0","1","0"
"0.36","46","Pyrrhocorax graculus","0","0","1","0"
"0.36","46","Alcedo atthis","0","0","1","0"
"0.36","46","Burhinus oedicnemus","0","0","1","0"
"0.36","46","Sternula albifrons","0","0","1","0"
"0.36","46","Accipiter nisus","0","0","1","0"
"0.36","46","Anthus spinoletta","0","0","1","0"
"0.36","46","Nycticorax nycticorax","0","0","1","0"
"0.36","46","Melanocorypha calandra","0","0","1","0"
"0.36","46","Vanellus vanellus","0","0","1","0"
"0.36","46","Coccothraustes coccothraustes","0","0","1","0"
"0.36","46","Phasianus colchicus","0","0","1","0"
"0.36","46","Saxicola rubetra","0","0","1","0"
"0.36","46","Cygnus olor","0","0","1","0"
"0.36","46","Loxia curvirostra","0","0","1","0"
"0.36","46","Emberiza schoeniclus","0","0","1","0"
"0.36","46","Mareca strepera","0","0","1","0"
"0.36","46","Tringa ochropus","0","0","1","0"
"0.36","46","Phoenicopterus roseus","0","0","1","0"
"0.36","46","Plegadis falcinellus","0","0","1","0"
"0.36","46","Ardea alba","0","0","1","0"
"0.36","46","Columba oenas","0","0","1","0"
"0.36","46","Strix aluco","0","1","0","0"
"0.36","46","Tringa totanus","0","0","1","0"
"0.36","46","Ichthyaetus melanocephalus","0","0","1","0"
"0.36","46","Regulus regulus","0","0","1","0"
"0.36","46","Coracias garrulus","0","0","1","0"
"0.36","46","Passer hispaniolensis","0","0","1","0"
"0.36","46","Cecropis daurica","0","0","1","0"
"0.36","46","Falco naumanni","0","0","1","0"
"0.36","46","Psittacula krameri","0","0","1","0"
"0.36","46","Rallus aquaticus","0","0","1","0"
"0.36","46","Athene noctua","0","0","1","0"
"0.36","46","Platalea leucorodia","0","0","1","0"
"0.36","46","Lanius meridionalis","0","0","1","0"
"0.36","46","Chlidonias niger","0","0","1","0"
"0.36","46","Otus scops","0","0","1","0"
"0.36","46","Jynx torquilla","0","0","1","0"
"0.36","47","Turdus merula","0","0","0","1"
"0.36","47","Apus apus","0","0","1","0"
"0.36","47","Fringilla coelebs","0","0","1","0"
"0.36","47","Columba palumbus","0","0","1","0"
"0.36","47","Hirundo rustica","0","0","1","0"
"0.36","47","Passer domesticus","0","0","0","1"
"0.36","47","Sylvia atricapilla","0","0","0","1"
"0.36","47","Corvus corone","0","0","1","0"
"0.36","47","Pica pica","0","0","1","0"
"0.36","47","Carduelis carduelis","0","0","1","0"
"0.36","47","Serinus serinus","0","0","1","0"
"0.36","47","Parus major","0","0","0","1"
"0.36","47","Streptopelia decaocto","0","0","0","1"
"0.36","47","Milvus migrans","0","0","1","0"
"0.36","47","Delichon urbicum","0","0","1","0"
"0.36","47","Phoenicurus ochruros","0","0","1","0"
"0.36","47","Erithacus rubecula","0","0","1","0"
"0.36","47","Gyps fulvus","0","0","1","0"
"0.36","47","Motacilla alba","0","0","1","0"
"0.36","47","Garrulus glandarius","0","0","1","0"
"0.36","47","Cyanistes caeruleus","0","0","1","0"
"0.36","47","Chloris chloris","0","0","1","0"
"0.36","47","Emberiza cirlus","0","0","1","0"
"0.36","47","Troglodytes troglodytes","0","0","1","0"
"0.36","47","Luscinia megarhynchos","0","0","1","0"
"0.36","47","Oriolus oriolus","0","0","1","0"
"0.36","47","Columba livia","0","0","1","0"
"0.36","47","Falco tinnunculus","0","0","1","0"
"0.36","47","Cuculus canorus","0","0","1","0"
"0.36","47","Buteo buteo","0","0","1","0"
"0.36","47","Sturnus vulgaris","0","0","1","0"
"0.36","47","Phylloscopus bonelli","0","0","1","0"
"0.36","47","Linaria cannabina","0","0","1","0"
"0.36","47","Periparus ater","0","0","1","0"
"0.36","47","Hippolais polyglotta","0","0","1","0"
"0.36","47","Larus michahellis","0","0","1","0"
"0.36","47","Merops apiaster","0","0","1","0"
"0.36","47","Anas platyrhynchos","0","0","1","0"
"0.36","47","Ptyonoprogne rupestris","0","0","1","0"
"0.36","47","Certhia brachydactyla","0","0","1","0"
"0.36","47","Saxicola rubicola","0","0","1","0"
"0.36","47","Ardea cinerea","0","0","1","0"
"0.36","47","Dendrocopos major","0","0","1","0"
"0.36","47","Streptopelia turtur","0","0","1","0"
"0.36","47","Picus viridis","0","0","1","0"
"0.36","47","Upupa epops","0","0","1","0"
"0.36","47","Emberiza calandra","1","0","0","0"
"0.36","47","Regulus ignicapilla","0","0","1","0"
"0.36","47","Corvus corax","0","0","1","0"
"0.36","47","Aegithalos caudatus","0","0","1","0"
"0.36","47","Alauda arvensis","0","0","0","1"
"0.36","47","Turdus viscivorus","0","0","1","0"
"0.36","47","Turdus philomelos","0","0","1","0"
"0.36","47","Sitta europaea","0","0","1","0"
"0.36","47","Lullula arborea","0","0","1","0"
"0.36","47","Pyrrhocorax pyrrhocorax","0","0","1","0"
"0.36","47","Galerida cristata","0","0","1","0"
"0.36","47","Petronia petronia","0","0","1","0"
"0.36","47","Cettia cetti","0","0","1","0"
"0.36","47","Phylloscopus collybita","0","0","1","0"
"0.36","47","Lophophanes cristatus","0","0","1","0"
"0.36","47","Fulica atra","0","0","1","0"
"0.36","47","Curruca melanocephala","0","0","1","0"
"0.36","47","Egretta garzetta","0","0","1","0"
"0.36","47","Lanius collurio","0","0","1","0"
"0.36","47","Cisticola juncidis","0","0","1","0"
"0.36","47","Curruca communis","0","0","1","0"
"0.36","47","Circaetus gallicus","0","0","1","0"
"0.36","47","Phalacrocorax carbo","0","0","1","0"
"0.36","47","Carduelis citrinella","0","0","1","0"
"0.36","47","Milvus milvus","0","0","1","0"
"0.36","47","Gallinula chloropus","0","0","1","0"
"0.36","47","Oenanthe oenanthe","0","0","1","0"
"0.36","47","Hieraaetus pennatus","0","0","1","0"
"0.36","47","Phoenicurus phoenicurus","0","0","1","0"
"0.36","47","Ciconia ciconia","0","0","1","0"
"0.36","47","Picus sharpei","0","0","1","0"
"0.36","47","Chroicocephalus ridibundus","0","0","1","0"
"0.36","47","Corvus monedula","0","0","1","0"
"0.36","47","Motacilla cinerea","0","0","1","0"
"0.36","47","Lanius senator","0","0","1","0"
"0.36","47","Himantopus himantopus","0","0","1","0"
"0.36","47","Acrocephalus scirpaceus","0","0","1","0"
"0.36","47","Emberiza cia","0","0","1","0"
"0.36","47","Prunella modularis","0","0","1","0"
"0.36","47","Bubulcus ibis","0","0","1","0"
"0.36","47","Alectoris rufa","0","0","1","0"
"0.36","47","Curruca iberiae","0","0","1","0"
"0.36","47","Coturnix coturnix","0","0","1","0"
"0.36","47","Emberiza citrinella","0","0","1","0"
"0.36","47","Circus aeruginosus","0","0","1","0"
"0.36","47","Sturnus unicolor","0","0","1","0"
"0.36","47","Motacilla flava","0","0","1","0"
"0.36","47","Muscicapa striata","0","0","1","0"
"0.36","47","Pernis apivorus","0","0","1","0"
"0.36","47","Acrocephalus arundinaceus","0","0","1","0"
"0.36","47","Sterna hirundo","0","0","1","0"
"0.36","47","Passer montanus","0","0","1","0"
"0.36","47","Podiceps cristatus","0","0","1","0"
"0.36","47","Anthus trivialis","0","0","1","0"
"0.36","47","Ardea purpurea","0","0","1","0"
"0.36","47","Sylvia borin","0","0","1","0"
"0.36","47","Tachybaptus ruficollis","0","0","1","0"
"0.36","47","Falco subbuteo","0","0","1","0"
"0.36","47","Charadrius dubius","0","0","1","0"
"0.36","47","Curruca undata","0","0","1","0"
"0.36","47","Apus melba","0","0","1","0"
"0.36","47","Pyrrhula pyrrhula","0","0","1","0"
"0.36","47","Recurvirostra avosetta","0","0","1","0"
"0.36","47","Tadorna tadorna","0","0","1","0"
"0.36","47","Riparia riparia","0","0","1","0"
"0.36","47","Anthus campestris","0","0","1","0"
"0.36","47","Netta rufina","0","0","1","0"
"0.36","47","Circus pygargus","0","0","1","0"
"0.36","47","Cinclus cinclus","0","0","1","0"
"0.36","47","Galerida theklae","0","0","1","0"
"0.36","47","Poecile palustris","0","0","1","0"
"0.36","47","Aquila chrysaetos","0","0","1","0"
"0.36","47","Actitis hypoleucos","0","0","1","0"
"0.36","47","Aythya ferina","0","0","1","0"
"0.36","47","Pyrrhocorax graculus","0","0","1","0"
"0.36","47","Alcedo atthis","0","0","1","0"
"0.36","47","Burhinus oedicnemus","0","0","1","0"
"0.36","47","Sternula albifrons","0","0","1","0"
"0.36","47","Accipiter nisus","0","0","1","0"
"0.36","47","Anthus spinoletta","0","0","1","0"
"0.36","47","Nycticorax nycticorax","0","0","1","0"
"0.36","47","Melanocorypha calandra","0","0","1","0"
"0.36","47","Vanellus vanellus","0","0","1","0"
"0.36","47","Coccothraustes coccothraustes","0","0","1","0"
"0.36","47","Phasianus colchicus","0","0","1","0"
"0.36","47","Saxicola rubetra","0","0","1","0"
"0.36","47","Cygnus olor","0","0","1","0"
"0.36","47","Loxia curvirostra","0","0","1","0"
"0.36","47","Emberiza schoeniclus","0","0","1","0"
"0.36","47","Mareca strepera","0","0","1","0"
"0.36","47","Tringa ochropus","0","0","1","0"
"0.36","47","Phoenicopterus roseus","0","0","1","0"
"0.36","47","Plegadis falcinellus","0","0","1","0"
"0.36","47","Ardea alba","0","0","1","0"
"0.36","47","Columba oenas","0","0","1","0"
"0.36","47","Strix aluco","0","0","1","0"
"0.36","47","Tringa totanus","0","0","1","0"
"0.36","47","Ichthyaetus melanocephalus","0","0","1","0"
"0.36","47","Regulus regulus","0","0","1","0"
"0.36","47","Coracias garrulus","0","0","1","0"
"0.36","47","Passer hispaniolensis","0","0","1","0"
"0.36","47","Cecropis daurica","0","0","1","0"
"0.36","47","Falco naumanni","0","0","1","0"
"0.36","47","Psittacula krameri","0","0","1","0"
"0.36","47","Rallus aquaticus","0","0","1","0"
"0.36","47","Athene noctua","0","0","1","0"
"0.36","47","Platalea leucorodia","0","0","1","0"
"0.36","47","Lanius meridionalis","0","0","1","0"
"0.36","47","Chlidonias niger","0","0","1","0"
"0.36","47","Otus scops","0","0","1","0"
"0.36","47","Jynx torquilla","0","0","1","0"
"0.36","48","Turdus merula","0","0","1","0"
"0.36","48","Apus apus","0","0","1","0"
"0.36","48","Fringilla coelebs","0","0","1","0"
"0.36","48","Columba palumbus","0","0","1","0"
"0.36","48","Hirundo rustica","0","0","1","0"
"0.36","48","Passer domesticus","0","0","0","1"
"0.36","48","Sylvia atricapilla","0","0","0","1"
"0.36","48","Corvus corone","0","0","1","0"
"0.36","48","Pica pica","0","0","1","0"
"0.36","48","Carduelis carduelis","0","0","1","0"
"0.36","48","Serinus serinus","0","0","1","0"
"0.36","48","Parus major","0","0","1","0"
"0.36","48","Streptopelia decaocto","0","0","1","0"
"0.36","48","Milvus migrans","0","0","1","0"
"0.36","48","Delichon urbicum","0","0","1","0"
"0.36","48","Phoenicurus ochruros","0","0","1","0"
"0.36","48","Erithacus rubecula","0","0","1","0"
"0.36","48","Gyps fulvus","0","0","1","0"
"0.36","48","Motacilla alba","0","0","1","0"
"0.36","48","Garrulus glandarius","0","0","1","0"
"0.36","48","Cyanistes caeruleus","0","0","1","0"
"0.36","48","Chloris chloris","0","0","1","0"
"0.36","48","Emberiza cirlus","0","0","1","0"
"0.36","48","Troglodytes troglodytes","0","0","1","0"
"0.36","48","Luscinia megarhynchos","0","0","1","0"
"0.36","48","Oriolus oriolus","0","0","1","0"
"0.36","48","Columba livia","0","0","1","0"
"0.36","48","Falco tinnunculus","0","0","1","0"
"0.36","48","Cuculus canorus","0","0","1","0"
"0.36","48","Buteo buteo","0","0","1","0"
"0.36","48","Sturnus vulgaris","0","0","1","0"
"0.36","48","Phylloscopus bonelli","0","0","1","0"
"0.36","48","Linaria cannabina","0","0","1","0"
"0.36","48","Periparus ater","0","0","1","0"
"0.36","48","Hippolais polyglotta","0","0","1","0"
"0.36","48","Larus michahellis","0","0","1","0"
"0.36","48","Merops apiaster","0","0","1","0"
"0.36","48","Anas platyrhynchos","0","0","1","0"
"0.36","48","Ptyonoprogne rupestris","0","0","1","0"
"0.36","48","Certhia brachydactyla","0","0","1","0"
"0.36","48","Saxicola rubicola","0","0","1","0"
"0.36","48","Ardea cinerea","0","0","1","0"
"0.36","48","Dendrocopos major","0","0","1","0"
"0.36","48","Streptopelia turtur","0","0","1","0"
"0.36","48","Picus viridis","0","0","1","0"
"0.36","48","Upupa epops","0","0","1","0"
"0.36","48","Emberiza calandra","0","0","0","1"
"0.36","48","Regulus ignicapilla","0","0","1","0"
"0.36","48","Corvus corax","0","0","1","0"
"0.36","48","Aegithalos caudatus","0","0","1","0"
"0.36","48","Alauda arvensis","0","0","1","0"
"0.36","48","Turdus viscivorus","0","0","1","0"
"0.36","48","Turdus philomelos","0","0","1","0"
"0.36","48","Sitta europaea","0","0","1","0"
"0.36","48","Lullula arborea","0","0","1","0"
"0.36","48","Pyrrhocorax pyrrhocorax","0","0","1","0"
"0.36","48","Galerida cristata","0","0","1","0"
"0.36","48","Petronia petronia","0","0","1","0"
"0.36","48","Cettia cetti","0","0","1","0"
"0.36","48","Phylloscopus collybita","0","0","1","0"
"0.36","48","Lophophanes cristatus","0","0","1","0"
"0.36","48","Fulica atra","0","0","1","0"
"0.36","48","Curruca melanocephala","0","0","1","0"
"0.36","48","Egretta garzetta","0","0","1","0"
"0.36","48","Lanius collurio","0","0","1","0"
"0.36","48","Cisticola juncidis","0","0","1","0"
"0.36","48","Curruca communis","0","0","0","1"
"0.36","48","Circaetus gallicus","0","0","1","0"
"0.36","48","Phalacrocorax carbo","0","0","1","0"
"0.36","48","Carduelis citrinella","0","0","1","0"
"0.36","48","Milvus milvus","0","0","1","0"
"0.36","48","Gallinula chloropus","0","0","1","0"
"0.36","48","Oenanthe oenanthe","0","0","1","0"
"0.36","48","Hieraaetus pennatus","0","0","1","0"
"0.36","48","Phoenicurus phoenicurus","0","0","1","0"
"0.36","48","Ciconia ciconia","0","0","1","0"
"0.36","48","Picus sharpei","0","0","1","0"
"0.36","48","Chroicocephalus ridibundus","0","0","1","0"
"0.36","48","Corvus monedula","0","0","1","0"
"0.36","48","Motacilla cinerea","0","0","1","0"
"0.36","48","Lanius senator","0","0","1","0"
"0.36","48","Himantopus himantopus","0","0","1","0"
"0.36","48","Acrocephalus scirpaceus","0","0","1","0"
"0.36","48","Emberiza cia","0","0","1","0"
"0.36","48","Prunella modularis","0","0","1","0"
"0.36","48","Bubulcus ibis","0","0","1","0"
"0.36","48","Alectoris rufa","0","0","1","0"
"0.36","48","Curruca iberiae","0","0","1","0"
"0.36","48","Coturnix coturnix","0","0","1","0"
"0.36","48","Emberiza citrinella","0","0","1","0"
"0.36","48","Circus aeruginosus","0","0","1","0"
"0.36","48","Sturnus unicolor","0","0","1","0"
"0.36","48","Motacilla flava","0","0","1","0"
"0.36","48","Muscicapa striata","0","0","1","0"
"0.36","48","Pernis apivorus","0","0","1","0"
"0.36","48","Acrocephalus arundinaceus","0","0","1","0"
"0.36","48","Sterna hirundo","0","0","1","0"
"0.36","48","Passer montanus","0","0","1","0"
"0.36","48","Podiceps cristatus","0","0","1","0"
"0.36","48","Anthus trivialis","0","0","1","0"
"0.36","48","Ardea purpurea","0","0","1","0"
"0.36","48","Sylvia borin","0","0","1","0"
"0.36","48","Tachybaptus ruficollis","0","0","1","0"
"0.36","48","Falco subbuteo","0","0","1","0"
"0.36","48","Charadrius dubius","0","0","1","0"
"0.36","48","Curruca undata","0","0","1","0"
"0.36","48","Apus melba","0","0","1","0"
"0.36","48","Pyrrhula pyrrhula","0","0","1","0"
"0.36","48","Recurvirostra avosetta","0","0","1","0"
"0.36","48","Tadorna tadorna","0","0","1","0"
"0.36","48","Riparia riparia","0","0","1","0"
"0.36","48","Anthus campestris","0","0","1","0"
"0.36","48","Netta rufina","0","0","1","0"
"0.36","48","Circus pygargus","0","0","1","0"
"0.36","48","Cinclus cinclus","0","0","1","0"
"0.36","48","Galerida theklae","0","0","1","0"
"0.36","48","Poecile palustris","0","0","1","0"
"0.36","48","Aquila chrysaetos","0","0","1","0"
"0.36","48","Actitis hypoleucos","0","0","1","0"
"0.36","48","Aythya ferina","0","0","1","0"
"0.36","48","Pyrrhocorax graculus","0","0","1","0"
"0.36","48","Alcedo atthis","0","0","1","0"
"0.36","48","Burhinus oedicnemus","0","0","1","0"
"0.36","48","Sternula albifrons","0","0","1","0"
"0.36","48","Accipiter nisus","0","0","1","0"
"0.36","48","Anthus spinoletta","0","0","1","0"
"0.36","48","Nycticorax nycticorax","0","0","1","0"
"0.36","48","Melanocorypha calandra","0","0","1","0"
"0.36","48","Vanellus vanellus","0","0","1","0"
"0.36","48","Coccothraustes coccothraustes","0","0","1","0"
"0.36","48","Phasianus colchicus","0","0","1","0"
"0.36","48","Saxicola rubetra","0","0","1","0"
"0.36","48","Cygnus olor","0","0","1","0"
"0.36","48","Loxia curvirostra","0","0","1","0"
"0.36","48","Emberiza schoeniclus","0","0","1","0"
"0.36","48","Mareca strepera","0","0","1","0"
"0.36","48","Tringa ochropus","0","0","1","0"
"0.36","48","Phoenicopterus roseus","0","0","1","0"
"0.36","48","Plegadis falcinellus","0","0","1","0"
"0.36","48","Ardea alba","0","0","1","0"
"0.36","48","Columba oenas","0","0","1","0"
"0.36","48","Strix aluco","0","0","1","0"
"0.36","48","Tringa totanus","0","0","1","0"
"0.36","48","Ichthyaetus melanocephalus","0","0","1","0"
"0.36","48","Regulus regulus","0","0","1","0"
"0.36","48","Coracias garrulus","0","0","1","0"
"0.36","48","Passer hispaniolensis","0","0","1","0"
"0.36","48","Cecropis daurica","0","0","1","0"
"0.36","48","Falco naumanni","0","0","1","0"
"0.36","48","Psittacula krameri","0","0","1","0"
"0.36","48","Rallus aquaticus","0","0","1","0"
"0.36","48","Athene noctua","0","0","1","0"
"0.36","48","Platalea leucorodia","0","0","1","0"
"0.36","48","Lanius meridionalis","0","0","1","0"
"0.36","48","Chlidonias niger","0","0","1","0"
"0.36","48","Otus scops","0","0","1","0"
"0.36","48","Jynx torquilla","0","0","1","0"
"0.36","49","Turdus merula","0","0","0","1"
"0.36","49","Apus apus","0","0","1","0"
"0.36","49","Fringilla coelebs","0","0","0","1"
"0.36","49","Columba palumbus","0","0","1","0"
"0.36","49","Hirundo rustica","0","0","1","0"
"0.36","49","Passer domesticus","0","0","1","0"
"0.36","49","Sylvia atricapilla","0","0","0","1"
"0.36","49","Corvus corone","0","0","1","0"
"0.36","49","Pica pica","0","0","1","0"
"0.36","49","Carduelis carduelis","0","0","1","0"
"0.36","49","Serinus serinus","0","0","1","0"
"0.36","49","Parus major","0","0","1","0"
"0.36","49","Streptopelia decaocto","0","0","0","1"
"0.36","49","Milvus migrans","0","0","1","0"
"0.36","49","Delichon urbicum","0","0","1","0"
"0.36","49","Phoenicurus ochruros","0","0","1","0"
"0.36","49","Erithacus rubecula","0","0","1","0"
"0.36","49","Gyps fulvus","0","0","1","0"
"0.36","49","Motacilla alba","0","0","1","0"
"0.36","49","Garrulus glandarius","0","0","1","0"
"0.36","49","Cyanistes caeruleus","0","0","0","1"
"0.36","49","Chloris chloris","0","0","0","1"
"0.36","49","Emberiza cirlus","0","0","1","0"
"0.36","49","Troglodytes troglodytes","0","0","1","0"
"0.36","49","Luscinia megarhynchos","0","0","1","0"
"0.36","49","Oriolus oriolus","0","0","1","0"
"0.36","49","Columba livia","0","0","1","0"
"0.36","49","Falco tinnunculus","0","0","1","0"
"0.36","49","Cuculus canorus","0","0","1","0"
"0.36","49","Buteo buteo","0","0","1","0"
"0.36","49","Sturnus vulgaris","0","0","1","0"
"0.36","49","Phylloscopus bonelli","0","0","1","0"
"0.36","49","Periparus ater","0","0","1","0"
"0.36","49","Linaria cannabina","0","0","1","0"
"0.36","49","Hippolais polyglotta","0","0","1","0"
"0.36","49","Larus michahellis","0","0","1","0"
"0.36","49","Merops apiaster","0","0","1","0"
"0.36","49","Anas platyrhynchos","0","0","1","0"
"0.36","49","Ptyonoprogne rupestris","0","0","1","0"
"0.36","49","Certhia brachydactyla","0","0","1","0"
"0.36","49","Saxicola rubicola","0","0","1","0"
"0.36","49","Ardea cinerea","0","0","1","0"
"0.36","49","Dendrocopos major","0","0","1","0"
"0.36","49","Streptopelia turtur","0","0","1","0"
"0.36","49","Picus viridis","0","0","1","0"
"0.36","49","Upupa epops","0","0","1","0"
"0.36","49","Emberiza calandra","0","0","1","0"
"0.36","49","Regulus ignicapilla","0","0","1","0"
"0.36","49","Corvus corax","0","0","1","0"
"0.36","49","Aegithalos caudatus","0","0","1","0"
"0.36","49","Turdus viscivorus","0","0","1","0"
"0.36","49","Alauda arvensis","0","0","1","0"
"0.36","49","Turdus philomelos","0","0","1","0"
"0.36","49","Sitta europaea","0","0","1","0"
"0.36","49","Lullula arborea","0","0","1","0"
"0.36","49","Pyrrhocorax pyrrhocorax","0","0","1","0"
"0.36","49","Galerida cristata","0","0","1","0"
"0.36","49","Petronia petronia","0","0","1","0"
"0.36","49","Cettia cetti","0","0","1","0"
"0.36","49","Phylloscopus collybita","0","0","1","0"
"0.36","49","Lophophanes cristatus","0","0","1","0"
"0.36","49","Fulica atra","0","0","1","0"
"0.36","49","Curruca melanocephala","0","0","1","0"
"0.36","49","Egretta garzetta","0","0","1","0"
"0.36","49","Lanius collurio","0","0","1","0"
"0.36","49","Cisticola juncidis","0","0","1","0"
"0.36","49","Curruca communis","0","0","1","0"
"0.36","49","Circaetus gallicus","0","0","1","0"
"0.36","49","Carduelis citrinella","0","0","1","0"
"0.36","49","Phalacrocorax carbo","0","0","1","0"
"0.36","49","Gallinula chloropus","0","0","1","0"
"0.36","49","Milvus milvus","0","0","1","0"
"0.36","49","Oenanthe oenanthe","0","0","1","0"
"0.36","49","Hieraaetus pennatus","0","0","1","0"
"0.36","49","Phoenicurus phoenicurus","0","0","1","0"
"0.36","49","Ciconia ciconia","0","0","1","0"
"0.36","49","Chroicocephalus ridibundus","0","0","1","0"
"0.36","49","Picus sharpei","0","0","1","0"
"0.36","49","Corvus monedula","0","0","1","0"
"0.36","49","Motacilla cinerea","0","0","1","0"
"0.36","49","Lanius senator","0","0","1","0"
"0.36","49","Himantopus himantopus","0","0","1","0"
"0.36","49","Acrocephalus scirpaceus","0","0","1","0"
"0.36","49","Emberiza cia","0","0","1","0"
"0.36","49","Bubulcus ibis","0","0","1","0"
"0.36","49","Prunella modularis","0","0","1","0"
"0.36","49","Curruca iberiae","0","0","1","0"
"0.36","49","Coturnix coturnix","0","0","1","0"
"0.36","49","Alectoris rufa","0","0","1","0"
"0.36","49","Emberiza citrinella","0","0","1","0"
"0.36","49","Circus aeruginosus","0","0","1","0"
"0.36","49","Sturnus unicolor","0","0","1","0"
"0.36","49","Motacilla flava","0","0","1","0"
"0.36","49","Muscicapa striata","0","0","1","0"
"0.36","49","Pernis apivorus","0","0","1","0"
"0.36","49","Acrocephalus arundinaceus","0","0","1","0"
"0.36","49","Sterna hirundo","0","0","1","0"
"0.36","49","Passer montanus","0","0","1","0"
"0.36","49","Podiceps cristatus","0","0","1","0"
"0.36","49","Anthus trivialis","0","0","1","0"
"0.36","49","Ardea purpurea","0","0","1","0"
"0.36","49","Sylvia borin","0","0","1","0"
"0.36","49","Tachybaptus ruficollis","0","0","1","0"
"0.36","49","Falco subbuteo","0","0","1","0"
"0.36","49","Charadrius dubius","0","0","1","0"
"0.36","49","Curruca undata","0","0","1","0"
"0.36","49","Apus melba","0","0","1","0"
"0.36","49","Pyrrhula pyrrhula","0","0","1","0"
"0.36","49","Recurvirostra avosetta","0","0","1","0"
"0.36","49","Tadorna tadorna","0","0","1","0"
"0.36","49","Anthus campestris","0","0","1","0"
"0.36","49","Riparia riparia","0","0","1","0"
"0.36","49","Netta rufina","0","0","1","0"
"0.36","49","Circus pygargus","0","0","1","0"
"0.36","49","Cinclus cinclus","0","0","1","0"
"0.36","49","Galerida theklae","0","0","1","0"
"0.36","49","Poecile palustris","0","0","1","0"
"0.36","49","Aquila chrysaetos","0","0","1","0"
"0.36","49","Actitis hypoleucos","0","0","1","0"
"0.36","49","Pyrrhocorax graculus","0","0","1","0"
"0.36","49","Aythya ferina","0","0","1","0"
"0.36","49","Alcedo atthis","0","0","1","0"
"0.36","49","Burhinus oedicnemus","0","0","1","0"
"0.36","49","Sternula albifrons","0","0","1","0"
"0.36","49","Accipiter nisus","0","0","1","0"
"0.36","49","Anthus spinoletta","0","0","1","0"
"0.36","49","Nycticorax nycticorax","0","0","1","0"
"0.36","49","Melanocorypha calandra","0","0","1","0"
"0.36","49","Vanellus vanellus","0","0","1","0"
"0.36","49","Coccothraustes coccothraustes","0","0","1","0"
"0.36","49","Phasianus colchicus","0","0","1","0"
"0.36","49","Saxicola rubetra","0","0","1","0"
"0.36","49","Cygnus olor","0","0","1","0"
"0.36","49","Loxia curvirostra","0","0","1","0"
"0.36","49","Emberiza schoeniclus","0","0","1","0"
"0.36","49","Mareca strepera","0","0","1","0"
"0.36","49","Tringa ochropus","0","0","1","0"
"0.36","49","Phoenicopterus roseus","0","0","1","0"
"0.36","49","Plegadis falcinellus","0","0","1","0"
"0.36","49","Ardea alba","0","0","1","0"
"0.36","49","Columba oenas","0","0","1","0"
"0.36","49","Strix aluco","0","0","1","0"
"0.36","49","Tringa totanus","0","0","1","0"
"0.36","49","Ichthyaetus melanocephalus","0","0","1","0"
"0.36","49","Regulus regulus","0","0","1","0"
"0.36","49","Coracias garrulus","0","0","1","0"
"0.36","49","Passer hispaniolensis","0","0","1","0"
"0.36","49","Cecropis daurica","0","0","1","0"
"0.36","49","Falco naumanni","0","0","1","0"
"0.36","49","Psittacula krameri","0","0","1","0"
"0.36","49","Rallus aquaticus","0","0","1","0"
"0.36","49","Athene noctua","0","0","1","0"
"0.36","49","Platalea leucorodia","0","0","1","0"
"0.36","49","Lanius meridionalis","0","0","1","0"
"0.36","49","Chlidonias niger","0","0","1","0"
"0.36","49","Otus scops","0","0","1","0"
"0.36","49","Jynx torquilla","0","0","1","0"
"0.36","50","Turdus merula","0","0","1","0"
"0.36","50","Apus apus","0","0","1","0"
"0.36","50","Fringilla coelebs","0","0","1","0"
"0.36","50","Columba palumbus","0","0","1","0"
"0.36","50","Hirundo rustica","0","0","1","0"
"0.36","50","Passer domesticus","0","0","1","0"
"0.36","50","Sylvia atricapilla","0","0","1","0"
"0.36","50","Corvus corone","0","0","1","0"
"0.36","50","Pica pica","0","0","1","0"
"0.36","50","Carduelis carduelis","0","0","1","0"
"0.36","50","Serinus serinus","0","0","1","0"
"0.36","50","Parus major","0","0","1","0"
"0.36","50","Streptopelia decaocto","0","0","1","0"
"0.36","50","Milvus migrans","0","0","1","0"
"0.36","50","Delichon urbicum","0","0","1","0"
"0.36","50","Phoenicurus ochruros","0","0","1","0"
"0.36","50","Erithacus rubecula","0","0","1","0"
"0.36","50","Gyps fulvus","0","0","1","0"
"0.36","50","Motacilla alba","0","0","1","0"
"0.36","50","Garrulus glandarius","0","0","1","0"
"0.36","50","Cyanistes caeruleus","0","0","1","0"
"0.36","50","Chloris chloris","0","0","1","0"
"0.36","50","Emberiza cirlus","0","0","1","0"
"0.36","50","Troglodytes troglodytes","0","0","1","0"
"0.36","50","Luscinia megarhynchos","0","0","1","0"
"0.36","50","Oriolus oriolus","0","0","1","0"
"0.36","50","Columba livia","0","0","1","0"
"0.36","50","Falco tinnunculus","0","0","1","0"
"0.36","50","Cuculus canorus","0","0","1","0"
"0.36","50","Buteo buteo","0","0","1","0"
"0.36","50","Sturnus vulgaris","0","0","1","0"
"0.36","50","Phylloscopus bonelli","0","0","1","0"
"0.36","50","Periparus ater","0","0","1","0"
"0.36","50","Linaria cannabina","0","0","1","0"
"0.36","50","Hippolais polyglotta","0","0","1","0"
"0.36","50","Larus michahellis","0","0","1","0"
"0.36","50","Merops apiaster","0","0","1","0"
"0.36","50","Anas platyrhynchos","0","0","1","0"
"0.36","50","Ptyonoprogne rupestris","0","0","1","0"
"0.36","50","Certhia brachydactyla","0","0","1","0"
"0.36","50","Saxicola rubicola","0","0","1","0"
"0.36","50","Ardea cinerea","0","0","1","0"
"0.36","50","Dendrocopos major","0","0","1","0"
"0.36","50","Streptopelia turtur","0","0","1","0"
"0.36","50","Picus viridis","0","0","1","0"
"0.36","50","Upupa epops","0","0","1","0"
"0.36","50","Emberiza calandra","0","0","1","0"
"0.36","50","Regulus ignicapilla","0","0","1","0"
"0.36","50","Corvus corax","0","0","1","0"
"0.36","50","Aegithalos caudatus","0","0","1","0"
"0.36","50","Turdus viscivorus","0","0","1","0"
"0.36","50","Alauda arvensis","0","0","1","0"
"0.36","50","Turdus philomelos","0","0","1","0"
"0.36","50","Sitta europaea","0","0","1","0"
"0.36","50","Lullula arborea","0","0","1","0"
"0.36","50","Pyrrhocorax pyrrhocorax","0","0","1","0"
"0.36","50","Galerida cristata","0","0","1","0"
"0.36","50","Petronia petronia","0","0","1","0"
"0.36","50","Cettia cetti","0","0","1","0"
"0.36","50","Phylloscopus collybita","0","0","1","0"
"0.36","50","Lophophanes cristatus","0","0","1","0"
"0.36","50","Fulica atra","0","0","1","0"
"0.36","50","Curruca melanocephala","0","0","1","0"
"0.36","50","Egretta garzetta","0","0","1","0"
"0.36","50","Lanius collurio","0","0","1","0"
"0.36","50","Cisticola juncidis","0","0","1","0"
"0.36","50","Curruca communis","0","0","1","0"
"0.36","50","Circaetus gallicus","0","0","1","0"
"0.36","50","Carduelis citrinella","0","0","1","0"
"0.36","50","Phalacrocorax carbo","0","0","1","0"
"0.36","50","Gallinula chloropus","0","0","1","0"
"0.36","50","Milvus milvus","0","0","1","0"
"0.36","50","Oenanthe oenanthe","0","0","1","0"
"0.36","50","Hieraaetus pennatus","0","0","1","0"
"0.36","50","Phoenicurus phoenicurus","0","0","1","0"
"0.36","50","Ciconia ciconia","0","0","1","0"
"0.36","50","Chroicocephalus ridibundus","0","0","1","0"
"0.36","50","Picus sharpei","0","0","1","0"
"0.36","50","Corvus monedula","0","0","1","0"
"0.36","50","Motacilla cinerea","0","0","1","0"
"0.36","50","Lanius senator","0","0","1","0"
"0.36","50","Himantopus himantopus","0","0","1","0"
"0.36","50","Acrocephalus scirpaceus","0","0","1","0"
"0.36","50","Emberiza cia","0","0","1","0"
"0.36","50","Bubulcus ibis","0","0","1","0"
"0.36","50","Prunella modularis","0","0","1","0"
"0.36","50","Curruca iberiae","0","0","1","0"
"0.36","50","Coturnix coturnix","0","0","1","0"
"0.36","50","Alectoris rufa","0","0","1","0"
"0.36","50","Emberiza citrinella","0","0","1","0"
"0.36","50","Circus aeruginosus","0","0","1","0"
"0.36","50","Sturnus unicolor","0","0","1","0"
"0.36","50","Motacilla flava","0","0","1","0"
"0.36","50","Muscicapa striata","0","0","1","0"
"0.36","50","Pernis apivorus","0","0","1","0"
"0.36","50","Acrocephalus arundinaceus","0","0","1","0"
"0.36","50","Sterna hirundo","0","0","1","0"
"0.36","50","Passer montanus","0","0","1","0"
"0.36","50","Podiceps cristatus","0","0","1","0"
"0.36","50","Anthus trivialis","0","0","1","0"
"0.36","50","Ardea purpurea","0","0","1","0"
"0.36","50","Sylvia borin","0","0","1","0"
"0.36","50","Tachybaptus ruficollis","0","0","1","0"
"0.36","50","Falco subbuteo","0","0","1","0"
"0.36","50","Charadrius dubius","0","0","1","0"
"0.36","50","Curruca undata","0","0","1","0"
"0.36","50","Apus melba","0","0","1","0"
"0.36","50","Pyrrhula pyrrhula","0","0","1","0"
"0.36","50","Recurvirostra avosetta","0","0","1","0"
"0.36","50","Tadorna tadorna","0","0","1","0"
"0.36","50","Anthus campestris","0","0","1","0"
"0.36","50","Riparia riparia","0","0","1","0"
"0.36","50","Netta rufina","0","0","1","0"
"0.36","50","Circus pygargus","0","0","1","0"
"0.36","50","Cinclus cinclus","0","0","1","0"
"0.36","50","Galerida theklae","0","0","1","0"
"0.36","50","Poecile palustris","0","0","1","0"
"0.36","50","Aquila chrysaetos","0","0","1","0"
"0.36","50","Actitis hypoleucos","0","0","1","0"
"0.36","50","Pyrrhocorax graculus","0","0","1","0"
"0.36","50","Aythya ferina","0","0","1","0"
"0.36","50","Alcedo atthis","0","0","1","0"
"0.36","50","Burhinus oedicnemus","0","0","1","0"
"0.36","50","Sternula albifrons","0","0","1","0"
"0.36","50","Accipiter nisus","0","0","1","0"
"0.36","50","Anthus spinoletta","0","0","1","0"
"0.36","50","Nycticorax nycticorax","0","0","1","0"
"0.36","50","Melanocorypha calandra","0","0","1","0"
"0.36","50","Vanellus vanellus","0","0","1","0"
"0.36","50","Coccothraustes coccothraustes","0","0","1","0"
"0.36","50","Phasianus colchicus","0","0","1","0"
"0.36","50","Saxicola rubetra","0","0","1","0"
"0.36","50","Cygnus olor","0","0","1","0"
"0.36","50","Loxia curvirostra","0","0","1","0"
"0.36","50","Emberiza schoeniclus","0","0","1","0"
"0.36","50","Mareca strepera","0","0","1","0"
"0.36","50","Tringa ochropus","0","0","1","0"
"0.36","50","Phoenicopterus roseus","0","0","1","0"
"0.36","50","Plegadis falcinellus","0","0","1","0"
"0.36","50","Ardea alba","0","0","1","0"
"0.36","50","Columba oenas","0","0","1","0"
"0.36","50","Strix aluco","0","0","1","0"
"0.36","50","Tringa totanus","0","0","1","0"
"0.36","50","Ichthyaetus melanocephalus","0","0","1","0"
"0.36","50","Regulus regulus","0","0","1","0"
"0.36","50","Coracias garrulus","0","0","1","0"
"0.36","50","Passer hispaniolensis","0","0","1","0"
"0.36","50","Cecropis daurica","0","0","1","0"
"0.36","50","Falco naumanni","0","0","1","0"
"0.36","50","Psittacula krameri","0","0","1","0"
"0.36","50","Rallus aquaticus","0","0","1","0"
"0.36","50","Athene noctua","0","0","1","0"
"0.36","50","Platalea leucorodia","0","0","1","0"
"0.36","50","Lanius meridionalis","0","0","1","0"
"0.36","50","Chlidonias niger","0","0","1","0"
"0.36","50","Otus scops","0","0","1","0"
"0.36","50","Jynx torquilla","0","0","1","0"
"0.36","51","Turdus merula","1","0","0","0"
"0.36","51","Apus apus","0","0","1","0"
"0.36","51","Fringilla coelebs","0","0","1","0"
"0.36","51","Columba palumbus","0","0","1","0"
"0.36","51","Hirundo rustica","0","0","1","0"
"0.36","51","Passer domesticus","0","0","1","0"
"0.36","51","Sylvia atricapilla","0","0","0","1"
"0.36","51","Corvus corone","0","0","0","1"
"0.36","51","Pica pica","0","0","1","0"
"0.36","51","Carduelis carduelis","0","0","1","0"
"0.36","51","Serinus serinus","0","0","1","0"
"0.36","51","Parus major","0","0","0","1"
"0.36","51","Streptopelia decaocto","0","0","0","1"
"0.36","51","Milvus migrans","0","0","1","0"
"0.36","51","Delichon urbicum","0","0","1","0"
"0.36","51","Phoenicurus ochruros","0","0","1","0"
"0.36","51","Erithacus rubecula","0","0","1","0"
"0.36","51","Gyps fulvus","0","0","1","0"
"0.36","51","Motacilla alba","0","0","1","0"
"0.36","51","Garrulus glandarius","0","0","1","0"
"0.36","51","Cyanistes caeruleus","0","0","1","0"
"0.36","51","Chloris chloris","0","0","1","0"
"0.36","51","Emberiza cirlus","0","0","1","0"
"0.36","51","Troglodytes troglodytes","0","0","0","1"
"0.36","51","Luscinia megarhynchos","0","0","1","0"
"0.36","51","Oriolus oriolus","0","0","0","1"
"0.36","51","Columba livia","0","0","1","0"
"0.36","51","Falco tinnunculus","0","0","1","0"
"0.36","51","Cuculus canorus","0","0","1","0"
"0.36","51","Buteo buteo","0","0","1","0"
"0.36","51","Sturnus vulgaris","0","0","1","0"
"0.36","51","Phylloscopus bonelli","0","0","1","0"
"0.36","51","Periparus ater","0","0","1","0"
"0.36","51","Linaria cannabina","0","0","1","0"
"0.36","51","Hippolais polyglotta","0","0","1","0"
"0.36","51","Larus michahellis","0","0","1","0"
"0.36","51","Merops apiaster","0","0","1","0"
"0.36","51","Anas platyrhynchos","0","0","1","0"
"0.36","51","Ptyonoprogne rupestris","0","0","1","0"
"0.36","51","Certhia brachydactyla","0","0","1","0"
"0.36","51","Saxicola rubicola","0","0","1","0"
"0.36","51","Ardea cinerea","0","0","1","0"
"0.36","51","Dendrocopos major","0","0","1","0"
"0.36","51","Streptopelia turtur","1","0","0","0"
"0.36","51","Picus viridis","0","0","1","0"
"0.36","51","Upupa epops","0","0","1","0"
"0.36","51","Emberiza calandra","0","0","0","1"
"0.36","51","Regulus ignicapilla","0","0","1","0"
"0.36","51","Corvus corax","0","0","1","0"
"0.36","51","Aegithalos caudatus","0","0","1","0"
"0.36","51","Turdus viscivorus","0","0","1","0"
"0.36","51","Alauda arvensis","0","0","1","0"
"0.36","51","Turdus philomelos","0","0","1","0"
"0.36","51","Sitta europaea","0","0","1","0"
"0.36","51","Lullula arborea","0","0","1","0"
"0.36","51","Pyrrhocorax pyrrhocorax","0","0","1","0"
"0.36","51","Galerida cristata","0","0","1","0"
"0.36","51","Petronia petronia","0","0","1","0"
"0.36","51","Cettia cetti","0","0","1","0"
"0.36","51","Phylloscopus collybita","0","0","1","0"
"0.36","51","Lophophanes cristatus","0","0","1","0"
"0.36","51","Fulica atra","0","0","1","0"
"0.36","51","Curruca melanocephala","0","0","1","0"
"0.36","51","Egretta garzetta","0","0","1","0"
"0.36","51","Lanius collurio","0","0","1","0"
"0.36","51","Cisticola juncidis","0","0","1","0"
"0.36","51","Curruca communis","0","0","0","1"
"0.36","51","Circaetus gallicus","0","0","1","0"
"0.36","51","Carduelis citrinella","0","0","1","0"
"0.36","51","Phalacrocorax carbo","0","0","1","0"
"0.36","51","Gallinula chloropus","0","0","1","0"
"0.36","51","Milvus milvus","0","0","1","0"
"0.36","51","Oenanthe oenanthe","0","0","1","0"
"0.36","51","Hieraaetus pennatus","0","0","1","0"
"0.36","51","Phoenicurus phoenicurus","0","0","1","0"
"0.36","51","Ciconia ciconia","0","0","1","0"
"0.36","51","Chroicocephalus ridibundus","0","0","1","0"
"0.36","51","Picus sharpei","0","0","1","0"
"0.36","51","Corvus monedula","0","0","1","0"
"0.36","51","Motacilla cinerea","0","0","1","0"
"0.36","51","Lanius senator","0","0","1","0"
"0.36","51","Himantopus himantopus","0","0","1","0"
"0.36","51","Acrocephalus scirpaceus","0","0","1","0"
"0.36","51","Emberiza cia","0","0","1","0"
"0.36","51","Bubulcus ibis","0","0","1","0"
"0.36","51","Prunella modularis","0","0","1","0"
"0.36","51","Curruca iberiae","0","0","1","0"
"0.36","51","Coturnix coturnix","0","0","0","1"
"0.36","51","Alectoris rufa","0","0","1","0"
"0.36","51","Emberiza citrinella","0","0","0","1"
"0.36","51","Circus aeruginosus","0","0","1","0"
"0.36","51","Sturnus unicolor","0","0","1","0"
"0.36","51","Motacilla flava","0","0","1","0"
"0.36","51","Muscicapa striata","0","0","1","0"
"0.36","51","Pernis apivorus","0","0","1","0"
"0.36","51","Acrocephalus arundinaceus","0","0","1","0"
"0.36","51","Sterna hirundo","0","0","1","0"
"0.36","51","Passer montanus","0","0","1","0"
"0.36","51","Podiceps cristatus","0","0","1","0"
"0.36","51","Anthus trivialis","0","0","1","0"
"0.36","51","Ardea purpurea","0","0","1","0"
"0.36","51","Sylvia borin","0","0","1","0"
"0.36","51","Tachybaptus ruficollis","0","0","1","0"
"0.36","51","Falco subbuteo","0","0","1","0"
"0.36","51","Charadrius dubius","0","0","1","0"
"0.36","51","Curruca undata","0","0","1","0"
"0.36","51","Apus melba","0","0","1","0"
"0.36","51","Pyrrhula pyrrhula","0","0","1","0"
"0.36","51","Recurvirostra avosetta","0","0","1","0"
"0.36","51","Tadorna tadorna","0","0","1","0"
"0.36","51","Anthus campestris","0","0","1","0"
"0.36","51","Riparia riparia","0","0","1","0"
"0.36","51","Netta rufina","0","0","1","0"
"0.36","51","Circus pygargus","0","0","1","0"
"0.36","51","Cinclus cinclus","0","0","1","0"
"0.36","51","Galerida theklae","0","0","1","0"
"0.36","51","Poecile palustris","0","0","1","0"
"0.36","51","Aquila chrysaetos","0","0","1","0"
"0.36","51","Actitis hypoleucos","0","0","1","0"
"0.36","51","Pyrrhocorax graculus","0","0","1","0"
"0.36","51","Aythya ferina","0","0","1","0"
"0.36","51","Alcedo atthis","0","0","1","0"
"0.36","51","Burhinus oedicnemus","0","0","1","0"
"0.36","51","Sternula albifrons","0","0","1","0"
"0.36","51","Accipiter nisus","0","0","1","0"
"0.36","51","Anthus spinoletta","0","0","1","0"
"0.36","51","Nycticorax nycticorax","0","0","1","0"
"0.36","51","Melanocorypha calandra","0","0","1","0"
"0.36","51","Vanellus vanellus","0","0","1","0"
"0.36","51","Coccothraustes coccothraustes","0","0","1","0"
"0.36","51","Phasianus colchicus","0","0","1","0"
"0.36","51","Saxicola rubetra","0","0","1","0"
"0.36","51","Cygnus olor","0","0","1","0"
"0.36","51","Loxia curvirostra","0","0","1","0"
"0.36","51","Emberiza schoeniclus","0","0","1","0"
"0.36","51","Mareca strepera","0","0","1","0"
"0.36","51","Tringa ochropus","0","0","1","0"
"0.36","51","Phoenicopterus roseus","0","0","1","0"
"0.36","51","Plegadis falcinellus","0","0","1","0"
"0.36","51","Ardea alba","0","0","1","0"
"0.36","51","Columba oenas","0","0","1","0"
"0.36","51","Strix aluco","0","0","1","0"
"0.36","51","Tringa totanus","0","0","1","0"
"0.36","51","Ichthyaetus melanocephalus","0","0","1","0"
"0.36","51","Regulus regulus","0","0","1","0"
"0.36","51","Coracias garrulus","0","0","1","0"
"0.36","51","Passer hispaniolensis","0","0","1","0"
"0.36","51","Cecropis daurica","0","0","1","0"
"0.36","51","Falco naumanni","0","0","1","0"
"0.36","51","Psittacula krameri","0","0","1","0"
"0.36","51","Rallus aquaticus","0","0","1","0"
"0.36","51","Athene noctua","0","0","1","0"
"0.36","51","Platalea leucorodia","0","0","1","0"
"0.36","51","Lanius meridionalis","0","0","1","0"
"0.36","51","Chlidonias niger","0","0","1","0"
"0.36","51","Otus scops","0","0","1","0"
"0.36","51","Jynx torquilla","0","0","1","0"
"0.36","52","Turdus merula","0","0","1","0"
"0.36","52","Hirundo rustica","0","0","1","0"
"0.36","52","Fringilla coelebs","0","0","1","0"
"0.36","52","Columba palumbus","0","0","1","0"
"0.36","52","Corvus corone","0","0","1","0"
"0.36","52","Sylvia atricapilla","0","0","0","1"
"0.36","52","Parus major","0","0","1","0"
"0.36","52","Passer domesticus","0","0","1","0"
"0.36","52","Pica pica","0","0","1","0"
"0.36","52","Apus apus","0","0","1","0"
"0.36","52","Carduelis carduelis","0","0","1","0"
"0.36","52","Erithacus rubecula","0","0","1","0"
"0.36","52","Serinus serinus","0","0","1","0"
"0.36","52","Luscinia megarhynchos","0","0","1","0"
"0.36","52","Streptopelia decaocto","0","0","1","0"
"0.36","52","Milvus migrans","0","0","1","0"
"0.36","52","Cyanistes caeruleus","0","0","1","0"
"0.36","52","Cuculus canorus","0","0","1","0"
"0.36","52","Phoenicurus ochruros","0","0","1","0"
"0.36","52","Anas platyrhynchos","0","0","1","0"
"0.36","52","Garrulus glandarius","0","0","1","0"
"0.36","52","Delichon urbicum","0","0","1","0"
"0.36","52","Motacilla alba","0","0","1","0"
"0.36","52","Chloris chloris","0","0","1","0"
"0.36","52","Troglodytes troglodytes","0","0","1","0"
"0.36","52","Gyps fulvus","0","0","1","0"
"0.36","52","Falco tinnunculus","0","0","1","0"
"0.36","52","Sturnus vulgaris","0","0","1","0"
"0.36","52","Columba livia","0","0","1","0"
"0.36","52","Buteo buteo","0","0","1","0"
"0.36","52","Emberiza cirlus","0","0","1","0"
"0.36","52","Larus michahellis","0","0","1","0"
"0.36","52","Linaria cannabina","0","0","1","0"
"0.36","52","Phylloscopus bonelli","0","0","1","0"
"0.36","52","Periparus ater","0","0","1","0"
"0.36","52","Merops apiaster","0","0","1","0"
"0.36","52","Ardea cinerea","0","0","1","0"
"0.36","52","Certhia brachydactyla","0","0","1","0"
"0.36","52","Aegithalos caudatus","0","0","1","0"
"0.36","52","Saxicola rubicola","0","0","1","0"
"0.36","52","Corvus corax","0","0","1","0"
"0.36","52","Upupa epops","0","0","1","0"
"0.36","52","Cettia cetti","0","0","1","0"
"0.36","52","Dendrocopos major","0","0","1","0"
"0.36","52","Regulus ignicapilla","0","0","1","0"
"0.36","52","Oriolus oriolus","0","0","1","0"
"0.36","52","Emberiza calandra","0","0","0","1"
"0.36","52","Hippolais polyglotta","0","0","1","0"
"0.36","52","Picus viridis","0","0","1","0"
"0.36","52","Motacilla flava","0","0","1","0"
"0.36","52","Ptyonoprogne rupestris","0","0","1","0"
"0.36","52","Sitta europaea","0","0","1","0"
"0.36","52","Phalacrocorax carbo","0","0","1","0"
"0.36","52","Egretta garzetta","0","0","1","0"
"0.36","52","Turdus viscivorus","0","0","1","0"
"0.36","52","Fulica atra","0","0","1","0"
"0.36","52","Gallinula chloropus","0","0","1","0"
"0.36","52","Curruca melanocephala","0","0","1","0"
"0.36","52","Phylloscopus collybita","0","0","1","0"
"0.36","52","Lullula arborea","0","0","1","0"
"0.36","52","Galerida cristata","0","0","1","0"
"0.36","52","Oenanthe oenanthe","0","0","1","0"
"0.36","52","Circus aeruginosus","0","0","1","0"
"0.36","52","Turdus philomelos","0","0","1","0"
"0.36","52","Pyrrhocorax pyrrhocorax","0","0","1","0"
"0.36","52","Milvus milvus","0","0","1","0"
"0.36","52","Lophophanes cristatus","0","0","1","0"
"0.36","52","Picus sharpei","0","0","1","0"
"0.36","52","Curruca communis","0","0","1","0"
"0.36","52","Streptopelia turtur","0","0","1","0"
"0.36","52","Cisticola juncidis","0","0","1","0"
"0.36","52","Circaetus gallicus","0","0","1","0"
"0.36","52","Phoenicurus phoenicurus","0","0","1","0"
"0.36","52","Alauda arvensis","0","0","1","0"
"0.36","52","Corvus monedula","0","0","1","0"
"0.36","52","Petronia petronia","0","0","1","0"
"0.36","52","Ciconia ciconia","0","0","1","0"
"0.36","52","Hieraaetus pennatus","0","0","1","0"
"0.36","52","Sturnus unicolor","0","0","1","0"
"0.36","52","Himantopus himantopus","0","0","1","0"
"0.36","52","Prunella modularis","0","0","1","0"
"0.36","52","Podiceps cristatus","0","0","1","0"
"0.36","52","Curruca iberiae","0","0","1","0"
"0.36","52","Motacilla cinerea","0","0","1","0"
"0.36","52","Actitis hypoleucos","0","0","1","0"
"0.36","52","Lanius senator","0","0","1","0"
"0.36","52","Anthus trivialis","0","0","1","0"
"0.36","52","Bubulcus ibis","0","0","1","0"
"0.36","52","Alectoris rufa","0","0","1","0"
"0.36","52","Carduelis citrinella","0","0","1","0"
"0.36","52","Emberiza cia","0","0","1","0"
"0.36","52","Acrocephalus scirpaceus","0","0","1","0"
"0.36","52","Tachybaptus ruficollis","0","0","1","0"
"0.36","52","Chroicocephalus ridibundus","0","0","1","0"
"0.36","52","Ardea purpurea","0","0","1","0"
"0.36","52","Charadrius dubius","0","0","1","0"
"0.36","52","Saxicola rubetra","0","0","1","0"
"0.36","52","Tadorna tadorna","0","0","1","0"
"0.36","52","Muscicapa striata","0","0","1","0"
"0.36","52","Pernis apivorus","0","0","1","0"
"0.36","52","Passer montanus","0","0","1","0"
"0.36","52","Ficedula hypoleuca","0","0","1","0"
"0.36","52","Acrocephalus arundinaceus","0","0","1","0"
"0.36","52","Phylloscopus trochilus","0","0","1","0"
"0.36","52","Riparia riparia","0","0","1","0"
"0.36","52","Ardea alba","0","0","1","0"
"0.36","52","Lanius collurio","0","0","1","0"
"0.36","52","Netta rufina","0","0","1","0"
"0.36","52","Poecile palustris","0","0","1","0"
"0.36","52","Mareca strepera","0","0","1","0"
"0.36","52","Pyrrhula pyrrhula","0","0","1","0"
"0.36","52","Accipiter nisus","0","0","1","0"
"0.36","52","Emberiza citrinella","0","0","1","0"
"0.36","52","Curruca undata","0","0","1","0"
"0.36","52","Tringa glareola","0","0","1","0"
"0.36","52","Sterna hirundo","0","0","1","0"
"0.36","52","Apus melba","0","0","1","0"
"0.36","52","Recurvirostra avosetta","0","0","1","0"
"0.36","52","Falco subbuteo","0","0","1","0"
"0.36","52","Spatula clypeata","0","0","1","0"
"0.36","52","Plegadis falcinellus","0","0","1","0"
"0.36","52","Phasianus colchicus","0","0","1","0"
"0.36","52","Tringa ochropus","0","0","1","0"
"0.36","52","Circus pygargus","0","0","1","0"
"0.36","52","Alcedo atthis","0","0","1","0"
"0.36","52","Aythya ferina","0","0","1","0"
"0.36","52","Coturnix coturnix","0","0","1","0"
"0.36","52","Melanocorypha calandra","0","0","1","0"
"0.36","52","Sylvia borin","0","0","1","0"
"0.36","52","Tringa totanus","0","0","1","0"
"0.36","52","Jynx torquilla","0","0","1","0"
"0.36","52","Cinclus cinclus","0","0","1","0"
"0.36","52","Aquila chrysaetos","0","0","1","0"
"0.36","52","Tringa nebularia","0","0","1","0"
"0.36","52","Coccothraustes coccothraustes","0","0","1","0"
"0.36","52","Cygnus olor","0","0","1","0"
"0.36","52","Pyrrhocorax graculus","0","0","1","0"
"0.36","52","Vanellus vanellus","0","0","1","0"
"0.36","52","Psittacula krameri","0","0","1","0"
"0.36","52","Regulus regulus","0","0","1","0"
"0.36","52","Anthus spinoletta","0","0","1","0"
"0.36","52","Phoenicopterus roseus","0","0","1","0"
"0.36","52","Podiceps nigricollis","0","0","1","0"
"0.36","52","Loxia curvirostra","0","0","1","0"
"0.36","52","Morus bassanus","0","0","1","0"
"0.36","52","Rallus aquaticus","0","0","1","0"
"0.36","52","Anthus pratensis","0","0","1","0"
"0.36","52","Falco peregrinus","0","0","1","0"
"0.36","52","Emberiza schoeniclus","0","0","1","0"
"0.36","52","Calidris pugnax","0","0","1","0"
"0.36","52","Anthus campestris","0","0","1","0"
"0.36","52","Nycticorax nycticorax","0","0","1","0"
"0.36","52","Anas crecca","0","0","1","0"
"0.36","52","Falco naumanni","0","0","1","0"
"0.36","52","Ichthyaetus melanocephalus","0","0","1","0"
"0.36","52","Passer hispaniolensis","0","0","1","0"
"0.36","52","Burhinus oedicnemus","0","0","1","0"
"0.36","52","Galerida theklae","0","0","1","0"
"0.36","52","Cecropis daurica","0","0","1","0"
"0.36","52","Pandion haliaetus","0","0","1","0"
"0.36","52","Limosa limosa","0","0","1","0"
"0.36","52","Aegypius monachus","0","0","1","0"
"0.36","52","Columba oenas","0","0","1","0"
"0.36","52","Gelochelidon nilotica","0","0","1","0"
"0.36","52","Thalasseus sandvicensis","0","0","1","0"
"0.36","52","Spatula querquedula","0","0","1","0"
"0.36","52","Charadrius hiaticula","0","0","1","0"
"0.36","52","Monticola solitarius","0","0","1","0"
"0.36","52","Chlidonias hybrida","0","0","1","0"
"0.36","52","Dryocopus martius","0","0","1","0"
"0.36","52","Calidris alpina","0","0","1","0"
"0.36","52","Gallinago gallinago","0","0","1","0"
"0.36","52","Phylloscopus ibericus","0","0","1","0"
"0.36","52","Sternula albifrons","0","0","1","0"
"0.36","52","Spinus spinus","0","0","1","0"
"0.36","52","Ardeola ralloides","0","0","1","0"
"0.36","52","Strix aluco","0","0","1","0"
"0.36","52","Platalea leucorodia","0","0","1","0"
"0.36","52","Athene noctua","0","0","1","0"
"0.36","52","Branta canadensis","0","0","1","0"
"0.36","52","Certhia familiaris","0","0","1","0"
"0.36","52","Otus scops","0","0","1","0"
"0.36","53","Turdus merula","0","0","1","0"
"0.36","53","Hirundo rustica","0","0","1","0"
"0.36","53","Fringilla coelebs","0","0","1","0"
"0.36","53","Columba palumbus","0","0","1","0"
"0.36","53","Corvus corone","0","0","1","0"
"0.36","53","Sylvia atricapilla","0","0","1","0"
"0.36","53","Parus major","0","0","1","0"
"0.36","53","Passer domesticus","0","0","1","0"
"0.36","53","Pica pica","0","0","1","0"
"0.36","53","Apus apus","0","0","1","0"
"0.36","53","Carduelis carduelis","0","0","1","0"
"0.36","53","Erithacus rubecula","0","0","1","0"
"0.36","53","Serinus serinus","0","0","1","0"
"0.36","53","Luscinia megarhynchos","0","0","0","1"
"0.36","53","Streptopelia decaocto","0","0","1","0"
"0.36","53","Milvus migrans","0","0","1","0"
"0.36","53","Cyanistes caeruleus","0","0","1","0"
"0.36","53","Cuculus canorus","0","0","1","0"
"0.36","53","Phoenicurus ochruros","0","0","1","0"
"0.36","53","Anas platyrhynchos","0","0","1","0"
"0.36","53","Garrulus glandarius","0","0","1","0"
"0.36","53","Delichon urbicum","0","0","1","0"
"0.36","53","Motacilla alba","0","0","1","0"
"0.36","53","Chloris chloris","0","0","1","0"
"0.36","53","Troglodytes troglodytes","0","0","1","0"
"0.36","53","Gyps fulvus","0","0","1","0"
"0.36","53","Falco tinnunculus","0","0","1","0"
"0.36","53","Sturnus vulgaris","0","0","1","0"
"0.36","53","Columba livia","0","0","1","0"
"0.36","53","Buteo buteo","0","0","1","0"
"0.36","53","Emberiza cirlus","0","0","1","0"
"0.36","53","Larus michahellis","0","0","1","0"
"0.36","53","Linaria cannabina","0","0","1","0"
"0.36","53","Phylloscopus bonelli","0","0","1","0"
"0.36","53","Periparus ater","0","0","1","0"
"0.36","53","Merops apiaster","0","0","1","0"
"0.36","53","Ardea cinerea","0","0","1","0"
"0.36","53","Certhia brachydactyla","0","0","1","0"
"0.36","53","Aegithalos caudatus","0","0","1","0"
"0.36","53","Saxicola rubicola","0","0","1","0"
"0.36","53","Corvus corax","0","0","1","0"
"0.36","53","Upupa epops","0","0","1","0"
"0.36","53","Cettia cetti","0","0","1","0"
"0.36","53","Dendrocopos major","0","0","1","0"
"0.36","53","Regulus ignicapilla","0","0","1","0"
"0.36","53","Oriolus oriolus","0","0","1","0"
"0.36","53","Emberiza calandra","0","0","1","0"
"0.36","53","Hippolais polyglotta","0","0","1","0"
"0.36","53","Picus viridis","0","0","1","0"
"0.36","53","Motacilla flava","0","0","1","0"
"0.36","53","Ptyonoprogne rupestris","0","0","1","0"
"0.36","53","Sitta europaea","0","0","1","0"
"0.36","53","Phalacrocorax carbo","0","0","1","0"
"0.36","53","Egretta garzetta","0","0","1","0"
"0.36","53","Turdus viscivorus","0","0","1","0"
"0.36","53","Fulica atra","0","0","1","0"
"0.36","53","Gallinula chloropus","0","0","1","0"
"0.36","53","Curruca melanocephala","0","0","1","0"
"0.36","53","Phylloscopus collybita","0","0","1","0"
"0.36","53","Lullula arborea","0","0","1","0"
"0.36","53","Galerida cristata","0","0","1","0"
"0.36","53","Oenanthe oenanthe","0","0","1","0"
"0.36","53","Circus aeruginosus","0","0","1","0"
"0.36","53","Turdus philomelos","0","0","1","0"
"0.36","53","Pyrrhocorax pyrrhocorax","0","0","1","0"
"0.36","53","Milvus milvus","0","0","1","0"
"0.36","53","Lophophanes cristatus","0","0","1","0"
"0.36","53","Picus sharpei","0","0","1","0"
"0.36","53","Curruca communis","0","0","1","0"
"0.36","53","Streptopelia turtur","0","0","1","0"
"0.36","53","Cisticola juncidis","0","0","1","0"
"0.36","53","Circaetus gallicus","0","0","1","0"
"0.36","53","Phoenicurus phoenicurus","0","0","1","0"
"0.36","53","Alauda arvensis","0","0","1","0"
"0.36","53","Corvus monedula","0","0","1","0"
"0.36","53","Petronia petronia","0","0","1","0"
"0.36","53","Ciconia ciconia","0","0","1","0"
"0.36","53","Hieraaetus pennatus","0","0","1","0"
"0.36","53","Sturnus unicolor","0","0","1","0"
"0.36","53","Himantopus himantopus","0","0","1","0"
"0.36","53","Prunella modularis","0","0","1","0"
"0.36","53","Podiceps cristatus","0","0","1","0"
"0.36","53","Curruca iberiae","0","0","1","0"
"0.36","53","Motacilla cinerea","0","0","1","0"
"0.36","53","Actitis hypoleucos","0","0","1","0"
"0.36","53","Lanius senator","0","0","1","0"
"0.36","53","Anthus trivialis","0","0","1","0"
"0.36","53","Bubulcus ibis","0","0","1","0"
"0.36","53","Alectoris rufa","0","0","1","0"
"0.36","53","Carduelis citrinella","0","0","1","0"
"0.36","53","Emberiza cia","0","0","1","0"
"0.36","53","Acrocephalus scirpaceus","0","0","1","0"
"0.36","53","Tachybaptus ruficollis","0","0","1","0"
"0.36","53","Chroicocephalus ridibundus","0","0","1","0"
"0.36","53","Ardea purpurea","0","0","1","0"
"0.36","53","Charadrius dubius","0","0","1","0"
"0.36","53","Saxicola rubetra","0","0","1","0"
"0.36","53","Tadorna tadorna","0","0","1","0"
"0.36","53","Muscicapa striata","0","0","1","0"
"0.36","53","Pernis apivorus","0","0","1","0"
"0.36","53","Passer montanus","0","0","1","0"
"0.36","53","Ficedula hypoleuca","0","0","1","0"
"0.36","53","Acrocephalus arundinaceus","0","0","1","0"
"0.36","53","Phylloscopus trochilus","0","0","1","0"
"0.36","53","Riparia riparia","0","0","1","0"
"0.36","53","Ardea alba","0","0","1","0"
"0.36","53","Lanius collurio","0","0","1","0"
"0.36","53","Netta rufina","0","0","1","0"
"0.36","53","Poecile palustris","0","0","1","0"
"0.36","53","Mareca strepera","0","0","1","0"
"0.36","53","Pyrrhula pyrrhula","0","0","1","0"
"0.36","53","Accipiter nisus","0","0","1","0"
"0.36","53","Emberiza citrinella","0","0","1","0"
"0.36","53","Curruca undata","0","0","1","0"
"0.36","53","Tringa glareola","0","0","1","0"
"0.36","53","Sterna hirundo","0","0","1","0"
"0.36","53","Apus melba","0","0","1","0"
"0.36","53","Recurvirostra avosetta","0","0","1","0"
"0.36","53","Falco subbuteo","0","0","1","0"
"0.36","53","Spatula clypeata","0","0","1","0"
"0.36","53","Plegadis falcinellus","0","0","1","0"
"0.36","53","Phasianus colchicus","0","0","1","0"
"0.36","53","Tringa ochropus","0","0","1","0"
"0.36","53","Circus pygargus","0","0","1","0"
"0.36","53","Alcedo atthis","0","0","1","0"
"0.36","53","Aythya ferina","0","0","1","0"
"0.36","53","Coturnix coturnix","0","0","1","0"
"0.36","53","Melanocorypha calandra","0","0","1","0"
"0.36","53","Sylvia borin","0","0","1","0"
"0.36","53","Tringa totanus","0","0","1","0"
"0.36","53","Jynx torquilla","0","0","1","0"
"0.36","53","Cinclus cinclus","0","0","1","0"
"0.36","53","Aquila chrysaetos","0","0","1","0"
"0.36","53","Tringa nebularia","0","0","1","0"
"0.36","53","Coccothraustes coccothraustes","0","0","1","0"
"0.36","53","Cygnus olor","0","0","1","0"
"0.36","53","Pyrrhocorax graculus","0","0","1","0"
"0.36","53","Vanellus vanellus","0","0","1","0"
"0.36","53","Psittacula krameri","0","0","1","0"
"0.36","53","Regulus regulus","0","0","1","0"
"0.36","53","Anthus spinoletta","0","0","1","0"
"0.36","53","Phoenicopterus roseus","0","0","1","0"
"0.36","53","Podiceps nigricollis","0","0","1","0"
"0.36","53","Loxia curvirostra","0","0","1","0"
"0.36","53","Morus bassanus","0","0","1","0"
"0.36","53","Rallus aquaticus","0","0","1","0"
"0.36","53","Anthus pratensis","0","0","1","0"
"0.36","53","Falco peregrinus","0","0","1","0"
"0.36","53","Emberiza schoeniclus","0","0","1","0"
"0.36","53","Calidris pugnax","0","0","1","0"
"0.36","53","Anthus campestris","0","0","1","0"
"0.36","53","Nycticorax nycticorax","0","0","1","0"
"0.36","53","Anas crecca","0","0","1","0"
"0.36","53","Falco naumanni","0","0","1","0"
"0.36","53","Ichthyaetus melanocephalus","0","0","1","0"
"0.36","53","Passer hispaniolensis","0","0","1","0"
"0.36","53","Burhinus oedicnemus","0","0","1","0"
"0.36","53","Galerida theklae","0","0","1","0"
"0.36","53","Cecropis daurica","0","0","1","0"
"0.36","53","Pandion haliaetus","0","0","1","0"
"0.36","53","Limosa limosa","0","0","1","0"
"0.36","53","Aegypius monachus","0","0","1","0"
"0.36","53","Columba oenas","0","0","1","0"
"0.36","53","Gelochelidon nilotica","0","0","1","0"
"0.36","53","Thalasseus sandvicensis","0","0","1","0"
"0.36","53","Spatula querquedula","0","0","1","0"
"0.36","53","Charadrius hiaticula","0","0","1","0"
"0.36","53","Monticola solitarius","0","0","1","0"
"0.36","53","Chlidonias hybrida","0","0","1","0"
"0.36","53","Dryocopus martius","0","0","1","0"
"0.36","53","Calidris alpina","0","0","1","0"
"0.36","53","Gallinago gallinago","0","0","1","0"
"0.36","53","Phylloscopus ibericus","0","0","1","0"
"0.36","53","Sternula albifrons","0","0","1","0"
"0.36","53","Spinus spinus","0","0","1","0"
"0.36","53","Ardeola ralloides","0","0","1","0"
"0.36","53","Strix aluco","0","0","1","0"
"0.36","53","Platalea leucorodia","0","0","1","0"
"0.36","53","Athene noctua","0","0","1","0"
"0.36","53","Branta canadensis","0","0","1","0"
"0.36","53","Certhia familiaris","0","0","1","0"
"0.36","53","Otus scops","0","0","1","0"
"0.36","54","Turdus merula","0","0","0","1"
"0.36","54","Hirundo rustica","0","0","1","0"
"0.36","54","Fringilla coelebs","0","0","1","0"
"0.36","54","Columba palumbus","0","0","1","0"
"0.36","54","Corvus corone","0","0","1","0"
"0.36","54","Sylvia atricapilla","0","0","0","1"
"0.36","54","Parus major","0","0","0","1"
"0.36","54","Passer domesticus","0","0","1","0"
"0.36","54","Pica pica","0","0","1","0"
"0.36","54","Apus apus","0","0","1","0"
"0.36","54","Carduelis carduelis","0","0","1","0"
"0.36","54","Erithacus rubecula","0","0","1","0"
"0.36","54","Serinus serinus","0","0","1","0"
"0.36","54","Luscinia megarhynchos","0","0","1","0"
"0.36","54","Streptopelia decaocto","0","0","1","0"
"0.36","54","Milvus migrans","0","0","1","0"
"0.36","54","Cyanistes caeruleus","0","0","1","0"
"0.36","54","Cuculus canorus","0","0","1","0"
"0.36","54","Phoenicurus ochruros","0","0","1","0"
"0.36","54","Anas platyrhynchos","0","0","1","0"
"0.36","54","Garrulus glandarius","0","0","1","0"
"0.36","54","Delichon urbicum","0","0","1","0"
"0.36","54","Motacilla alba","0","0","1","0"
"0.36","54","Chloris chloris","0","0","1","0"
"0.36","54","Troglodytes troglodytes","0","0","1","0"
"0.36","54","Gyps fulvus","0","0","1","0"
"0.36","54","Falco tinnunculus","0","0","1","0"
"0.36","54","Sturnus vulgaris","0","0","1","0"
"0.36","54","Columba livia","0","0","1","0"
"0.36","54","Buteo buteo","0","0","1","0"
"0.36","54","Emberiza cirlus","0","0","1","0"
"0.36","54","Larus michahellis","0","0","1","0"
"0.36","54","Linaria cannabina","0","0","1","0"
"0.36","54","Phylloscopus bonelli","0","0","1","0"
"0.36","54","Periparus ater","0","0","1","0"
"0.36","54","Merops apiaster","0","0","1","0"
"0.36","54","Ardea cinerea","0","0","1","0"
"0.36","54","Certhia brachydactyla","0","0","1","0"
"0.36","54","Aegithalos caudatus","0","0","1","0"
"0.36","54","Saxicola rubicola","0","0","1","0"
"0.36","54","Corvus corax","0","0","1","0"
"0.36","54","Upupa epops","0","0","1","0"
"0.36","54","Cettia cetti","0","0","1","0"
"0.36","54","Dendrocopos major","0","0","1","0"
"0.36","54","Regulus ignicapilla","0","0","1","0"
"0.36","54","Oriolus oriolus","0","0","1","0"
"0.36","54","Emberiza calandra","0","0","0","1"
"0.36","54","Hippolais polyglotta","0","0","1","0"
"0.36","54","Picus viridis","0","0","1","0"
"0.36","54","Motacilla flava","0","0","1","0"
"0.36","54","Ptyonoprogne rupestris","0","0","1","0"
"0.36","54","Sitta europaea","0","0","1","0"
"0.36","54","Phalacrocorax carbo","0","0","1","0"
"0.36","54","Egretta garzetta","0","0","1","0"
"0.36","54","Turdus viscivorus","0","0","1","0"
"0.36","54","Fulica atra","0","0","1","0"
"0.36","54","Gallinula chloropus","0","0","1","0"
"0.36","54","Curruca melanocephala","0","0","1","0"
"0.36","54","Phylloscopus collybita","0","0","1","0"
"0.36","54","Lullula arborea","0","0","1","0"
"0.36","54","Galerida cristata","0","0","1","0"
"0.36","54","Oenanthe oenanthe","0","0","1","0"
"0.36","54","Circus aeruginosus","0","0","1","0"
"0.36","54","Turdus philomelos","0","0","1","0"
"0.36","54","Pyrrhocorax pyrrhocorax","0","0","1","0"
"0.36","54","Milvus milvus","0","0","1","0"
"0.36","54","Lophophanes cristatus","0","0","1","0"
"0.36","54","Picus sharpei","0","0","1","0"
"0.36","54","Curruca communis","0","0","1","0"
"0.36","54","Streptopelia turtur","0","0","1","0"
"0.36","54","Cisticola juncidis","0","0","1","0"
"0.36","54","Circaetus gallicus","0","0","1","0"
"0.36","54","Phoenicurus phoenicurus","0","0","1","0"
"0.36","54","Alauda arvensis","0","0","1","0"
"0.36","54","Corvus monedula","0","0","1","0"
"0.36","54","Petronia petronia","0","0","1","0"
"0.36","54","Ciconia ciconia","0","0","1","0"
"0.36","54","Hieraaetus pennatus","0","0","1","0"
"0.36","54","Sturnus unicolor","0","0","1","0"
"0.36","54","Himantopus himantopus","0","0","1","0"
"0.36","54","Prunella modularis","0","0","1","0"
"0.36","54","Podiceps cristatus","0","0","1","0"
"0.36","54","Curruca iberiae","0","0","1","0"
"0.36","54","Motacilla cinerea","0","0","1","0"
"0.36","54","Actitis hypoleucos","0","0","1","0"
"0.36","54","Lanius senator","0","0","1","0"
"0.36","54","Anthus trivialis","0","0","1","0"
"0.36","54","Bubulcus ibis","0","0","1","0"
"0.36","54","Alectoris rufa","0","0","1","0"
"0.36","54","Carduelis citrinella","0","0","1","0"
"0.36","54","Emberiza cia","0","0","1","0"
"0.36","54","Acrocephalus scirpaceus","0","0","1","0"
"0.36","54","Tachybaptus ruficollis","0","0","1","0"
"0.36","54","Chroicocephalus ridibundus","0","0","1","0"
"0.36","54","Ardea purpurea","0","0","1","0"
"0.36","54","Charadrius dubius","0","0","1","0"
"0.36","54","Saxicola rubetra","0","0","1","0"
"0.36","54","Tadorna tadorna","0","0","1","0"
"0.36","54","Muscicapa striata","0","0","1","0"
"0.36","54","Pernis apivorus","0","0","1","0"
"0.36","54","Passer montanus","0","0","1","0"
"0.36","54","Ficedula hypoleuca","0","0","1","0"
"0.36","54","Acrocephalus arundinaceus","0","0","1","0"
"0.36","54","Phylloscopus trochilus","0","0","1","0"
"0.36","54","Riparia riparia","0","0","1","0"
"0.36","54","Ardea alba","0","0","1","0"
"0.36","54","Lanius collurio","0","0","1","0"
"0.36","54","Netta rufina","0","0","1","0"
"0.36","54","Poecile palustris","0","0","1","0"
"0.36","54","Mareca strepera","0","0","1","0"
"0.36","54","Pyrrhula pyrrhula","0","0","1","0"
"0.36","54","Accipiter nisus","0","0","1","0"
"0.36","54","Emberiza citrinella","0","0","1","0"
"0.36","54","Curruca undata","0","0","1","0"
"0.36","54","Tringa glareola","0","0","1","0"
"0.36","54","Sterna hirundo","0","0","1","0"
"0.36","54","Apus melba","0","0","1","0"
"0.36","54","Recurvirostra avosetta","0","0","1","0"
"0.36","54","Falco subbuteo","0","0","1","0"
"0.36","54","Spatula clypeata","0","0","1","0"
"0.36","54","Plegadis falcinellus","0","0","1","0"
"0.36","54","Phasianus colchicus","0","0","1","0"
"0.36","54","Tringa ochropus","0","0","1","0"
"0.36","54","Circus pygargus","0","0","1","0"
"0.36","54","Alcedo atthis","0","0","1","0"
"0.36","54","Aythya ferina","0","0","1","0"
"0.36","54","Coturnix coturnix","0","0","1","0"
"0.36","54","Melanocorypha calandra","0","0","1","0"
"0.36","54","Sylvia borin","0","0","1","0"
"0.36","54","Tringa totanus","0","0","1","0"
"0.36","54","Jynx torquilla","0","0","1","0"
"0.36","54","Cinclus cinclus","0","0","1","0"
"0.36","54","Aquila chrysaetos","0","0","1","0"
"0.36","54","Tringa nebularia","0","0","1","0"
"0.36","54","Coccothraustes coccothraustes","0","0","1","0"
"0.36","54","Cygnus olor","0","0","1","0"
"0.36","54","Pyrrhocorax graculus","0","0","1","0"
"0.36","54","Vanellus vanellus","0","0","1","0"
"0.36","54","Psittacula krameri","0","0","1","0"
"0.36","54","Regulus regulus","0","0","1","0"
"0.36","54","Anthus spinoletta","0","0","1","0"
"0.36","54","Phoenicopterus roseus","0","0","1","0"
"0.36","54","Podiceps nigricollis","0","0","1","0"
"0.36","54","Loxia curvirostra","0","0","1","0"
"0.36","54","Morus bassanus","0","0","1","0"
"0.36","54","Rallus aquaticus","0","0","1","0"
"0.36","54","Anthus pratensis","0","0","1","0"
"0.36","54","Falco peregrinus","0","0","1","0"
"0.36","54","Emberiza schoeniclus","0","0","1","0"
"0.36","54","Calidris pugnax","0","0","1","0"
"0.36","54","Anthus campestris","0","0","1","0"
"0.36","54","Nycticorax nycticorax","0","0","1","0"
"0.36","54","Anas crecca","0","0","1","0"
"0.36","54","Falco naumanni","0","0","1","0"
"0.36","54","Ichthyaetus melanocephalus","0","0","1","0"
"0.36","54","Passer hispaniolensis","0","0","1","0"
"0.36","54","Burhinus oedicnemus","0","0","1","0"
"0.36","54","Galerida theklae","0","0","1","0"
"0.36","54","Cecropis daurica","0","0","1","0"
"0.36","54","Pandion haliaetus","0","0","1","0"
"0.36","54","Limosa limosa","0","0","1","0"
"0.36","54","Aegypius monachus","0","0","1","0"
"0.36","54","Columba oenas","0","0","1","0"
"0.36","54","Gelochelidon nilotica","0","0","1","0"
"0.36","54","Thalasseus sandvicensis","0","0","1","0"
"0.36","54","Spatula querquedula","0","0","1","0"
"0.36","54","Charadrius hiaticula","0","0","1","0"
"0.36","54","Monticola solitarius","0","0","1","0"
"0.36","54","Chlidonias hybrida","0","0","1","0"
"0.36","54","Dryocopus martius","0","0","1","0"
"0.36","54","Calidris alpina","0","0","1","0"
"0.36","54","Gallinago gallinago","0","0","1","0"
"0.36","54","Phylloscopus ibericus","0","0","1","0"
"0.36","54","Sternula albifrons","0","0","1","0"
"0.36","54","Spinus spinus","0","0","1","0"
"0.36","54","Ardeola ralloides","0","0","1","0"
"0.36","54","Strix aluco","0","0","1","0"
"0.36","54","Platalea leucorodia","0","0","1","0"
"0.36","54","Athene noctua","0","0","1","0"
"0.36","54","Branta canadensis","0","0","1","0"
"0.36","54","Certhia familiaris","0","0","1","0"
"0.36","54","Otus scops","0","0","1","0"
"0.36","55","Turdus merula","0","0","0","1"
"0.36","55","Hirundo rustica","0","0","1","0"
"0.36","55","Fringilla coelebs","0","0","1","0"
"0.36","55","Columba palumbus","0","0","1","0"
"0.36","55","Parus major","0","0","1","0"
"0.36","55","Corvus corone","0","0","1","0"
"0.36","55","Sylvia atricapilla","0","0","1","0"
"0.36","55","Passer domesticus","0","0","0","1"
"0.36","55","Pica pica","0","0","1","0"
"0.36","55","Erithacus rubecula","0","0","1","0"
"0.36","55","Carduelis carduelis","0","0","1","0"
"0.36","55","Cyanistes caeruleus","0","0","1","0"
"0.36","55","Serinus serinus","0","0","1","0"
"0.36","55","Milvus migrans","0","0","1","0"
"0.36","55","Streptopelia decaocto","0","0","1","0"
"0.36","55","Apus apus","0","0","1","0"
"0.36","55","Phoenicurus ochruros","0","0","1","0"
"0.36","55","Anas platyrhynchos","0","0","1","0"
"0.36","55","Luscinia megarhynchos","0","0","1","0"
"0.36","55","Cuculus canorus","0","0","1","0"
"0.36","55","Motacilla alba","0","0","1","0"
"0.36","55","Garrulus glandarius","1","0","0","0"
"0.36","55","Chloris chloris","0","0","1","0"
"0.36","55","Troglodytes troglodytes","0","0","1","0"
"0.36","55","Delichon urbicum","0","0","1","0"
"0.36","55","Sturnus vulgaris","0","0","1","0"
"0.36","55","Falco tinnunculus","0","0","1","0"
"0.36","55","Gyps fulvus","0","0","1","0"
"0.36","55","Columba livia","0","0","1","0"
"0.36","55","Buteo buteo","0","1","0","0"
"0.36","55","Emberiza cirlus","0","0","1","0"
"0.36","55","Larus michahellis","0","0","1","0"
"0.36","55","Linaria cannabina","0","0","1","0"
"0.36","55","Periparus ater","0","0","1","0"
"0.36","55","Ardea cinerea","0","0","1","0"
"0.36","55","Aegithalos caudatus","0","0","1","0"
"0.36","55","Corvus corax","0","0","1","0"
"0.36","55","Phylloscopus bonelli","0","0","1","0"
"0.36","55","Cettia cetti","0","0","1","0"
"0.36","55","Certhia brachydactyla","0","0","1","0"
"0.36","55","Dendrocopos major","0","0","1","0"
"0.36","55","Regulus ignicapilla","0","0","1","0"
"0.36","55","Upupa epops","0","0","1","0"
"0.36","55","Saxicola rubicola","0","0","1","0"
"0.36","55","Merops apiaster","0","0","1","0"
"0.36","55","Motacilla flava","0","0","1","0"
"0.36","55","Sitta europaea","0","0","1","0"
"0.36","55","Picus viridis","0","0","1","0"
"0.36","55","Emberiza calandra","0","0","1","0"
"0.36","55","Phalacrocorax carbo","0","0","1","0"
"0.36","55","Ptyonoprogne rupestris","0","0","1","0"
"0.36","55","Phylloscopus collybita","0","0","1","0"
"0.36","55","Fulica atra","0","0","1","0"
"0.36","55","Gallinula chloropus","0","0","1","0"
"0.36","55","Egretta garzetta","0","0","1","0"
"0.36","55","Curruca melanocephala","0","0","1","0"
"0.36","55","Turdus viscivorus","0","0","1","0"
"0.36","55","Circus aeruginosus","0","0","1","0"
"0.36","55","Oenanthe oenanthe","0","0","1","0"
"0.36","55","Galerida cristata","0","0","1","0"
"0.36","55","Turdus philomelos","0","0","1","0"
"0.36","55","Lullula arborea","1","0","0","0"
"0.36","55","Oriolus oriolus","0","0","1","0"
"0.36","55","Picus sharpei","0","0","1","0"
"0.36","55","Milvus milvus","0","0","1","0"
"0.36","55","Circaetus gallicus","0","0","1","0"
"0.36","55","Pyrrhocorax pyrrhocorax","0","0","1","0"
"0.36","55","Lophophanes cristatus","0","0","1","0"
"0.36","55","Hippolais polyglotta","0","0","1","0"
"0.36","55","Cisticola juncidis","0","0","1","0"
"0.36","55","Ciconia ciconia","0","0","1","0"
"0.36","55","Hieraaetus pennatus","0","0","1","0"
"0.36","55","Phoenicurus phoenicurus","0","0","1","0"
"0.36","55","Alauda arvensis","0","0","1","0"
"0.36","55","Corvus monedula","0","0","1","0"
"0.36","55","Actitis hypoleucos","0","0","1","0"
"0.36","55","Himantopus himantopus","0","0","1","0"
"0.36","55","Petronia petronia","0","0","1","0"
"0.36","55","Sturnus unicolor","0","0","1","0"
"0.36","55","Podiceps cristatus","0","0","1","0"
"0.36","55","Prunella modularis","0","0","1","0"
"0.36","55","Curruca communis","0","0","1","0"
"0.36","55","Curruca iberiae","0","0","1","0"
"0.36","55","Streptopelia turtur","0","0","1","0"
"0.36","55","Motacilla cinerea","0","0","1","0"
"0.36","55","Anthus trivialis","0","0","1","0"
"0.36","55","Bubulcus ibis","0","0","1","0"
"0.36","55","Lanius senator","0","0","1","0"
"0.36","55","Alectoris rufa","0","0","1","0"
"0.36","55","Tachybaptus ruficollis","0","0","1","0"
"0.36","55","Chroicocephalus ridibundus","0","0","1","0"
"0.36","55","Emberiza cia","0","0","1","0"
"0.36","55","Ficedula hypoleuca","0","0","1","0"
"0.36","55","Charadrius dubius","0","1","0","0"
"0.36","55","Tadorna tadorna","0","0","1","0"
"0.36","55","Carduelis citrinella","0","0","1","0"
"0.36","55","Phylloscopus trochilus","0","0","1","0"
"0.36","55","Saxicola rubetra","0","0","1","0"
"0.36","55","Ardea purpurea","0","0","1","0"
"0.36","55","Acrocephalus scirpaceus","0","0","1","0"
"0.36","55","Passer montanus","0","0","1","0"
"0.36","55","Tringa glareola","0","0","1","0"
"0.36","55","Ardea alba","0","0","1","0"
"0.36","55","Spatula clypeata","0","0","1","0"
"0.36","55","Mareca strepera","0","0","1","0"
"0.36","55","Poecile palustris","0","0","1","0"
"0.36","55","Netta rufina","0","0","1","0"
"0.36","55","Accipiter nisus","0","0","1","0"
"0.36","55","Riparia riparia","0","0","1","0"
"0.36","55","Pernis apivorus","0","0","1","0"
"0.36","55","Curruca undata","0","0","1","0"
"0.36","55","Pyrrhula pyrrhula","0","0","1","0"
"0.36","55","Recurvirostra avosetta","0","0","1","0"
"0.36","55","Tringa ochropus","0","0","1","0"
"0.36","55","Apus melba","0","0","1","0"
"0.36","55","Muscicapa striata","0","0","1","0"
"0.36","55","Emberiza citrinella","0","0","1","0"
"0.36","55","Plegadis falcinellus","0","0","1","0"
"0.36","55","Sterna hirundo","0","0","1","0"
"0.36","55","Melanocorypha calandra","0","0","1","0"
"0.36","55","Tringa nebularia","0","0","1","0"
"0.36","55","Falco subbuteo","0","0","1","0"
"0.36","55","Phasianus colchicus","0","0","1","0"
"0.36","55","Aythya ferina","0","0","1","0"
"0.36","55","Tringa totanus","0","0","1","0"
"0.36","55","Acrocephalus arundinaceus","0","0","1","0"
"0.36","55","Circus pygargus","0","0","1","0"
"0.36","55","Jynx torquilla","0","0","1","0"
"0.36","55","Anas crecca","0","0","1","0"
"0.36","55","Alcedo atthis","0","0","1","0"
"0.36","55","Anthus pratensis","0","0","1","0"
"0.36","55","Calidris pugnax","0","0","1","0"
"0.36","55","Vanellus vanellus","0","0","1","0"
"0.36","55","Coccothraustes coccothraustes","0","0","1","0"
"0.36","55","Cygnus olor","0","0","1","0"
"0.36","55","Morus bassanus","0","0","1","0"
"0.36","55","Psittacula krameri","0","0","1","0"
"0.36","55","Aquila chrysaetos","0","0","1","0"
"0.36","55","Anthus spinoletta","0","0","1","0"
"0.36","55","Regulus regulus","0","0","1","0"
"0.36","55","Podiceps nigricollis","0","0","1","0"
"0.36","55","Phoenicopterus roseus","0","0","1","0"
"0.36","55","Rallus aquaticus","0","0","1","0"
"0.36","55","Cinclus cinclus","0","0","1","0"
"0.36","55","Coturnix coturnix","0","0","1","0"
"0.36","55","Spatula querquedula","0","0","1","0"
"0.36","55","Falco peregrinus","0","0","1","0"
"0.36","55","Loxia curvirostra","0","0","1","0"
"0.36","55","Emberiza schoeniclus","0","0","1","0"
"0.36","55","Sylvia borin","0","0","1","0"
"0.36","55","Lanius collurio","0","0","1","0"
"0.36","55","Pyrrhocorax graculus","0","0","1","0"
"0.36","55","Falco naumanni","0","0","1","0"
"0.36","55","Limosa limosa","0","0","1","0"
"0.36","55","Ichthyaetus melanocephalus","0","0","1","0"
"0.36","55","Gallinago gallinago","0","0","1","0"
"0.36","55","Pandion haliaetus","0","0","1","0"
"0.36","55","Burhinus oedicnemus","0","0","1","0"
"0.36","55","Thalasseus sandvicensis","0","0","1","0"
"0.36","55","Branta canadensis","0","0","1","0"
"0.36","55","Passer hispaniolensis","0","0","1","0"
"0.36","55","Cecropis daurica","0","0","1","0"
"0.36","55","Spinus spinus","0","0","1","0"
"0.36","55","Nycticorax nycticorax","0","0","1","0"
"0.36","55","Gelochelidon nilotica","0","0","1","0"
"0.36","55","Charadrius hiaticula","0","0","1","0"
"0.36","55","Calidris alpina","0","0","1","0"
"0.36","55","Columba oenas","0","0","1","0"
"0.36","55","Anthus campestris","0","0","1","0"
"0.36","55","Circus cyaneus","0","0","1","0"
"0.36","55","Dryocopus martius","0","0","1","0"
"0.36","55","Monticola solitarius","0","0","1","0"
"0.36","55","Aegypius monachus","0","0","1","0"
"0.36","55","Falco columbarius","0","0","1","0"
"0.36","55","Galerida theklae","0","0","1","0"
"0.36","55","Anas acuta","0","0","1","0"
"0.36","55","Phylloscopus ibericus","0","0","1","0"
"0.36","55","Larus fuscus","0","0","1","0"
"0.36","55","Platalea leucorodia","0","0","1","0"
"0.36","55","Athene noctua","0","0","1","0"
"0.36","55","Ardeola ralloides","0","0","1","0"
"0.36","55","Certhia familiaris","0","0","1","0"
"0.36","55","Tringa erythropus","0","0","1","0"
"0.36","55","Corvus cornix","0","0","1","0"
"0.36","55","Strix aluco","0","0","1","0"
"0.36","55","Calidris minuta","0","0","1","0"
"0.36","55","Mergus merganser","0","0","1","0"
"0.36","55","Otus scops","0","0","1","0"
"0.36","56","Turdus merula","0","0","1","0"
"0.36","56","Hirundo rustica","0","0","1","0"
"0.36","56","Fringilla coelebs","0","0","1","0"
"0.36","56","Columba palumbus","0","0","1","0"
"0.36","56","Corvus corone","0","0","1","0"
"0.36","56","Sylvia atricapilla","0","0","1","0"
"0.36","56","Parus major","0","0","1","0"
"0.36","56","Passer domesticus","0","0","1","0"
"0.36","56","Pica pica","0","0","1","0"
"0.36","56","Apus apus","0","0","1","0"
"0.36","56","Carduelis carduelis","0","0","1","0"
"0.36","56","Erithacus rubecula","0","0","1","0"
"0.36","56","Serinus serinus","0","0","1","0"
"0.36","56","Luscinia megarhynchos","0","0","1","0"
"0.36","56","Streptopelia decaocto","0","0","1","0"
"0.36","56","Milvus migrans","0","0","1","0"
"0.36","56","Cyanistes caeruleus","0","0","1","0"
"0.36","56","Cuculus canorus","0","0","1","0"
"0.36","56","Phoenicurus ochruros","0","0","1","0"
"0.36","56","Anas platyrhynchos","0","0","1","0"
"0.36","56","Garrulus glandarius","0","0","1","0"
"0.36","56","Delichon urbicum","0","0","1","0"
"0.36","56","Motacilla alba","0","0","1","0"
"0.36","56","Chloris chloris","0","0","1","0"
"0.36","56","Troglodytes troglodytes","0","0","1","0"
"0.36","56","Gyps fulvus","0","0","1","0"
"0.36","56","Falco tinnunculus","0","0","1","0"
"0.36","56","Sturnus vulgaris","0","0","1","0"
"0.36","56","Columba livia","0","0","1","0"
"0.36","56","Buteo buteo","0","0","1","0"
"0.36","56","Emberiza cirlus","0","0","1","0"
"0.36","56","Larus michahellis","0","0","1","0"
"0.36","56","Linaria cannabina","0","0","1","0"
"0.36","56","Phylloscopus bonelli","0","0","1","0"
"0.36","56","Periparus ater","0","0","1","0"
"0.36","56","Merops apiaster","0","0","1","0"
"0.36","56","Ardea cinerea","0","0","1","0"
"0.36","56","Certhia brachydactyla","0","0","1","0"
"0.36","56","Aegithalos caudatus","0","0","1","0"
"0.36","56","Saxicola rubicola","0","0","1","0"
"0.36","56","Corvus corax","0","0","1","0"
"0.36","56","Upupa epops","0","0","1","0"
"0.36","56","Cettia cetti","0","0","1","0"
"0.36","56","Dendrocopos major","0","0","1","0"
"0.36","56","Regulus ignicapilla","0","0","1","0"
"0.36","56","Oriolus oriolus","0","0","1","0"
"0.36","56","Emberiza calandra","0","0","1","0"
"0.36","56","Hippolais polyglotta","0","0","1","0"
"0.36","56","Picus viridis","0","0","1","0"
"0.36","56","Motacilla flava","0","0","1","0"
"0.36","56","Ptyonoprogne rupestris","0","0","1","0"
"0.36","56","Sitta europaea","0","0","1","0"
"0.36","56","Phalacrocorax carbo","0","0","1","0"
"0.36","56","Egretta garzetta","0","0","1","0"
"0.36","56","Turdus viscivorus","0","0","1","0"
"0.36","56","Fulica atra","0","0","1","0"
"0.36","56","Gallinula chloropus","0","0","1","0"
"0.36","56","Curruca melanocephala","0","0","1","0"
"0.36","56","Phylloscopus collybita","0","0","1","0"
"0.36","56","Lullula arborea","0","0","1","0"
"0.36","56","Galerida cristata","0","0","1","0"
"0.36","56","Oenanthe oenanthe","0","0","1","0"
"0.36","56","Circus aeruginosus","0","0","1","0"
"0.36","56","Turdus philomelos","0","0","1","0"
"0.36","56","Pyrrhocorax pyrrhocorax","0","0","1","0"
"0.36","56","Milvus milvus","0","0","1","0"
"0.36","56","Lophophanes cristatus","0","0","1","0"
"0.36","56","Curruca communis","0","0","1","0"
"0.36","56","Picus sharpei","0","0","1","0"
"0.36","56","Streptopelia turtur","0","0","1","0"
"0.36","56","Cisticola juncidis","0","0","1","0"
"0.36","56","Circaetus gallicus","0","0","1","0"
"0.36","56","Phoenicurus phoenicurus","0","0","1","0"
"0.36","56","Corvus monedula","0","0","1","0"
"0.36","56","Alauda arvensis","0","0","1","0"
"0.36","56","Petronia petronia","0","0","1","0"
"0.36","56","Ciconia ciconia","0","0","1","0"
"0.36","56","Hieraaetus pennatus","0","0","1","0"
"0.36","56","Sturnus unicolor","0","0","1","0"
"0.36","56","Himantopus himantopus","0","0","1","0"
"0.36","56","Prunella modularis","0","0","1","0"
"0.36","56","Podiceps cristatus","0","0","1","0"
"0.36","56","Curruca iberiae","0","0","1","0"
"0.36","56","Motacilla cinerea","0","0","1","0"
"0.36","56","Actitis hypoleucos","0","0","1","0"
"0.36","56","Lanius senator","0","0","1","0"
"0.36","56","Anthus trivialis","0","0","1","0"
"0.36","56","Bubulcus ibis","0","0","1","0"
"0.36","56","Alectoris rufa","0","0","1","0"
"0.36","56","Carduelis citrinella","0","0","1","0"
"0.36","56","Emberiza cia","0","0","1","0"
"0.36","56","Acrocephalus scirpaceus","0","0","1","0"
"0.36","56","Tachybaptus ruficollis","0","0","1","0"
"0.36","56","Chroicocephalus ridibundus","0","0","1","0"
"0.36","56","Ardea purpurea","0","0","1","0"
"0.36","56","Charadrius dubius","0","0","1","0"
"0.36","56","Saxicola rubetra","0","0","1","0"
"0.36","56","Tadorna tadorna","0","0","1","0"
"0.36","56","Muscicapa striata","0","0","1","0"
"0.36","56","Pernis apivorus","0","0","1","0"
"0.36","56","Passer montanus","0","0","1","0"
"0.36","56","Ficedula hypoleuca","0","0","1","0"
"0.36","56","Acrocephalus arundinaceus","0","0","1","0"
"0.36","56","Phylloscopus trochilus","0","0","1","0"
"0.36","56","Riparia riparia","0","0","1","0"
"0.36","56","Ardea alba","0","0","1","0"
"0.36","56","Lanius collurio","0","0","1","0"
"0.36","56","Netta rufina","0","0","1","0"
"0.36","56","Poecile palustris","0","0","1","0"
"0.36","56","Mareca strepera","0","0","1","0"
"0.36","56","Pyrrhula pyrrhula","0","0","1","0"
"0.36","56","Accipiter nisus","0","0","1","0"
"0.36","56","Emberiza citrinella","0","0","1","0"
"0.36","56","Curruca undata","0","0","1","0"
"0.36","56","Tringa glareola","0","0","1","0"
"0.36","56","Sterna hirundo","0","0","1","0"
"0.36","56","Apus melba","0","0","1","0"
"0.36","56","Recurvirostra avosetta","0","0","1","0"
"0.36","56","Falco subbuteo","0","0","1","0"
"0.36","56","Spatula clypeata","0","0","1","0"
"0.36","56","Plegadis falcinellus","0","0","1","0"
"0.36","56","Phasianus colchicus","0","0","1","0"
"0.36","56","Tringa ochropus","0","0","1","0"
"0.36","56","Alcedo atthis","0","0","1","0"
"0.36","56","Circus pygargus","0","0","1","0"
"0.36","56","Aythya ferina","0","0","1","0"
"0.36","56","Coturnix coturnix","0","0","1","0"
"0.36","56","Melanocorypha calandra","0","0","1","0"
"0.36","56","Sylvia borin","0","0","1","0"
"0.36","56","Tringa totanus","0","0","1","0"
"0.36","56","Jynx torquilla","0","0","1","0"
"0.36","56","Cinclus cinclus","0","0","1","0"
"0.36","56","Aquila chrysaetos","0","0","1","0"
"0.36","56","Tringa nebularia","0","0","1","0"
"0.36","56","Coccothraustes coccothraustes","0","0","1","0"
"0.36","56","Cygnus olor","0","0","1","0"
"0.36","56","Pyrrhocorax graculus","0","0","1","0"
"0.36","56","Vanellus vanellus","0","0","1","0"
"0.36","56","Psittacula krameri","0","0","1","0"
"0.36","56","Regulus regulus","0","0","1","0"
"0.36","56","Anthus spinoletta","0","0","1","0"
"0.36","56","Phoenicopterus roseus","0","0","1","0"
"0.36","56","Podiceps nigricollis","0","0","1","0"
"0.36","56","Loxia curvirostra","0","0","1","0"
"0.36","56","Morus bassanus","0","0","1","0"
"0.36","56","Rallus aquaticus","0","0","1","0"
"0.36","56","Anthus pratensis","0","0","1","0"
"0.36","56","Falco peregrinus","0","0","1","0"
"0.36","56","Emberiza schoeniclus","0","0","1","0"
"0.36","56","Calidris pugnax","0","0","1","0"
"0.36","56","Anthus campestris","0","0","1","0"
"0.36","56","Nycticorax nycticorax","0","0","1","0"
"0.36","56","Anas crecca","0","0","1","0"
"0.36","56","Falco naumanni","0","0","1","0"
"0.36","56","Ichthyaetus melanocephalus","0","0","1","0"
"0.36","56","Passer hispaniolensis","0","0","1","0"
"0.36","56","Burhinus oedicnemus","0","0","1","0"
"0.36","56","Cecropis daurica","0","0","1","0"
"0.36","56","Galerida theklae","0","0","1","0"
"0.36","56","Pandion haliaetus","0","0","1","0"
"0.36","56","Limosa limosa","0","0","1","0"
"0.36","56","Columba oenas","0","0","1","0"
"0.36","56","Aegypius monachus","0","0","1","0"
"0.36","56","Gelochelidon nilotica","0","0","1","0"
"0.36","56","Thalasseus sandvicensis","0","0","1","0"
"0.36","56","Spatula querquedula","0","0","1","0"
"0.36","56","Charadrius hiaticula","0","0","1","0"
"0.36","56","Monticola solitarius","0","0","1","0"
"0.36","56","Chlidonias hybrida","0","0","1","0"
"0.36","56","Dryocopus martius","0","0","1","0"
"0.36","56","Calidris alpina","0","0","1","0"
"0.36","56","Gallinago gallinago","0","0","1","0"
"0.36","56","Sternula albifrons","0","0","1","0"
"0.36","56","Phylloscopus ibericus","0","0","1","0"
"0.36","56","Spinus spinus","0","0","1","0"
"0.36","56","Ardeola ralloides","0","0","1","0"
"0.36","56","Strix aluco","0","0","1","0"
"0.36","56","Platalea leucorodia","0","0","1","0"
"0.36","56","Athene noctua","0","0","1","0"
"0.36","56","Branta canadensis","0","0","1","0"
"0.36","56","Certhia familiaris","0","0","1","0"
"0.36","56","Otus scops","0","0","1","0"
"0.36","57","Turdus merula","0","0","0","1"
"0.36","57","Hirundo rustica","0","0","1","0"
"0.36","57","Fringilla coelebs","0","0","1","0"
"0.36","57","Columba palumbus","0","0","1","0"
"0.36","57","Corvus corone","0","0","0","1"
"0.36","57","Sylvia atricapilla","1","0","0","0"
"0.36","57","Parus major","0","0","1","0"
"0.36","57","Passer domesticus","0","0","1","0"
"0.36","57","Pica pica","0","0","1","0"
"0.36","57","Apus apus","0","0","1","0"
"0.36","57","Carduelis carduelis","0","0","1","0"
"0.36","57","Erithacus rubecula","0","0","1","0"
"0.36","57","Serinus serinus","0","0","1","0"
"0.36","57","Luscinia megarhynchos","0","0","0","1"
"0.36","57","Streptopelia decaocto","0","0","1","0"
"0.36","57","Milvus migrans","0","0","1","0"
"0.36","57","Cyanistes caeruleus","0","0","0","1"
"0.36","57","Cuculus canorus","0","1","0","0"
"0.36","57","Phoenicurus ochruros","0","0","1","0"
"0.36","57","Anas platyrhynchos","0","0","1","0"
"0.36","57","Garrulus glandarius","0","0","1","0"
"0.36","57","Delichon urbicum","0","0","1","0"
"0.36","57","Motacilla alba","0","0","1","0"
"0.36","57","Chloris chloris","0","0","1","0"
"0.36","57","Troglodytes troglodytes","0","0","0","1"
"0.36","57","Gyps fulvus","0","0","1","0"
"0.36","57","Falco tinnunculus","0","0","1","0"
"0.36","57","Sturnus vulgaris","0","0","1","0"
"0.36","57","Columba livia","0","0","1","0"
"0.36","57","Buteo buteo","0","0","1","0"
"0.36","57","Emberiza cirlus","0","0","1","0"
"0.36","57","Larus michahellis","0","0","1","0"
"0.36","57","Linaria cannabina","0","0","1","0"
"0.36","57","Phylloscopus bonelli","0","0","1","0"
"0.36","57","Periparus ater","0","0","1","0"
"0.36","57","Merops apiaster","0","0","1","0"
"0.36","57","Ardea cinerea","0","0","1","0"
"0.36","57","Certhia brachydactyla","1","0","0","0"
"0.36","57","Aegithalos caudatus","0","0","1","0"
"0.36","57","Saxicola rubicola","0","0","1","0"
"0.36","57","Corvus corax","0","0","1","0"
"0.36","57","Upupa epops","0","0","1","0"
"0.36","57","Cettia cetti","0","0","1","0"
"0.36","57","Dendrocopos major","0","0","1","0"
"0.36","57","Regulus ignicapilla","0","0","1","0"
"0.36","57","Oriolus oriolus","0","0","0","1"
"0.36","57","Emberiza calandra","0","0","1","0"
"0.36","57","Hippolais polyglotta","0","0","1","0"
"0.36","57","Picus viridis","0","0","1","0"
"0.36","57","Motacilla flava","0","0","1","0"
"0.36","57","Ptyonoprogne rupestris","0","0","1","0"
"0.36","57","Sitta europaea","0","0","1","0"
"0.36","57","Phalacrocorax carbo","0","0","1","0"
"0.36","57","Egretta garzetta","0","0","1","0"
"0.36","57","Turdus viscivorus","0","0","0","1"
"0.36","57","Fulica atra","0","0","1","0"
"0.36","57","Gallinula chloropus","0","0","1","0"
"0.36","57","Curruca melanocephala","0","0","1","0"
"0.36","57","Phylloscopus collybita","0","0","1","0"
"0.36","57","Lullula arborea","0","0","1","0"
"0.36","57","Galerida cristata","0","0","1","0"
"0.36","57","Oenanthe oenanthe","0","0","1","0"
"0.36","57","Circus aeruginosus","0","0","1","0"
"0.36","57","Turdus philomelos","0","0","1","0"
"0.36","57","Pyrrhocorax pyrrhocorax","0","0","1","0"
"0.36","57","Milvus milvus","0","0","1","0"
"0.36","57","Lophophanes cristatus","0","0","1","0"
"0.36","57","Curruca communis","0","0","1","0"
"0.36","57","Picus sharpei","0","0","1","0"
"0.36","57","Streptopelia turtur","0","0","1","0"
"0.36","57","Cisticola juncidis","0","0","1","0"
"0.36","57","Circaetus gallicus","0","0","1","0"
"0.36","57","Phoenicurus phoenicurus","0","0","1","0"
"0.36","57","Corvus monedula","0","0","1","0"
"0.36","57","Alauda arvensis","0","0","1","0"
"0.36","57","Petronia petronia","0","0","1","0"
"0.36","57","Ciconia ciconia","0","0","1","0"
"0.36","57","Hieraaetus pennatus","0","0","1","0"
"0.36","57","Sturnus unicolor","0","0","1","0"
"0.36","57","Himantopus himantopus","0","0","1","0"
"0.36","57","Prunella modularis","0","0","1","0"
"0.36","57","Podiceps cristatus","0","0","1","0"
"0.36","57","Curruca iberiae","0","0","1","0"
"0.36","57","Motacilla cinerea","0","0","1","0"
"0.36","57","Actitis hypoleucos","0","0","1","0"
"0.36","57","Lanius senator","0","0","1","0"
"0.36","57","Anthus trivialis","0","0","1","0"
"0.36","57","Bubulcus ibis","0","0","1","0"
"0.36","57","Alectoris rufa","0","0","1","0"
"0.36","57","Carduelis citrinella","0","0","1","0"
"0.36","57","Emberiza cia","0","0","1","0"
"0.36","57","Acrocephalus scirpaceus","0","0","1","0"
"0.36","57","Tachybaptus ruficollis","0","0","1","0"
"0.36","57","Chroicocephalus ridibundus","0","0","1","0"
"0.36","57","Ardea purpurea","0","0","1","0"
"0.36","57","Charadrius dubius","0","0","1","0"
"0.36","57","Saxicola rubetra","0","0","1","0"
"0.36","57","Tadorna tadorna","0","0","1","0"
"0.36","57","Muscicapa striata","0","0","1","0"
"0.36","57","Pernis apivorus","0","0","1","0"
"0.36","57","Passer montanus","0","0","1","0"
"0.36","57","Ficedula hypoleuca","0","0","1","0"
"0.36","57","Acrocephalus arundinaceus","0","0","1","0"
"0.36","57","Phylloscopus trochilus","0","0","1","0"
"0.36","57","Riparia riparia","0","0","1","0"
"0.36","57","Ardea alba","0","0","1","0"
"0.36","57","Lanius collurio","0","0","1","0"
"0.36","57","Netta rufina","0","0","1","0"
"0.36","57","Poecile palustris","0","0","1","0"
"0.36","57","Mareca strepera","0","0","1","0"
"0.36","57","Pyrrhula pyrrhula","0","0","1","0"
"0.36","57","Accipiter nisus","0","0","1","0"
"0.36","57","Emberiza citrinella","0","0","1","0"
"0.36","57","Curruca undata","0","0","1","0"
"0.36","57","Tringa glareola","0","0","1","0"
"0.36","57","Sterna hirundo","0","0","1","0"
"0.36","57","Apus melba","0","0","1","0"
"0.36","57","Recurvirostra avosetta","0","0","1","0"
"0.36","57","Falco subbuteo","0","0","1","0"
"0.36","57","Spatula clypeata","0","0","1","0"
"0.36","57","Plegadis falcinellus","0","0","1","0"
"0.36","57","Phasianus colchicus","0","0","1","0"
"0.36","57","Tringa ochropus","0","0","1","0"
"0.36","57","Alcedo atthis","0","0","1","0"
"0.36","57","Circus pygargus","0","0","1","0"
"0.36","57","Aythya ferina","0","0","1","0"
"0.36","57","Coturnix coturnix","0","0","1","0"
"0.36","57","Melanocorypha calandra","0","0","1","0"
"0.36","57","Sylvia borin","0","0","1","0"
"0.36","57","Tringa totanus","0","0","1","0"
"0.36","57","Jynx torquilla","0","0","1","0"
"0.36","57","Cinclus cinclus","0","0","1","0"
"0.36","57","Aquila chrysaetos","0","0","1","0"
"0.36","57","Tringa nebularia","0","0","1","0"
"0.36","57","Coccothraustes coccothraustes","0","0","1","0"
"0.36","57","Cygnus olor","0","0","1","0"
"0.36","57","Pyrrhocorax graculus","0","0","1","0"
"0.36","57","Vanellus vanellus","0","0","1","0"
"0.36","57","Psittacula krameri","0","0","1","0"
"0.36","57","Regulus regulus","0","0","1","0"
"0.36","57","Anthus spinoletta","0","0","1","0"
"0.36","57","Phoenicopterus roseus","0","0","1","0"
"0.36","57","Podiceps nigricollis","0","0","1","0"
"0.36","57","Loxia curvirostra","0","0","1","0"
"0.36","57","Morus bassanus","0","0","1","0"
"0.36","57","Rallus aquaticus","0","0","1","0"
"0.36","57","Anthus pratensis","0","0","1","0"
"0.36","57","Falco peregrinus","0","0","1","0"
"0.36","57","Emberiza schoeniclus","0","0","1","0"
"0.36","57","Calidris pugnax","0","0","1","0"
"0.36","57","Anthus campestris","0","0","1","0"
"0.36","57","Nycticorax nycticorax","0","0","1","0"
"0.36","57","Anas crecca","0","0","1","0"
"0.36","57","Falco naumanni","0","0","1","0"
"0.36","57","Ichthyaetus melanocephalus","0","0","1","0"
"0.36","57","Passer hispaniolensis","0","0","1","0"
"0.36","57","Burhinus oedicnemus","0","0","1","0"
"0.36","57","Cecropis daurica","0","0","1","0"
"0.36","57","Galerida theklae","0","0","1","0"
"0.36","57","Pandion haliaetus","0","0","1","0"
"0.36","57","Limosa limosa","0","0","1","0"
"0.36","57","Columba oenas","0","0","0","1"
"0.36","57","Aegypius monachus","0","0","1","0"
"0.36","57","Gelochelidon nilotica","0","0","1","0"
"0.36","57","Thalasseus sandvicensis","0","0","1","0"
"0.36","57","Spatula querquedula","0","0","1","0"
"0.36","57","Charadrius hiaticula","0","0","1","0"
"0.36","57","Monticola solitarius","0","0","1","0"
"0.36","57","Chlidonias hybrida","0","0","1","0"
"0.36","57","Dryocopus martius","0","0","1","0"
"0.36","57","Calidris alpina","0","0","1","0"
"0.36","57","Gallinago gallinago","0","0","1","0"
"0.36","57","Sternula albifrons","0","0","1","0"
"0.36","57","Phylloscopus ibericus","0","0","1","0"
"0.36","57","Spinus spinus","0","0","1","0"
"0.36","57","Ardeola ralloides","0","0","1","0"
"0.36","57","Strix aluco","0","0","1","0"
"0.36","57","Platalea leucorodia","0","0","1","0"
"0.36","57","Athene noctua","0","0","1","0"
"0.36","57","Branta canadensis","0","0","1","0"
"0.36","57","Certhia familiaris","0","0","1","0"
"0.36","57","Otus scops","0","0","1","0"
"0.36","58","Turdus merula","0","0","1","0"
"0.36","58","Apus apus","0","0","1","0"
"0.36","58","Columba palumbus","0","0","1","0"
"0.36","58","Passer domesticus","0","0","1","0"
"0.36","58","Fringilla coelebs","0","0","1","0"
"0.36","58","Hirundo rustica","0","0","1","0"
"0.36","58","Corvus corone","0","0","1","0"
"0.36","58","Sylvia atricapilla","0","0","1","0"
"0.36","58","Carduelis carduelis","0","0","1","0"
"0.36","58","Pica pica","0","0","1","0"
"0.36","58","Delichon urbicum","0","0","1","0"
"0.36","58","Streptopelia decaocto","0","0","1","0"
"0.36","58","Phoenicurus ochruros","0","0","1","0"
"0.36","58","Parus major","0","0","1","0"
"0.36","58","Milvus migrans","0","0","1","0"
"0.36","58","Serinus serinus","0","0","1","0"
"0.36","58","Motacilla alba","0","0","1","0"
"0.36","58","Gyps fulvus","0","0","1","0"
"0.36","58","Erithacus rubecula","0","0","1","0"
"0.36","58","Garrulus glandarius","0","0","1","0"
"0.36","58","Cyanistes caeruleus","0","0","1","0"
"0.36","58","Buteo buteo","0","0","1","0"
"0.36","58","Columba livia","0","0","1","0"
"0.36","58","Falco tinnunculus","0","0","1","0"
"0.36","58","Chloris chloris","0","0","1","0"
"0.36","58","Emberiza cirlus","0","0","1","0"
"0.36","58","Troglodytes troglodytes","0","0","1","0"
"0.36","58","Oriolus oriolus","0","0","1","0"
"0.36","58","Periparus ater","0","0","1","0"
"0.36","58","Linaria cannabina","0","0","1","0"
"0.36","58","Ptyonoprogne rupestris","0","0","1","0"
"0.36","58","Ardea cinerea","0","0","1","0"
"0.36","58","Certhia brachydactyla","0","0","1","0"
"0.36","58","Sturnus vulgaris","0","0","1","0"
"0.36","58","Larus michahellis","0","0","1","0"
"0.36","58","Dendrocopos major","0","0","1","0"
"0.36","58","Picus viridis","0","0","1","0"
"0.36","58","Anas platyrhynchos","0","0","1","0"
"0.36","58","Merops apiaster","0","0","1","0"
"0.36","58","Phylloscopus bonelli","0","0","1","0"
"0.36","58","Saxicola rubicola","0","0","1","0"
"0.36","58","Streptopelia turtur","0","0","1","0"
"0.36","58","Sitta europaea","0","0","1","0"
"0.36","58","Hippolais polyglotta","0","0","1","0"
"0.36","58","Aegithalos caudatus","0","0","1","0"
"0.36","58","Upupa epops","0","0","1","0"
"0.36","58","Corvus corax","0","0","1","0"
"0.36","58","Phylloscopus collybita","0","0","1","0"
"0.36","58","Regulus ignicapilla","0","0","1","0"
"0.36","58","Lophophanes cristatus","0","0","1","0"
"0.36","58","Chroicocephalus ridibundus","0","0","1","0"
"0.36","58","Luscinia megarhynchos","1","0","0","0"
"0.36","58","Fulica atra","0","0","1","0"
"0.36","58","Turdus viscivorus","0","0","1","0"
"0.36","58","Turdus philomelos","0","0","1","0"
"0.36","58","Egretta garzetta","0","0","1","0"
"0.36","58","Galerida cristata","0","0","1","0"
"0.36","58","Lanius collurio","0","0","1","0"
"0.36","58","Alauda arvensis","0","0","1","0"
"0.36","58","Pyrrhocorax pyrrhocorax","0","0","1","0"
"0.36","58","Circaetus gallicus","0","0","1","0"
"0.36","58","Phalacrocorax carbo","0","0","1","0"
"0.36","58","Lullula arborea","0","0","1","0"
"0.36","58","Gallinula chloropus","0","0","1","0"
"0.36","58","Cisticola juncidis","0","0","1","0"
"0.36","58","Milvus milvus","0","0","1","0"
"0.36","58","Curruca melanocephala","0","0","1","0"
"0.36","58","Cuculus canorus","0","0","1","0"
"0.36","58","Cettia cetti","0","0","1","0"
"0.36","58","Motacilla cinerea","0","0","1","0"
"0.36","58","Hieraaetus pennatus","0","0","1","0"
"0.36","58","Emberiza calandra","0","0","1","0"
"0.36","58","Carduelis citrinella","0","0","1","0"
"0.36","58","Petronia petronia","0","0","1","0"
"0.36","58","Oenanthe oenanthe","0","0","1","0"
"0.36","58","Bubulcus ibis","0","0","1","0"
"0.36","58","Lanius senator","0","0","1","0"
"0.36","58","Ciconia ciconia","0","0","1","0"
"0.36","58","Picus sharpei","0","0","1","0"
"0.36","58","Muscicapa striata","0","0","1","0"
"0.36","58","Coturnix coturnix","0","0","1","0"
"0.36","58","Acrocephalus scirpaceus","0","0","1","0"
"0.36","58","Curruca communis","0","0","1","0"
"0.36","58","Pernis apivorus","0","0","1","0"
"0.36","58","Circus aeruginosus","0","0","1","0"
"0.36","58","Himantopus himantopus","0","0","1","0"
"0.36","58","Phoenicurus phoenicurus","0","0","1","0"
"0.36","58","Prunella modularis","0","0","1","0"
"0.36","58","Corvus monedula","0","0","1","0"
"0.36","58","Alectoris rufa","0","0","1","0"
"0.36","58","Sterna hirundo","0","0","1","0"
"0.36","58","Podiceps cristatus","0","0","1","0"
"0.36","58","Emberiza citrinella","0","0","1","0"
"0.36","58","Emberiza cia","0","0","1","0"
"0.36","58","Curruca iberiae","0","0","1","0"
"0.36","58","Passer montanus","0","0","1","0"
"0.36","58","Motacilla flava","0","0","1","0"
"0.36","58","Tachybaptus ruficollis","0","0","1","0"
"0.36","58","Sturnus unicolor","0","0","1","0"
"0.36","58","Alcedo atthis","0","0","1","0"
"0.36","58","Anthus trivialis","0","0","1","0"
"0.36","58","Ardea purpurea","0","0","1","0"
"0.36","58","Actitis hypoleucos","0","0","1","0"
"0.36","58","Charadrius dubius","0","0","1","0"
"0.36","58","Pyrrhula pyrrhula","0","0","1","0"
"0.36","58","Apus melba","0","0","1","0"
"0.36","58","Curruca undata","0","0","1","0"
"0.36","58","Tringa ochropus","0","0","1","0"
"0.36","58","Falco subbuteo","0","0","1","0"
"0.36","58","Recurvirostra avosetta","0","0","1","0"
"0.36","58","Vanellus vanellus","0","0","1","0"
"0.36","58","Sylvia borin","0","0","1","0"
"0.36","58","Anthus spinoletta","0","0","1","0"
"0.36","58","Riparia riparia","0","0","1","0"
"0.36","58","Cinclus cinclus","0","0","1","0"
"0.36","58","Anthus campestris","0","0","1","0"
"0.36","58","Poecile palustris","0","0","1","0"
"0.36","58","Tadorna tadorna","0","0","1","0"
"0.36","58","Aythya ferina","0","0","1","0"
"0.36","58","Netta rufina","0","0","1","0"
"0.36","58","Acrocephalus arundinaceus","0","0","1","0"
"0.36","58","Circus pygargus","0","0","1","0"
"0.36","58","Accipiter nisus","0","0","1","0"
"0.36","58","Aquila chrysaetos","0","0","1","0"
"0.36","58","Pyrrhocorax graculus","0","0","1","0"
"0.36","58","Nycticorax nycticorax","0","0","1","0"
"0.36","58","Galerida theklae","0","0","1","0"
"0.36","58","Ardea alba","0","0","1","0"
"0.36","58","Burhinus oedicnemus","0","0","1","0"
"0.36","58","Loxia curvirostra","0","0","1","0"
"0.36","58","Sternula albifrons","0","0","1","0"
"0.36","58","Cygnus olor","0","0","1","0"
"0.36","58","Phoenicopterus roseus","0","0","1","0"
"0.36","58","Coccothraustes coccothraustes","0","0","1","0"
"0.36","58","Columba oenas","0","0","1","0"
"0.36","58","Emberiza schoeniclus","0","0","1","0"
"0.36","58","Rallus aquaticus","0","0","1","0"
"0.36","58","Plegadis falcinellus","0","0","1","0"
"0.36","58","Strix aluco","0","0","1","0"
"0.36","58","Mareca strepera","0","0","1","0"
"0.36","58","Lanius meridionalis","0","0","1","0"
"0.36","58","Cecropis daurica","0","0","1","0"
"0.36","58","Ichthyaetus melanocephalus","0","0","1","0"
"0.36","58","Platalea leucorodia","0","0","1","0"
"0.36","58","Melanocorypha calandra","0","0","1","0"
"0.36","58","Tringa totanus","0","0","1","0"
"0.36","58","Ficedula hypoleuca","0","0","1","0"
"0.36","58","Saxicola rubetra","0","0","1","0"
"0.36","58","Athene noctua","0","0","1","0"
"0.36","58","Coracias garrulus","0","0","1","0"
"0.36","58","Thalasseus sandvicensis","0","0","1","0"
"0.36","58","Regulus regulus","0","0","1","0"
"0.36","58","Spatula clypeata","0","0","1","0"
"0.36","58","Falco naumanni","0","0","1","0"
"0.36","58","Podiceps nigricollis","0","0","1","0"
"0.36","58","Phasianus colchicus","0","0","1","0"
"0.36","58","Chlidonias niger","0","0","1","0"
"0.36","58","Passer hispaniolensis","0","0","1","0"
"0.36","58","Charadrius hiaticula","0","0","1","0"
"0.36","58","Tyto alba","0","0","1","0"
"0.36","58","Limosa limosa","0","0","1","0"
"0.36","58","Psittacula krameri","0","0","1","0"
"0.36","58","Spinus spinus","0","0","1","0"
"0.36","58","Charadrius alexandrinus","0","0","1","0"
"0.36","58","Pandion haliaetus","0","0","1","0"
"0.36","58","Numenius arquata","0","0","1","0"
"0.36","58","Larus fuscus","0","0","1","0"
"0.36","58","Phylloscopus trochilus","0","0","1","0"
"0.36","58","Otus scops","0","0","1","0"
"0.36","58","Jynx torquilla","0","0","1","0"
"0.36","59","Turdus merula","0","0","0","1"
"0.36","59","Apus apus","0","0","1","0"
"0.36","59","Columba palumbus","0","0","1","0"
"0.36","59","Passer domesticus","0","0","1","0"
"0.36","59","Fringilla coelebs","0","0","1","0"
"0.36","59","Hirundo rustica","0","0","1","0"
"0.36","59","Corvus corone","0","0","0","1"
"0.36","59","Sylvia atricapilla","0","0","0","1"
"0.36","59","Carduelis carduelis","0","0","1","0"
"0.36","59","Pica pica","0","0","1","0"
"0.36","59","Delichon urbicum","0","0","1","0"
"0.36","59","Streptopelia decaocto","0","0","1","0"
"0.36","59","Phoenicurus ochruros","0","0","1","0"
"0.36","59","Parus major","0","0","1","0"
"0.36","59","Milvus migrans","0","0","1","0"
"0.36","59","Serinus serinus","0","0","1","0"
"0.36","59","Motacilla alba","0","0","1","0"
"0.36","59","Gyps fulvus","0","0","1","0"
"0.36","59","Erithacus rubecula","0","0","1","0"
"0.36","59","Garrulus glandarius","0","0","1","0"
"0.36","59","Cyanistes caeruleus","0","0","1","0"
"0.36","59","Buteo buteo","0","0","1","0"
"0.36","59","Columba livia","0","0","1","0"
"0.36","59","Falco tinnunculus","0","0","1","0"
"0.36","59","Chloris chloris","0","0","1","0"
"0.36","59","Emberiza cirlus","0","0","1","0"
"0.36","59","Troglodytes troglodytes","0","0","1","0"
"0.36","59","Oriolus oriolus","0","0","0","1"
"0.36","59","Periparus ater","0","0","1","0"
"0.36","59","Linaria cannabina","0","0","1","0"
"0.36","59","Ptyonoprogne rupestris","0","0","1","0"
"0.36","59","Ardea cinerea","0","0","1","0"
"0.36","59","Certhia brachydactyla","0","0","1","0"
"0.36","59","Sturnus vulgaris","0","0","1","0"
"0.36","59","Larus michahellis","0","0","1","0"
"0.36","59","Dendrocopos major","0","0","1","0"
"0.36","59","Picus viridis","0","0","1","0"
"0.36","59","Anas platyrhynchos","0","0","1","0"
"0.36","59","Merops apiaster","0","0","1","0"
"0.36","59","Phylloscopus bonelli","0","0","1","0"
"0.36","59","Saxicola rubicola","0","0","1","0"
"0.36","59","Streptopelia turtur","0","0","0","1"
"0.36","59","Sitta europaea","0","0","1","0"
"0.36","59","Hippolais polyglotta","0","0","1","0"
"0.36","59","Aegithalos caudatus","0","0","1","0"
"0.36","59","Upupa epops","0","0","1","0"
"0.36","59","Corvus corax","0","0","1","0"
"0.36","59","Phylloscopus collybita","0","0","0","1"
"0.36","59","Regulus ignicapilla","0","0","1","0"
"0.36","59","Lophophanes cristatus","0","0","1","0"
"0.36","59","Chroicocephalus ridibundus","0","0","1","0"
"0.36","59","Luscinia megarhynchos","1","0","0","0"
"0.36","59","Fulica atra","0","0","1","0"
"0.36","59","Turdus viscivorus","0","0","1","0"
"0.36","59","Turdus philomelos","0","0","1","0"
"0.36","59","Egretta garzetta","0","0","1","0"
"0.36","59","Galerida cristata","0","0","1","0"
"0.36","59","Lanius collurio","0","0","1","0"
"0.36","59","Alauda arvensis","0","0","1","0"
"0.36","59","Pyrrhocorax pyrrhocorax","0","0","1","0"
"0.36","59","Circaetus gallicus","0","0","1","0"
"0.36","59","Phalacrocorax carbo","0","0","1","0"
"0.36","59","Lullula arborea","0","0","0","1"
"0.36","59","Gallinula chloropus","0","0","1","0"
"0.36","59","Cisticola juncidis","0","0","1","0"
"0.36","59","Milvus milvus","0","0","1","0"
"0.36","59","Curruca melanocephala","0","0","1","0"
"0.36","59","Cuculus canorus","0","0","1","0"
"0.36","59","Cettia cetti","0","0","1","0"
"0.36","59","Motacilla cinerea","0","0","1","0"
"0.36","59","Hieraaetus pennatus","0","0","1","0"
"0.36","59","Emberiza calandra","0","0","1","0"
"0.36","59","Carduelis citrinella","0","0","1","0"
"0.36","59","Petronia petronia","0","0","1","0"
"0.36","59","Oenanthe oenanthe","0","0","1","0"
"0.36","59","Bubulcus ibis","0","0","1","0"
"0.36","59","Lanius senator","0","0","1","0"
"0.36","59","Ciconia ciconia","0","0","1","0"
"0.36","59","Picus sharpei","0","0","1","0"
"0.36","59","Muscicapa striata","0","0","1","0"
"0.36","59","Coturnix coturnix","0","0","1","0"
"0.36","59","Acrocephalus scirpaceus","0","0","1","0"
"0.36","59","Curruca communis","0","0","1","0"
"0.36","59","Pernis apivorus","0","0","1","0"
"0.36","59","Circus aeruginosus","0","0","1","0"
"0.36","59","Himantopus himantopus","0","0","1","0"
"0.36","59","Phoenicurus phoenicurus","0","0","1","0"
"0.36","59","Prunella modularis","0","0","1","0"
"0.36","59","Corvus monedula","0","0","1","0"
"0.36","59","Alectoris rufa","0","0","1","0"
"0.36","59","Sterna hirundo","0","0","1","0"
"0.36","59","Podiceps cristatus","0","0","1","0"
"0.36","59","Emberiza citrinella","0","0","0","1"
"0.36","59","Emberiza cia","0","0","1","0"
"0.36","59","Curruca iberiae","0","0","1","0"
"0.36","59","Passer montanus","0","0","1","0"
"0.36","59","Motacilla flava","0","0","1","0"
"0.36","59","Tachybaptus ruficollis","0","0","1","0"
"0.36","59","Sturnus unicolor","0","0","1","0"
"0.36","59","Alcedo atthis","0","0","1","0"
"0.36","59","Anthus trivialis","0","0","1","0"
"0.36","59","Ardea purpurea","0","0","1","0"
"0.36","59","Actitis hypoleucos","0","0","1","0"
"0.36","59","Charadrius dubius","0","0","1","0"
"0.36","59","Pyrrhula pyrrhula","0","0","1","0"
"0.36","59","Apus melba","0","0","1","0"
"0.36","59","Curruca undata","0","0","1","0"
"0.36","59","Tringa ochropus","0","0","1","0"
"0.36","59","Falco subbuteo","0","0","1","0"
"0.36","59","Recurvirostra avosetta","0","0","1","0"
"0.36","59","Vanellus vanellus","0","0","1","0"
"0.36","59","Sylvia borin","0","0","1","0"
"0.36","59","Anthus spinoletta","0","0","1","0"
"0.36","59","Riparia riparia","0","0","1","0"
"0.36","59","Cinclus cinclus","0","0","1","0"
"0.36","59","Anthus campestris","0","0","1","0"
"0.36","59","Poecile palustris","0","0","1","0"
"0.36","59","Tadorna tadorna","0","0","1","0"
"0.36","59","Aythya ferina","0","0","1","0"
"0.36","59","Netta rufina","0","0","1","0"
"0.36","59","Acrocephalus arundinaceus","0","0","1","0"
"0.36","59","Circus pygargus","0","0","1","0"
"0.36","59","Accipiter nisus","0","0","1","0"
"0.36","59","Aquila chrysaetos","0","0","1","0"
"0.36","59","Pyrrhocorax graculus","0","0","1","0"
"0.36","59","Nycticorax nycticorax","0","0","1","0"
"0.36","59","Galerida theklae","0","0","1","0"
"0.36","59","Ardea alba","0","0","1","0"
"0.36","59","Burhinus oedicnemus","0","0","1","0"
"0.36","59","Loxia curvirostra","0","0","1","0"
"0.36","59","Sternula albifrons","0","0","1","0"
"0.36","59","Cygnus olor","0","0","1","0"
"0.36","59","Phoenicopterus roseus","0","0","1","0"
"0.36","59","Coccothraustes coccothraustes","0","0","1","0"
"0.36","59","Columba oenas","0","0","1","0"
"0.36","59","Emberiza schoeniclus","0","0","1","0"
"0.36","59","Rallus aquaticus","0","0","1","0"
"0.36","59","Plegadis falcinellus","0","0","1","0"
"0.36","59","Strix aluco","0","0","1","0"
"0.36","59","Mareca strepera","0","0","1","0"
"0.36","59","Lanius meridionalis","0","0","1","0"
"0.36","59","Cecropis daurica","0","0","1","0"
"0.36","59","Ichthyaetus melanocephalus","0","0","1","0"
"0.36","59","Platalea leucorodia","0","0","1","0"
"0.36","59","Melanocorypha calandra","0","0","1","0"
"0.36","59","Tringa totanus","0","0","1","0"
"0.36","59","Ficedula hypoleuca","0","0","1","0"
"0.36","59","Saxicola rubetra","0","0","1","0"
"0.36","59","Athene noctua","0","0","1","0"
"0.36","59","Coracias garrulus","0","0","1","0"
"0.36","59","Thalasseus sandvicensis","0","0","1","0"
"0.36","59","Regulus regulus","0","0","1","0"
"0.36","59","Spatula clypeata","0","0","1","0"
"0.36","59","Falco naumanni","0","0","1","0"
"0.36","59","Podiceps nigricollis","0","0","1","0"
"0.36","59","Phasianus colchicus","0","0","0","1"
"0.36","59","Chlidonias niger","0","0","1","0"
"0.36","59","Passer hispaniolensis","0","0","1","0"
"0.36","59","Charadrius hiaticula","0","0","1","0"
"0.36","59","Tyto alba","0","0","1","0"
"0.36","59","Limosa limosa","0","0","1","0"
"0.36","59","Psittacula krameri","0","0","1","0"
"0.36","59","Spinus spinus","0","0","1","0"
"0.36","59","Charadrius alexandrinus","0","0","1","0"
"0.36","59","Pandion haliaetus","0","0","1","0"
"0.36","59","Numenius arquata","0","0","1","0"
"0.36","59","Larus fuscus","0","0","1","0"
"0.36","59","Phylloscopus trochilus","0","0","1","0"
"0.36","59","Otus scops","0","0","1","0"
"0.36","59","Jynx torquilla","0","0","1","0"
"0.36","60","Turdus merula","0","0","1","0"
"0.36","60","Apus apus","0","0","1","0"
"0.36","60","Columba palumbus","0","0","1","0"
"0.36","60","Passer domesticus","0","0","1","0"
"0.36","60","Fringilla coelebs","0","0","1","0"
"0.36","60","Hirundo rustica","0","0","1","0"
"0.36","60","Corvus corone","0","0","1","0"
"0.36","60","Sylvia atricapilla","0","0","1","0"
"0.36","60","Carduelis carduelis","0","0","1","0"
"0.36","60","Pica pica","0","0","1","0"
"0.36","60","Delichon urbicum","0","0","1","0"
"0.36","60","Streptopelia decaocto","0","0","1","0"
"0.36","60","Phoenicurus ochruros","0","0","1","0"
"0.36","60","Parus major","0","0","1","0"
"0.36","60","Milvus migrans","0","0","1","0"
"0.36","60","Serinus serinus","0","0","1","0"
"0.36","60","Motacilla alba","0","0","1","0"
"0.36","60","Gyps fulvus","0","0","1","0"
"0.36","60","Erithacus rubecula","0","0","1","0"
"0.36","60","Garrulus glandarius","0","0","1","0"
"0.36","60","Cyanistes caeruleus","0","0","1","0"
"0.36","60","Buteo buteo","0","0","1","0"
"0.36","60","Columba livia","0","0","1","0"
"0.36","60","Falco tinnunculus","0","0","1","0"
"0.36","60","Chloris chloris","0","0","1","0"
"0.36","60","Emberiza cirlus","0","0","1","0"
"0.36","60","Troglodytes troglodytes","0","0","1","0"
"0.36","60","Oriolus oriolus","0","0","1","0"
"0.36","60","Periparus ater","0","0","1","0"
"0.36","60","Linaria cannabina","0","0","1","0"
"0.36","60","Ptyonoprogne rupestris","0","0","1","0"
"0.36","60","Ardea cinerea","0","0","1","0"
"0.36","60","Certhia brachydactyla","0","0","1","0"
"0.36","60","Sturnus vulgaris","0","0","1","0"
"0.36","60","Larus michahellis","0","0","1","0"
"0.36","60","Dendrocopos major","0","0","1","0"
"0.36","60","Picus viridis","0","0","1","0"
"0.36","60","Anas platyrhynchos","0","0","1","0"
"0.36","60","Merops apiaster","0","0","1","0"
"0.36","60","Phylloscopus bonelli","0","0","1","0"
"0.36","60","Saxicola rubicola","0","0","1","0"
"0.36","60","Streptopelia turtur","0","0","1","0"
"0.36","60","Sitta europaea","0","0","1","0"
"0.36","60","Hippolais polyglotta","0","0","1","0"
"0.36","60","Aegithalos caudatus","0","0","1","0"
"0.36","60","Upupa epops","0","0","1","0"
"0.36","60","Corvus corax","0","0","1","0"
"0.36","60","Phylloscopus collybita","0","0","1","0"
"0.36","60","Regulus ignicapilla","0","0","1","0"
"0.36","60","Lophophanes cristatus","0","0","1","0"
"0.36","60","Chroicocephalus ridibundus","0","0","1","0"
"0.36","60","Luscinia megarhynchos","0","0","0","1"
"0.36","60","Fulica atra","0","0","1","0"
"0.36","60","Turdus viscivorus","0","0","1","0"
"0.36","60","Turdus philomelos","0","0","1","0"
"0.36","60","Egretta garzetta","0","0","1","0"
"0.36","60","Galerida cristata","0","0","1","0"
"0.36","60","Lanius collurio","0","0","1","0"
"0.36","60","Alauda arvensis","0","0","1","0"
"0.36","60","Pyrrhocorax pyrrhocorax","0","0","1","0"
"0.36","60","Circaetus gallicus","0","0","1","0"
"0.36","60","Phalacrocorax carbo","0","0","1","0"
"0.36","60","Lullula arborea","0","0","1","0"
"0.36","60","Gallinula chloropus","0","0","1","0"
"0.36","60","Cisticola juncidis","0","0","1","0"
"0.36","60","Milvus milvus","0","0","1","0"
"0.36","60","Curruca melanocephala","0","0","1","0"
"0.36","60","Cuculus canorus","0","0","1","0"
"0.36","60","Cettia cetti","0","0","1","0"
"0.36","60","Motacilla cinerea","0","0","1","0"
"0.36","60","Hieraaetus pennatus","0","0","1","0"
"0.36","60","Emberiza calandra","0","0","1","0"
"0.36","60","Carduelis citrinella","0","0","1","0"
"0.36","60","Petronia petronia","0","0","1","0"
"0.36","60","Oenanthe oenanthe","0","0","1","0"
"0.36","60","Bubulcus ibis","0","0","1","0"
"0.36","60","Lanius senator","0","0","1","0"
"0.36","60","Ciconia ciconia","0","0","1","0"
"0.36","60","Picus sharpei","0","0","1","0"
"0.36","60","Muscicapa striata","0","0","1","0"
"0.36","60","Coturnix coturnix","0","0","1","0"
"0.36","60","Acrocephalus scirpaceus","0","0","1","0"
"0.36","60","Curruca communis","0","0","1","0"
"0.36","60","Pernis apivorus","0","0","1","0"
"0.36","60","Circus aeruginosus","0","0","1","0"
"0.36","60","Himantopus himantopus","0","0","1","0"
"0.36","60","Phoenicurus phoenicurus","0","0","1","0"
"0.36","60","Prunella modularis","0","0","1","0"
"0.36","60","Corvus monedula","0","0","1","0"
"0.36","60","Alectoris rufa","0","0","1","0"
"0.36","60","Sterna hirundo","0","0","1","0"
"0.36","60","Podiceps cristatus","0","0","1","0"
"0.36","60","Emberiza citrinella","0","0","1","0"
"0.36","60","Emberiza cia","0","0","1","0"
"0.36","60","Curruca iberiae","0","0","1","0"
"0.36","60","Passer montanus","0","0","1","0"
"0.36","60","Motacilla flava","0","0","1","0"
"0.36","60","Tachybaptus ruficollis","0","0","1","0"
"0.36","60","Sturnus unicolor","0","0","1","0"
"0.36","60","Alcedo atthis","0","0","1","0"
"0.36","60","Anthus trivialis","0","0","1","0"
"0.36","60","Ardea purpurea","0","0","1","0"
"0.36","60","Actitis hypoleucos","0","0","1","0"
"0.36","60","Charadrius dubius","0","0","1","0"
"0.36","60","Pyrrhula pyrrhula","0","0","1","0"
"0.36","60","Apus melba","0","0","1","0"
"0.36","60","Curruca undata","0","0","1","0"
"0.36","60","Tringa ochropus","0","0","1","0"
"0.36","60","Falco subbuteo","0","0","1","0"
"0.36","60","Recurvirostra avosetta","0","0","1","0"
"0.36","60","Vanellus vanellus","0","0","1","0"
"0.36","60","Sylvia borin","0","0","1","0"
"0.36","60","Anthus spinoletta","0","0","1","0"
"0.36","60","Riparia riparia","0","0","1","0"
"0.36","60","Cinclus cinclus","0","0","1","0"
"0.36","60","Anthus campestris","0","0","1","0"
"0.36","60","Poecile palustris","0","0","1","0"
"0.36","60","Tadorna tadorna","0","0","1","0"
"0.36","60","Aythya ferina","0","0","1","0"
"0.36","60","Netta rufina","0","0","1","0"
"0.36","60","Acrocephalus arundinaceus","0","0","1","0"
"0.36","60","Circus pygargus","0","0","1","0"
"0.36","60","Accipiter nisus","0","0","1","0"
"0.36","60","Aquila chrysaetos","0","0","1","0"
"0.36","60","Pyrrhocorax graculus","0","0","1","0"
"0.36","60","Nycticorax nycticorax","0","0","1","0"
"0.36","60","Galerida theklae","0","0","1","0"
"0.36","60","Ardea alba","0","0","1","0"
"0.36","60","Burhinus oedicnemus","0","0","1","0"
"0.36","60","Loxia curvirostra","0","0","1","0"
"0.36","60","Sternula albifrons","0","0","1","0"
"0.36","60","Cygnus olor","0","0","1","0"
"0.36","60","Phoenicopterus roseus","0","0","1","0"
"0.36","60","Coccothraustes coccothraustes","0","0","1","0"
"0.36","60","Columba oenas","0","0","1","0"
"0.36","60","Emberiza schoeniclus","0","0","1","0"
"0.36","60","Rallus aquaticus","0","0","1","0"
"0.36","60","Plegadis falcinellus","0","0","1","0"
"0.36","60","Strix aluco","0","0","1","0"
"0.36","60","Mareca strepera","0","0","1","0"
"0.36","60","Lanius meridionalis","0","0","1","0"
"0.36","60","Cecropis daurica","0","0","1","0"
"0.36","60","Ichthyaetus melanocephalus","0","0","1","0"
"0.36","60","Platalea leucorodia","0","0","1","0"
"0.36","60","Melanocorypha calandra","0","0","1","0"
"0.36","60","Tringa totanus","0","0","1","0"
"0.36","60","Ficedula hypoleuca","0","0","1","0"
"0.36","60","Saxicola rubetra","0","0","1","0"
"0.36","60","Athene noctua","0","0","1","0"
"0.36","60","Coracias garrulus","0","0","1","0"
"0.36","60","Thalasseus sandvicensis","0","0","1","0"
"0.36","60","Regulus regulus","0","0","1","0"
"0.36","60","Spatula clypeata","0","0","1","0"
"0.36","60","Falco naumanni","0","0","1","0"
"0.36","60","Podiceps nigricollis","0","0","1","0"
"0.36","60","Phasianus colchicus","0","0","1","0"
"0.36","60","Chlidonias niger","0","0","1","0"
"0.36","60","Passer hispaniolensis","0","0","1","0"
"0.36","60","Charadrius hiaticula","0","0","1","0"
"0.36","60","Tyto alba","0","0","1","0"
"0.36","60","Limosa limosa","0","0","1","0"
"0.36","60","Psittacula krameri","0","0","1","0"
"0.36","60","Spinus spinus","0","0","1","0"
"0.36","60","Charadrius alexandrinus","0","0","1","0"
"0.36","60","Pandion haliaetus","0","0","1","0"
"0.36","60","Numenius arquata","0","0","1","0"
"0.36","60","Larus fuscus","0","0","1","0"
"0.36","60","Phylloscopus trochilus","0","0","1","0"
"0.36","60","Otus scops","0","0","1","0"
"0.36","60","Jynx torquilla","0","0","1","0"
"0.36","61","Turdus merula","0","0","1","0"
"0.36","61","Apus apus","0","0","1","0"
"0.36","61","Fringilla coelebs","0","0","1","0"
"0.36","61","Columba palumbus","0","0","1","0"
"0.36","61","Passer domesticus","0","0","1","0"
"0.36","61","Hirundo rustica","0","0","1","0"
"0.36","61","Sylvia atricapilla","0","0","1","0"
"0.36","61","Corvus corone","0","0","1","0"
"0.36","61","Pica pica","0","0","1","0"
"0.36","61","Carduelis carduelis","0","0","1","0"
"0.36","61","Serinus serinus","0","0","1","0"
"0.36","61","Streptopelia decaocto","0","0","1","0"
"0.36","61","Delichon urbicum","0","0","1","0"
"0.36","61","Milvus migrans","0","0","1","0"
"0.36","61","Parus major","0","0","1","0"
"0.36","61","Phoenicurus ochruros","0","0","1","0"
"0.36","61","Motacilla alba","0","0","1","0"
"0.36","61","Erithacus rubecula","0","0","1","0"
"0.36","61","Gyps fulvus","0","0","1","0"
"0.36","61","Garrulus glandarius","0","0","1","0"
"0.36","61","Cyanistes caeruleus","0","0","1","0"
"0.36","61","Chloris chloris","0","0","1","0"
"0.36","61","Emberiza cirlus","0","0","1","0"
"0.36","61","Troglodytes troglodytes","0","0","1","0"
"0.36","61","Columba livia","0","0","1","0"
"0.36","61","Oriolus oriolus","0","0","1","0"
"0.36","61","Buteo buteo","0","0","1","0"
"0.36","61","Falco tinnunculus","0","0","1","0"
"0.36","61","Luscinia megarhynchos","0","0","0","1"
"0.36","61","Linaria cannabina","0","0","1","0"
"0.36","61","Periparus ater","0","0","1","0"
"0.36","61","Sturnus vulgaris","0","0","1","0"
"0.36","61","Phylloscopus bonelli","0","0","1","0"
"0.36","61","Cuculus canorus","0","0","1","0"
"0.36","61","Ptyonoprogne rupestris","0","0","1","0"
"0.36","61","Larus michahellis","0","0","1","0"
"0.36","61","Certhia brachydactyla","0","0","1","0"
"0.36","61","Merops apiaster","0","0","1","0"
"0.36","61","Hippolais polyglotta","0","0","1","0"
"0.36","61","Picus viridis","0","0","1","0"
"0.36","61","Anas platyrhynchos","0","0","1","0"
"0.36","61","Dendrocopos major","0","0","1","0"
"0.36","61","Ardea cinerea","0","0","1","0"
"0.36","61","Saxicola rubicola","0","0","1","0"
"0.36","61","Streptopelia turtur","0","0","1","0"
"0.36","61","Upupa epops","0","0","1","0"
"0.36","61","Regulus ignicapilla","0","0","1","0"
"0.36","61","Aegithalos caudatus","0","0","1","0"
"0.36","61","Corvus corax","0","0","1","0"
"0.36","61","Emberiza calandra","0","0","1","0"
"0.36","61","Turdus philomelos","0","0","1","0"
"0.36","61","Sitta europaea","0","0","1","0"
"0.36","61","Turdus viscivorus","0","0","1","0"
"0.36","61","Alauda arvensis","0","0","1","0"
"0.36","61","Phylloscopus collybita","0","0","1","0"
"0.36","61","Lullula arborea","0","0","1","0"
"0.36","61","Galerida cristata","0","0","1","0"
"0.36","61","Pyrrhocorax pyrrhocorax","0","0","1","0"
"0.36","61","Lophophanes cristatus","0","0","1","0"
"0.36","61","Petronia petronia","0","0","1","0"
"0.36","61","Fulica atra","0","0","1","0"
"0.36","61","Cettia cetti","0","0","1","0"
"0.36","61","Lanius collurio","0","0","1","0"
"0.36","61","Egretta garzetta","0","0","1","0"
"0.36","61","Cisticola juncidis","0","0","1","0"
"0.36","61","Curruca melanocephala","0","0","1","0"
"0.36","61","Circaetus gallicus","0","0","1","0"
"0.36","61","Carduelis citrinella","0","0","1","0"
"0.36","61","Phalacrocorax carbo","0","0","1","0"
"0.36","61","Chroicocephalus ridibundus","0","0","1","0"
"0.36","61","Milvus milvus","0","0","1","0"
"0.36","61","Gallinula chloropus","0","0","1","0"
"0.36","61","Hieraaetus pennatus","0","0","1","0"
"0.36","61","Curruca communis","0","0","1","0"
"0.36","61","Oenanthe oenanthe","0","0","1","0"
"0.36","61","Ciconia ciconia","0","0","1","0"
"0.36","61","Picus sharpei","0","0","1","0"
"0.36","61","Motacilla cinerea","0","0","1","0"
"0.36","61","Phoenicurus phoenicurus","0","0","1","0"
"0.36","61","Lanius senator","0","0","1","0"
"0.36","61","Corvus monedula","0","0","1","0"
"0.36","61","Coturnix coturnix","0","0","1","0"
"0.36","61","Bubulcus ibis","0","0","1","0"
"0.36","61","Acrocephalus scirpaceus","0","0","1","0"
"0.36","61","Prunella modularis","0","0","1","0"
"0.36","61","Himantopus himantopus","0","0","1","0"
"0.36","61","Alectoris rufa","0","0","1","0"
"0.36","61","Emberiza citrinella","0","0","1","0"
"0.36","61","Emberiza cia","0","0","1","0"
"0.36","61","Curruca iberiae","0","0","1","0"
"0.36","61","Circus aeruginosus","0","0","1","0"
"0.36","61","Muscicapa striata","0","0","1","0"
"0.36","61","Pernis apivorus","0","0","1","0"
"0.36","61","Sturnus unicolor","0","0","1","0"
"0.36","61","Sterna hirundo","0","0","1","0"
"0.36","61","Motacilla flava","0","0","1","0"
"0.36","61","Passer montanus","0","0","1","0"
"0.36","61","Podiceps cristatus","0","0","1","0"
"0.36","61","Acrocephalus arundinaceus","0","0","1","0"
"0.36","61","Anthus trivialis","0","0","1","0"
"0.36","61","Ardea purpurea","0","0","1","0"
"0.36","61","Sylvia borin","0","0","1","0"
"0.36","61","Tachybaptus ruficollis","0","0","1","0"
"0.36","61","Curruca undata","0","0","1","0"
"0.36","61","Charadrius dubius","0","0","1","0"
"0.36","61","Falco subbuteo","0","0","1","0"
"0.36","61","Apus melba","0","0","1","0"
"0.36","61","Pyrrhula pyrrhula","0","0","1","0"
"0.36","61","Recurvirostra avosetta","0","0","1","0"
"0.36","61","Anthus campestris","0","0","1","0"
"0.36","61","Tadorna tadorna","0","0","1","0"
"0.36","61","Riparia riparia","0","0","1","0"
"0.36","61","Netta rufina","0","0","1","0"
"0.36","61","Circus pygargus","0","0","1","0"
"0.36","61","Cinclus cinclus","0","0","1","0"
"0.36","61","Galerida theklae","0","0","1","0"
"0.36","61","Alcedo atthis","0","0","1","0"
"0.36","61","Poecile palustris","0","0","1","0"
"0.36","61","Aquila chrysaetos","0","0","1","0"
"0.36","61","Actitis hypoleucos","0","0","1","0"
"0.36","61","Aythya ferina","0","0","1","0"
"0.36","61","Pyrrhocorax graculus","0","0","1","0"
"0.36","61","Anthus spinoletta","0","0","1","0"
"0.36","61","Sternula albifrons","0","0","1","0"
"0.36","61","Burhinus oedicnemus","0","0","1","0"
"0.36","61","Vanellus vanellus","0","0","1","0"
"0.36","61","Accipiter nisus","0","0","1","0"
"0.36","61","Nycticorax nycticorax","0","0","1","0"
"0.36","61","Coccothraustes coccothraustes","0","0","1","0"
"0.36","61","Tringa ochropus","0","0","1","0"
"0.36","61","Melanocorypha calandra","0","0","1","0"
"0.36","61","Loxia curvirostra","0","0","1","0"
"0.36","61","Cygnus olor","0","0","1","0"
"0.36","61","Emberiza schoeniclus","0","0","1","0"
"0.36","61","Phoenicopterus roseus","0","0","1","0"
"0.36","61","Phasianus colchicus","0","0","1","0"
"0.36","61","Mareca strepera","0","0","1","0"
"0.36","61","Columba oenas","0","0","1","0"
"0.36","61","Strix aluco","0","0","1","0"
"0.36","61","Ardea alba","0","0","1","0"
"0.36","61","Saxicola rubetra","0","0","1","0"
"0.36","61","Plegadis falcinellus","0","0","1","0"
"0.36","61","Ichthyaetus melanocephalus","0","0","1","0"
"0.36","61","Tringa totanus","0","0","1","0"
"0.36","61","Coracias garrulus","0","0","1","0"
"0.36","61","Regulus regulus","0","0","1","0"
"0.36","61","Cecropis daurica","0","0","1","0"
"0.36","61","Rallus aquaticus","0","0","1","0"
"0.36","61","Athene noctua","0","0","1","0"
"0.36","61","Lanius meridionalis","0","0","1","0"
"0.36","61","Passer hispaniolensis","0","0","1","0"
"0.36","61","Falco naumanni","0","0","1","0"
"0.36","61","Platalea leucorodia","0","0","1","0"
"0.36","61","Psittacula krameri","0","0","1","0"
"0.36","61","Chlidonias niger","0","0","1","0"
"0.36","61","Phylloscopus ibericus","0","0","1","0"
"0.36","61","Podiceps nigricollis","0","0","1","0"
"0.36","61","Thalasseus sandvicensis","0","0","1","0"
"0.36","61","Spatula clypeata","0","0","1","0"
"0.36","61","Otus scops","0","0","0","1"
"0.36","61","Jynx torquilla","0","0","1","0"
"0.36","62","Turdus merula","0","0","0","1"
"0.36","62","Apus apus","0","0","1","0"
"0.36","62","Fringilla coelebs","0","0","1","0"
"0.36","62","Columba palumbus","0","0","1","0"
"0.36","62","Passer domesticus","0","0","0","1"
"0.36","62","Hirundo rustica","0","0","1","0"
"0.36","62","Sylvia atricapilla","0","0","0","1"
"0.36","62","Corvus corone","0","0","0","1"
"0.36","62","Pica pica","0","0","0","1"
"0.36","62","Carduelis carduelis","0","0","1","0"
"0.36","62","Serinus serinus","0","0","1","0"
"0.36","62","Streptopelia decaocto","0","0","1","0"
"0.36","62","Delichon urbicum","0","0","1","0"
"0.36","62","Milvus migrans","0","0","1","0"
"0.36","62","Parus major","0","0","1","0"
"0.36","62","Phoenicurus ochruros","0","0","1","0"
"0.36","62","Motacilla alba","0","0","1","0"
"0.36","62","Erithacus rubecula","0","0","1","0"
"0.36","62","Gyps fulvus","0","0","1","0"
"0.36","62","Garrulus glandarius","0","0","1","0"
"0.36","62","Cyanistes caeruleus","0","0","1","0"
"0.36","62","Chloris chloris","0","0","1","0"
"0.36","62","Emberiza cirlus","0","0","1","0"
"0.36","62","Troglodytes troglodytes","0","0","1","0"
"0.36","62","Columba livia","0","0","1","0"
"0.36","62","Oriolus oriolus","0","0","1","0"
"0.36","62","Buteo buteo","0","0","1","0"
"0.36","62","Falco tinnunculus","0","0","1","0"
"0.36","62","Luscinia megarhynchos","0","0","0","1"
"0.36","62","Linaria cannabina","0","0","1","0"
"0.36","62","Periparus ater","0","0","1","0"
"0.36","62","Sturnus vulgaris","0","0","1","0"
"0.36","62","Phylloscopus bonelli","0","0","1","0"
"0.36","62","Cuculus canorus","0","0","1","0"
"0.36","62","Ptyonoprogne rupestris","0","0","1","0"
"0.36","62","Larus michahellis","0","0","1","0"
"0.36","62","Certhia brachydactyla","0","0","1","0"
"0.36","62","Merops apiaster","0","0","1","0"
"0.36","62","Hippolais polyglotta","0","0","1","0"
"0.36","62","Picus viridis","0","0","1","0"
"0.36","62","Anas platyrhynchos","0","0","1","0"
"0.36","62","Dendrocopos major","0","0","1","0"
"0.36","62","Ardea cinerea","0","0","1","0"
"0.36","62","Saxicola rubicola","0","0","1","0"
"0.36","62","Streptopelia turtur","0","0","1","0"
"0.36","62","Upupa epops","0","0","1","0"
"0.36","62","Regulus ignicapilla","0","0","1","0"
"0.36","62","Aegithalos caudatus","0","0","1","0"
"0.36","62","Corvus corax","0","0","1","0"
"0.36","62","Emberiza calandra","0","0","0","1"
"0.36","62","Turdus philomelos","0","0","1","0"
"0.36","62","Sitta europaea","0","0","1","0"
"0.36","62","Turdus viscivorus","0","0","1","0"
"0.36","62","Alauda arvensis","0","0","0","1"
"0.36","62","Phylloscopus collybita","0","0","1","0"
"0.36","62","Lullula arborea","0","0","1","0"
"0.36","62","Galerida cristata","0","0","1","0"
"0.36","62","Pyrrhocorax pyrrhocorax","0","0","1","0"
"0.36","62","Lophophanes cristatus","0","0","1","0"
"0.36","62","Petronia petronia","0","0","1","0"
"0.36","62","Fulica atra","0","0","1","0"
"0.36","62","Cettia cetti","0","0","1","0"
"0.36","62","Lanius collurio","0","0","1","0"
"0.36","62","Egretta garzetta","0","0","1","0"
"0.36","62","Cisticola juncidis","0","0","1","0"
"0.36","62","Curruca melanocephala","0","0","1","0"
"0.36","62","Circaetus gallicus","0","0","1","0"
"0.36","62","Carduelis citrinella","0","0","1","0"
"0.36","62","Phalacrocorax carbo","0","0","1","0"
"0.36","62","Chroicocephalus ridibundus","0","0","1","0"
"0.36","62","Milvus milvus","0","0","1","0"
"0.36","62","Gallinula chloropus","0","0","1","0"
"0.36","62","Hieraaetus pennatus","0","0","1","0"
"0.36","62","Curruca communis","0","0","0","1"
"0.36","62","Oenanthe oenanthe","0","0","1","0"
"0.36","62","Ciconia ciconia","0","0","1","0"
"0.36","62","Picus sharpei","0","0","1","0"
"0.36","62","Motacilla cinerea","0","0","1","0"
"0.36","62","Phoenicurus phoenicurus","0","0","1","0"
"0.36","62","Lanius senator","0","0","1","0"
"0.36","62","Corvus monedula","0","0","1","0"
"0.36","62","Coturnix coturnix","0","0","1","0"
"0.36","62","Bubulcus ibis","0","0","1","0"
"0.36","62","Acrocephalus scirpaceus","0","0","1","0"
"0.36","62","Prunella modularis","0","0","1","0"
"0.36","62","Himantopus himantopus","0","0","1","0"
"0.36","62","Alectoris rufa","0","0","0","1"
"0.36","62","Emberiza citrinella","0","0","1","0"
"0.36","62","Emberiza cia","0","0","1","0"
"0.36","62","Curruca iberiae","0","0","1","0"
"0.36","62","Circus aeruginosus","0","0","1","0"
"0.36","62","Muscicapa striata","0","0","1","0"
"0.36","62","Pernis apivorus","0","0","1","0"
"0.36","62","Sturnus unicolor","0","0","1","0"
"0.36","62","Sterna hirundo","0","0","1","0"
"0.36","62","Motacilla flava","0","0","1","0"
"0.36","62","Passer montanus","0","0","1","0"
"0.36","62","Podiceps cristatus","0","0","1","0"
"0.36","62","Acrocephalus arundinaceus","0","0","1","0"
"0.36","62","Anthus trivialis","0","0","1","0"
"0.36","62","Ardea purpurea","0","0","1","0"
"0.36","62","Sylvia borin","0","0","1","0"
"0.36","62","Tachybaptus ruficollis","0","0","1","0"
"0.36","62","Curruca undata","0","0","1","0"
"0.36","62","Charadrius dubius","0","0","1","0"
"0.36","62","Falco subbuteo","0","0","1","0"
"0.36","62","Apus melba","0","0","1","0"
"0.36","62","Pyrrhula pyrrhula","0","0","1","0"
"0.36","62","Recurvirostra avosetta","0","0","1","0"
"0.36","62","Anthus campestris","0","0","1","0"
"0.36","62","Tadorna tadorna","0","0","1","0"
"0.36","62","Riparia riparia","0","0","1","0"
"0.36","62","Netta rufina","0","0","1","0"
"0.36","62","Circus pygargus","0","0","1","0"
"0.36","62","Cinclus cinclus","0","0","1","0"
"0.36","62","Galerida theklae","0","0","1","0"
"0.36","62","Alcedo atthis","0","0","1","0"
"0.36","62","Poecile palustris","0","0","1","0"
"0.36","62","Aquila chrysaetos","0","0","1","0"
"0.36","62","Actitis hypoleucos","0","0","1","0"
"0.36","62","Aythya ferina","0","0","1","0"
"0.36","62","Pyrrhocorax graculus","0","0","1","0"
"0.36","62","Anthus spinoletta","0","0","1","0"
"0.36","62","Sternula albifrons","0","0","1","0"
"0.36","62","Burhinus oedicnemus","0","0","1","0"
"0.36","62","Vanellus vanellus","0","0","1","0"
"0.36","62","Accipiter nisus","0","0","1","0"
"0.36","62","Nycticorax nycticorax","0","0","1","0"
"0.36","62","Coccothraustes coccothraustes","0","0","1","0"
"0.36","62","Tringa ochropus","0","0","1","0"
"0.36","62","Melanocorypha calandra","0","0","1","0"
"0.36","62","Loxia curvirostra","0","0","1","0"
"0.36","62","Cygnus olor","0","0","1","0"
"0.36","62","Emberiza schoeniclus","0","0","1","0"
"0.36","62","Phoenicopterus roseus","0","0","1","0"
"0.36","62","Phasianus colchicus","0","0","1","0"
"0.36","62","Mareca strepera","0","0","1","0"
"0.36","62","Columba oenas","0","0","1","0"
"0.36","62","Strix aluco","0","0","1","0"
"0.36","62","Ardea alba","0","0","1","0"
"0.36","62","Saxicola rubetra","0","0","1","0"
"0.36","62","Plegadis falcinellus","0","0","1","0"
"0.36","62","Ichthyaetus melanocephalus","0","0","1","0"
"0.36","62","Tringa totanus","0","0","1","0"
"0.36","62","Coracias garrulus","0","0","1","0"
"0.36","62","Regulus regulus","0","0","1","0"
"0.36","62","Cecropis daurica","0","0","1","0"
"0.36","62","Rallus aquaticus","0","0","1","0"
"0.36","62","Athene noctua","0","0","1","0"
"0.36","62","Lanius meridionalis","0","0","1","0"
"0.36","62","Passer hispaniolensis","0","0","1","0"
"0.36","62","Falco naumanni","0","0","1","0"
"0.36","62","Platalea leucorodia","0","0","1","0"
"0.36","62","Psittacula krameri","0","0","1","0"
"0.36","62","Chlidonias niger","0","0","1","0"
"0.36","62","Phylloscopus ibericus","0","0","1","0"
"0.36","62","Podiceps nigricollis","0","0","1","0"
"0.36","62","Thalasseus sandvicensis","0","0","1","0"
"0.36","62","Spatula clypeata","0","0","1","0"
"0.36","62","Otus scops","0","0","1","0"
"0.36","62","Jynx torquilla","0","0","1","0"
"0.36","63","Turdus merula","0","0","0","1"
"0.36","63","Apus apus","0","0","1","0"
"0.36","63","Fringilla coelebs","0","0","1","0"
"0.36","63","Columba palumbus","0","0","1","0"
"0.36","63","Passer domesticus","0","0","0","1"
"0.36","63","Hirundo rustica","0","0","1","0"
"0.36","63","Sylvia atricapilla","0","0","0","1"
"0.36","63","Corvus corone","0","0","1","0"
"0.36","63","Pica pica","0","0","1","0"
"0.36","63","Carduelis carduelis","0","0","1","0"
"0.36","63","Serinus serinus","0","0","1","0"
"0.36","63","Streptopelia decaocto","0","0","1","0"
"0.36","63","Delichon urbicum","0","0","1","0"
"0.36","63","Milvus migrans","0","0","1","0"
"0.36","63","Parus major","0","0","1","0"
"0.36","63","Phoenicurus ochruros","0","0","1","0"
"0.36","63","Motacilla alba","0","0","1","0"
"0.36","63","Erithacus rubecula","0","0","1","0"
"0.36","63","Gyps fulvus","0","0","1","0"
"0.36","63","Garrulus glandarius","0","0","1","0"
"0.36","63","Cyanistes caeruleus","0","0","1","0"
"0.36","63","Chloris chloris","0","0","1","0"
"0.36","63","Emberiza cirlus","0","0","1","0"
"0.36","63","Troglodytes troglodytes","0","0","1","0"
"0.36","63","Columba livia","0","0","1","0"
"0.36","63","Oriolus oriolus","0","0","1","0"
"0.36","63","Buteo buteo","0","0","1","0"
"0.36","63","Falco tinnunculus","0","0","1","0"
"0.36","63","Luscinia megarhynchos","0","0","1","0"
"0.36","63","Linaria cannabina","0","0","1","0"
"0.36","63","Periparus ater","0","0","1","0"
"0.36","63","Sturnus vulgaris","0","0","1","0"
"0.36","63","Phylloscopus bonelli","0","0","1","0"
"0.36","63","Cuculus canorus","0","0","1","0"
"0.36","63","Ptyonoprogne rupestris","0","0","1","0"
"0.36","63","Larus michahellis","0","0","1","0"
"0.36","63","Certhia brachydactyla","0","0","1","0"
"0.36","63","Merops apiaster","0","0","1","0"
"0.36","63","Hippolais polyglotta","0","0","1","0"
"0.36","63","Picus viridis","0","0","1","0"
"0.36","63","Anas platyrhynchos","0","0","1","0"
"0.36","63","Dendrocopos major","0","0","1","0"
"0.36","63","Ardea cinerea","0","0","1","0"
"0.36","63","Saxicola rubicola","0","0","1","0"
"0.36","63","Streptopelia turtur","0","0","1","0"
"0.36","63","Upupa epops","0","0","1","0"
"0.36","63","Regulus ignicapilla","0","0","1","0"
"0.36","63","Aegithalos caudatus","0","0","1","0"
"0.36","63","Corvus corax","0","0","1","0"
"0.36","63","Emberiza calandra","0","0","0","1"
"0.36","63","Turdus philomelos","0","0","1","0"
"0.36","63","Sitta europaea","0","0","1","0"
"0.36","63","Turdus viscivorus","0","0","1","0"
"0.36","63","Alauda arvensis","0","0","1","0"
"0.36","63","Phylloscopus collybita","0","0","1","0"
"0.36","63","Lullula arborea","0","0","1","0"
"0.36","63","Galerida cristata","0","0","1","0"
"0.36","63","Pyrrhocorax pyrrhocorax","0","0","1","0"
"0.36","63","Lophophanes cristatus","0","0","1","0"
"0.36","63","Petronia petronia","0","0","1","0"
"0.36","63","Fulica atra","0","0","1","0"
"0.36","63","Cettia cetti","0","0","1","0"
"0.36","63","Lanius collurio","0","0","1","0"
"0.36","63","Egretta garzetta","0","0","1","0"
"0.36","63","Cisticola juncidis","0","0","1","0"
"0.36","63","Curruca melanocephala","0","0","1","0"
"0.36","63","Circaetus gallicus","0","0","1","0"
"0.36","63","Carduelis citrinella","0","0","1","0"
"0.36","63","Phalacrocorax carbo","0","0","1","0"
"0.36","63","Chroicocephalus ridibundus","0","0","1","0"
"0.36","63","Milvus milvus","0","0","1","0"
"0.36","63","Gallinula chloropus","0","0","1","0"
"0.36","63","Hieraaetus pennatus","0","0","1","0"
"0.36","63","Curruca communis","0","0","0","1"
"0.36","63","Oenanthe oenanthe","0","0","1","0"
"0.36","63","Ciconia ciconia","0","0","1","0"
"0.36","63","Picus sharpei","0","0","1","0"
"0.36","63","Motacilla cinerea","0","0","1","0"
"0.36","63","Phoenicurus phoenicurus","0","0","1","0"
"0.36","63","Lanius senator","0","0","1","0"
"0.36","63","Corvus monedula","0","0","1","0"
"0.36","63","Coturnix coturnix","0","0","1","0"
"0.36","63","Bubulcus ibis","0","0","1","0"
"0.36","63","Acrocephalus scirpaceus","0","0","1","0"
"0.36","63","Prunella modularis","0","0","1","0"
"0.36","63","Himantopus himantopus","0","0","1","0"
"0.36","63","Alectoris rufa","0","0","1","0"
"0.36","63","Emberiza citrinella","0","0","1","0"
"0.36","63","Emberiza cia","0","0","1","0"
"0.36","63","Curruca iberiae","0","0","1","0"
"0.36","63","Circus aeruginosus","0","0","1","0"
"0.36","63","Muscicapa striata","0","0","1","0"
"0.36","63","Pernis apivorus","0","0","1","0"
"0.36","63","Sturnus unicolor","0","0","1","0"
"0.36","63","Sterna hirundo","0","0","1","0"
"0.36","63","Motacilla flava","0","0","1","0"
"0.36","63","Passer montanus","0","0","1","0"
"0.36","63","Podiceps cristatus","0","0","1","0"
"0.36","63","Acrocephalus arundinaceus","0","0","1","0"
"0.36","63","Anthus trivialis","0","0","1","0"
"0.36","63","Ardea purpurea","0","0","1","0"
"0.36","63","Sylvia borin","0","0","1","0"
"0.36","63","Tachybaptus ruficollis","0","0","1","0"
"0.36","63","Curruca undata","0","0","1","0"
"0.36","63","Charadrius dubius","0","0","1","0"
"0.36","63","Falco subbuteo","0","0","1","0"
"0.36","63","Apus melba","0","0","1","0"
"0.36","63","Pyrrhula pyrrhula","0","0","1","0"
"0.36","63","Recurvirostra avosetta","0","0","1","0"
"0.36","63","Anthus campestris","0","0","1","0"
"0.36","63","Tadorna tadorna","0","0","1","0"
"0.36","63","Riparia riparia","0","0","1","0"
"0.36","63","Netta rufina","0","0","1","0"
"0.36","63","Circus pygargus","0","0","1","0"
"0.36","63","Cinclus cinclus","0","0","1","0"
"0.36","63","Galerida theklae","0","0","1","0"
"0.36","63","Alcedo atthis","0","0","1","0"
"0.36","63","Poecile palustris","0","0","1","0"
"0.36","63","Aquila chrysaetos","0","0","1","0"
"0.36","63","Actitis hypoleucos","0","0","1","0"
"0.36","63","Aythya ferina","0","0","1","0"
"0.36","63","Pyrrhocorax graculus","0","0","1","0"
"0.36","63","Anthus spinoletta","0","0","1","0"
"0.36","63","Sternula albifrons","0","0","1","0"
"0.36","63","Burhinus oedicnemus","0","0","1","0"
"0.36","63","Vanellus vanellus","0","0","1","0"
"0.36","63","Accipiter nisus","0","0","1","0"
"0.36","63","Nycticorax nycticorax","0","0","1","0"
"0.36","63","Coccothraustes coccothraustes","0","0","1","0"
"0.36","63","Tringa ochropus","0","0","1","0"
"0.36","63","Melanocorypha calandra","0","0","1","0"
"0.36","63","Loxia curvirostra","0","0","1","0"
"0.36","63","Cygnus olor","0","0","1","0"
"0.36","63","Emberiza schoeniclus","0","0","1","0"
"0.36","63","Phoenicopterus roseus","0","0","1","0"
"0.36","63","Phasianus colchicus","0","0","1","0"
"0.36","63","Mareca strepera","0","0","1","0"
"0.36","63","Columba oenas","0","0","1","0"
"0.36","63","Strix aluco","0","0","1","0"
"0.36","63","Ardea alba","0","0","1","0"
"0.36","63","Saxicola rubetra","0","0","1","0"
"0.36","63","Plegadis falcinellus","0","0","1","0"
"0.36","63","Ichthyaetus melanocephalus","0","0","1","0"
"0.36","63","Tringa totanus","0","0","1","0"
"0.36","63","Coracias garrulus","0","0","1","0"
"0.36","63","Regulus regulus","0","0","1","0"
"0.36","63","Cecropis daurica","0","0","1","0"
"0.36","63","Rallus aquaticus","0","0","1","0"
"0.36","63","Athene noctua","0","0","1","0"
"0.36","63","Lanius meridionalis","0","0","1","0"
"0.36","63","Passer hispaniolensis","0","0","1","0"
"0.36","63","Falco naumanni","0","0","1","0"
"0.36","63","Platalea leucorodia","0","0","1","0"
"0.36","63","Psittacula krameri","0","0","1","0"
"0.36","63","Chlidonias niger","0","0","1","0"
"0.36","63","Phylloscopus ibericus","0","0","1","0"
"0.36","63","Podiceps nigricollis","0","0","1","0"
"0.36","63","Thalasseus sandvicensis","0","0","1","0"
"0.36","63","Spatula clypeata","0","0","1","0"
"0.36","63","Otus scops","0","0","1","0"
"0.36","63","Jynx torquilla","0","0","1","0"
"0.36","64","Turdus merula","0","0","1","0"
"0.36","64","Apus apus","0","0","1","0"
"0.36","64","Fringilla coelebs","0","0","1","0"
"0.36","64","Columba palumbus","0","0","1","0"
"0.36","64","Passer domesticus","0","0","1","0"
"0.36","64","Hirundo rustica","0","0","1","0"
"0.36","64","Sylvia atricapilla","0","0","1","0"
"0.36","64","Corvus corone","0","0","1","0"
"0.36","64","Pica pica","0","0","1","0"
"0.36","64","Carduelis carduelis","0","0","1","0"
"0.36","64","Serinus serinus","0","0","1","0"
"0.36","64","Streptopelia decaocto","0","0","1","0"
"0.36","64","Delichon urbicum","0","0","1","0"
"0.36","64","Milvus migrans","0","0","1","0"
"0.36","64","Parus major","0","0","1","0"
"0.36","64","Phoenicurus ochruros","0","0","1","0"
"0.36","64","Motacilla alba","0","0","1","0"
"0.36","64","Erithacus rubecula","0","0","1","0"
"0.36","64","Gyps fulvus","0","0","1","0"
"0.36","64","Garrulus glandarius","0","0","1","0"
"0.36","64","Cyanistes caeruleus","0","0","1","0"
"0.36","64","Chloris chloris","0","0","1","0"
"0.36","64","Emberiza cirlus","0","0","1","0"
"0.36","64","Troglodytes troglodytes","0","0","1","0"
"0.36","64","Columba livia","0","0","1","0"
"0.36","64","Oriolus oriolus","0","0","1","0"
"0.36","64","Buteo buteo","0","0","1","0"
"0.36","64","Falco tinnunculus","0","0","1","0"
"0.36","64","Luscinia megarhynchos","0","0","0","1"
"0.36","64","Linaria cannabina","0","0","1","0"
"0.36","64","Periparus ater","0","0","1","0"
"0.36","64","Sturnus vulgaris","0","0","1","0"
"0.36","64","Phylloscopus bonelli","0","0","1","0"
"0.36","64","Cuculus canorus","0","0","1","0"
"0.36","64","Ptyonoprogne rupestris","0","0","1","0"
"0.36","64","Larus michahellis","0","0","1","0"
"0.36","64","Merops apiaster","0","0","1","0"
"0.36","64","Certhia brachydactyla","0","0","1","0"
"0.36","64","Hippolais polyglotta","0","0","1","0"
"0.36","64","Picus viridis","0","0","1","0"
"0.36","64","Anas platyrhynchos","0","0","1","0"
"0.36","64","Dendrocopos major","0","0","1","0"
"0.36","64","Ardea cinerea","0","0","1","0"
"0.36","64","Saxicola rubicola","0","0","1","0"
"0.36","64","Streptopelia turtur","0","0","1","0"
"0.36","64","Upupa epops","0","0","1","0"
"0.36","64","Regulus ignicapilla","0","0","1","0"
"0.36","64","Aegithalos caudatus","0","0","1","0"
"0.36","64","Corvus corax","0","0","1","0"
"0.36","64","Emberiza calandra","0","0","1","0"
"0.36","64","Turdus philomelos","0","0","1","0"
"0.36","64","Sitta europaea","0","0","1","0"
"0.36","64","Turdus viscivorus","0","0","1","0"
"0.36","64","Alauda arvensis","0","0","1","0"
"0.36","64","Phylloscopus collybita","0","0","1","0"
"0.36","64","Lullula arborea","0","0","1","0"
"0.36","64","Galerida cristata","0","0","1","0"
"0.36","64","Pyrrhocorax pyrrhocorax","0","0","1","0"
"0.36","64","Lophophanes cristatus","0","0","1","0"
"0.36","64","Petronia petronia","0","0","1","0"
"0.36","64","Fulica atra","0","0","1","0"
"0.36","64","Cettia cetti","0","0","1","0"
"0.36","64","Lanius collurio","0","0","1","0"
"0.36","64","Egretta garzetta","0","0","1","0"
"0.36","64","Cisticola juncidis","0","0","1","0"
"0.36","64","Curruca melanocephala","0","0","1","0"
"0.36","64","Circaetus gallicus","0","0","1","0"
"0.36","64","Carduelis citrinella","0","0","1","0"
"0.36","64","Phalacrocorax carbo","0","0","1","0"
"0.36","64","Chroicocephalus ridibundus","0","0","1","0"
"0.36","64","Milvus milvus","0","0","1","0"
"0.36","64","Gallinula chloropus","0","0","1","0"
"0.36","64","Hieraaetus pennatus","0","0","1","0"
"0.36","64","Curruca communis","0","0","1","0"
"0.36","64","Oenanthe oenanthe","0","0","1","0"
"0.36","64","Ciconia ciconia","0","0","1","0"
"0.36","64","Picus sharpei","0","0","1","0"
"0.36","64","Motacilla cinerea","0","0","1","0"
"0.36","64","Phoenicurus phoenicurus","0","0","1","0"
"0.36","64","Lanius senator","0","0","1","0"
"0.36","64","Corvus monedula","0","0","1","0"
"0.36","64","Coturnix coturnix","0","0","1","0"
"0.36","64","Bubulcus ibis","0","0","1","0"
"0.36","64","Acrocephalus scirpaceus","0","0","1","0"
"0.36","64","Prunella modularis","0","0","1","0"
"0.36","64","Himantopus himantopus","0","0","1","0"
"0.36","64","Alectoris rufa","0","0","1","0"
"0.36","64","Emberiza citrinella","0","0","1","0"
"0.36","64","Emberiza cia","0","0","1","0"
"0.36","64","Curruca iberiae","0","0","1","0"
"0.36","64","Circus aeruginosus","0","0","1","0"
"0.36","64","Muscicapa striata","0","0","1","0"
"0.36","64","Pernis apivorus","0","0","1","0"
"0.36","64","Sterna hirundo","0","0","1","0"
"0.36","64","Sturnus unicolor","0","0","1","0"
"0.36","64","Motacilla flava","0","0","1","0"
"0.36","64","Passer montanus","0","0","1","0"
"0.36","64","Podiceps cristatus","0","0","1","0"
"0.36","64","Acrocephalus arundinaceus","0","0","1","0"
"0.36","64","Anthus trivialis","0","0","1","0"
"0.36","64","Ardea purpurea","0","0","1","0"
"0.36","64","Sylvia borin","0","0","1","0"
"0.36","64","Tachybaptus ruficollis","0","0","1","0"
"0.36","64","Curruca undata","0","0","1","0"
"0.36","64","Charadrius dubius","0","0","1","0"
"0.36","64","Falco subbuteo","0","0","1","0"
"0.36","64","Apus melba","0","0","1","0"
"0.36","64","Pyrrhula pyrrhula","0","0","1","0"
"0.36","64","Recurvirostra avosetta","0","0","1","0"
"0.36","64","Anthus campestris","0","0","1","0"
"0.36","64","Tadorna tadorna","0","0","1","0"
"0.36","64","Riparia riparia","0","0","1","0"
"0.36","64","Netta rufina","0","0","1","0"
"0.36","64","Cinclus cinclus","0","0","1","0"
"0.36","64","Circus pygargus","0","0","1","0"
"0.36","64","Galerida theklae","0","0","1","0"
"0.36","64","Alcedo atthis","0","0","1","0"
"0.36","64","Poecile palustris","0","0","1","0"
"0.36","64","Aquila chrysaetos","0","0","1","0"
"0.36","64","Actitis hypoleucos","0","0","1","0"
"0.36","64","Aythya ferina","0","0","1","0"
"0.36","64","Pyrrhocorax graculus","0","0","1","0"
"0.36","64","Anthus spinoletta","0","0","1","0"
"0.36","64","Sternula albifrons","0","0","1","0"
"0.36","64","Burhinus oedicnemus","0","0","1","0"
"0.36","64","Vanellus vanellus","0","0","1","0"
"0.36","64","Accipiter nisus","0","0","1","0"
"0.36","64","Nycticorax nycticorax","0","0","1","0"
"0.36","64","Coccothraustes coccothraustes","0","0","1","0"
"0.36","64","Tringa ochropus","0","0","1","0"
"0.36","64","Melanocorypha calandra","0","0","1","0"
"0.36","64","Loxia curvirostra","0","0","1","0"
"0.36","64","Cygnus olor","0","0","1","0"
"0.36","64","Emberiza schoeniclus","0","0","1","0"
"0.36","64","Phoenicopterus roseus","0","0","1","0"
"0.36","64","Phasianus colchicus","0","0","1","0"
"0.36","64","Mareca strepera","0","0","1","0"
"0.36","64","Columba oenas","0","0","1","0"
"0.36","64","Strix aluco","0","0","1","0"
"0.36","64","Ardea alba","0","0","1","0"
"0.36","64","Saxicola rubetra","0","0","1","0"
"0.36","64","Plegadis falcinellus","0","0","1","0"
"0.36","64","Ichthyaetus melanocephalus","0","0","1","0"
"0.36","64","Coracias garrulus","0","0","1","0"
"0.36","64","Tringa totanus","0","0","1","0"
"0.36","64","Regulus regulus","0","0","1","0"
"0.36","64","Cecropis daurica","0","0","1","0"
"0.36","64","Rallus aquaticus","0","0","1","0"
"0.36","64","Athene noctua","0","0","1","0"
"0.36","64","Lanius meridionalis","0","0","1","0"
"0.36","64","Passer hispaniolensis","0","0","1","0"
"0.36","64","Falco naumanni","0","0","1","0"
"0.36","64","Platalea leucorodia","0","0","1","0"
"0.36","64","Psittacula krameri","0","0","1","0"
"0.36","64","Chlidonias niger","0","0","1","0"
"0.36","64","Podiceps nigricollis","0","0","1","0"
"0.36","64","Thalasseus sandvicensis","0","0","1","0"
"0.36","64","Phylloscopus ibericus","0","0","1","0"
"0.36","64","Spatula clypeata","0","0","1","0"
"0.36","64","Otus scops","0","0","1","0"
"0.36","64","Jynx torquilla","0","0","1","0"
"0.36","65","Turdus merula","0","0","0","1"
"0.36","65","Apus apus","0","0","1","0"
"0.36","65","Fringilla coelebs","0","0","1","0"
"0.36","65","Columba palumbus","0","0","1","0"
"0.36","65","Passer domesticus","0","0","0","1"
"0.36","65","Hirundo rustica","0","0","1","0"
"0.36","65","Sylvia atricapilla","0","0","0","1"
"0.36","65","Corvus corone","0","0","0","1"
"0.36","65","Pica pica","0","0","0","1"
"0.36","65","Carduelis carduelis","0","0","1","0"
"0.36","65","Serinus serinus","0","0","1","0"
"0.36","65","Streptopelia decaocto","0","0","1","0"
"0.36","65","Delichon urbicum","0","0","1","0"
"0.36","65","Milvus migrans","0","0","1","0"
"0.36","65","Parus major","0","0","1","0"
"0.36","65","Phoenicurus ochruros","0","0","1","0"
"0.36","65","Motacilla alba","0","0","1","0"
"0.36","65","Erithacus rubecula","0","0","0","1"
"0.36","65","Gyps fulvus","0","0","1","0"
"0.36","65","Garrulus glandarius","0","0","1","0"
"0.36","65","Cyanistes caeruleus","0","0","1","0"
"0.36","65","Chloris chloris","0","0","1","0"
"0.36","65","Emberiza cirlus","0","0","1","0"
"0.36","65","Troglodytes troglodytes","0","0","1","0"
"0.36","65","Columba livia","0","0","1","0"
"0.36","65","Oriolus oriolus","0","0","1","0"
"0.36","65","Buteo buteo","0","0","1","0"
"0.36","65","Falco tinnunculus","0","0","1","0"
"0.36","65","Luscinia megarhynchos","0","0","0","1"
"0.36","65","Linaria cannabina","0","0","1","0"
"0.36","65","Periparus ater","0","0","1","0"
"0.36","65","Sturnus vulgaris","0","0","1","0"
"0.36","65","Phylloscopus bonelli","0","0","1","0"
"0.36","65","Cuculus canorus","0","0","1","0"
"0.36","65","Ptyonoprogne rupestris","0","0","1","0"
"0.36","65","Larus michahellis","0","0","1","0"
"0.36","65","Merops apiaster","0","0","1","0"
"0.36","65","Certhia brachydactyla","0","0","1","0"
"0.36","65","Hippolais polyglotta","0","0","1","0"
"0.36","65","Picus viridis","0","0","1","0"
"0.36","65","Anas platyrhynchos","0","0","1","0"
"0.36","65","Dendrocopos major","0","0","1","0"
"0.36","65","Ardea cinerea","0","0","1","0"
"0.36","65","Saxicola rubicola","0","0","1","0"
"0.36","65","Streptopelia turtur","0","0","1","0"
"0.36","65","Upupa epops","0","0","1","0"
"0.36","65","Regulus ignicapilla","0","0","1","0"
"0.36","65","Aegithalos caudatus","0","0","1","0"
"0.36","65","Corvus corax","0","0","1","0"
"0.36","65","Emberiza calandra","1","0","0","0"
"0.36","65","Turdus philomelos","0","0","1","0"
"0.36","65","Sitta europaea","0","0","1","0"
"0.36","65","Turdus viscivorus","0","0","1","0"
"0.36","65","Alauda arvensis","0","0","0","1"
"0.36","65","Phylloscopus collybita","0","0","1","0"
"0.36","65","Lullula arborea","0","0","1","0"
"0.36","65","Galerida cristata","0","0","1","0"
"0.36","65","Pyrrhocorax pyrrhocorax","0","0","1","0"
"0.36","65","Lophophanes cristatus","0","0","1","0"
"0.36","65","Petronia petronia","0","0","1","0"
"0.36","65","Fulica atra","0","0","1","0"
"0.36","65","Cettia cetti","0","0","1","0"
"0.36","65","Lanius collurio","0","0","1","0"
"0.36","65","Egretta garzetta","0","0","1","0"
"0.36","65","Cisticola juncidis","0","0","1","0"
"0.36","65","Curruca melanocephala","0","0","1","0"
"0.36","65","Circaetus gallicus","0","0","1","0"
"0.36","65","Carduelis citrinella","0","0","1","0"
"0.36","65","Phalacrocorax carbo","0","0","1","0"
"0.36","65","Chroicocephalus ridibundus","0","0","1","0"
"0.36","65","Milvus milvus","0","0","1","0"
"0.36","65","Gallinula chloropus","0","0","1","0"
"0.36","65","Hieraaetus pennatus","0","0","1","0"
"0.36","65","Curruca communis","0","0","1","0"
"0.36","65","Oenanthe oenanthe","0","0","1","0"
"0.36","65","Ciconia ciconia","0","0","1","0"
"0.36","65","Picus sharpei","0","0","1","0"
"0.36","65","Motacilla cinerea","0","0","1","0"
"0.36","65","Phoenicurus phoenicurus","0","0","1","0"
"0.36","65","Lanius senator","0","0","1","0"
"0.36","65","Corvus monedula","0","0","1","0"
"0.36","65","Coturnix coturnix","0","0","1","0"
"0.36","65","Bubulcus ibis","0","0","1","0"
"0.36","65","Acrocephalus scirpaceus","0","0","1","0"
"0.36","65","Prunella modularis","0","0","1","0"
"0.36","65","Himantopus himantopus","0","0","1","0"
"0.36","65","Alectoris rufa","0","0","1","0"
"0.36","65","Emberiza citrinella","0","0","1","0"
"0.36","65","Emberiza cia","0","0","1","0"
"0.36","65","Curruca iberiae","0","0","1","0"
"0.36","65","Circus aeruginosus","0","0","1","0"
"0.36","65","Muscicapa striata","0","1","0","0"
"0.36","65","Pernis apivorus","0","0","1","0"
"0.36","65","Sterna hirundo","0","0","1","0"
"0.36","65","Sturnus unicolor","0","0","1","0"
"0.36","65","Motacilla flava","0","0","1","0"
"0.36","65","Passer montanus","0","0","1","0"
"0.36","65","Podiceps cristatus","0","0","1","0"
"0.36","65","Acrocephalus arundinaceus","0","0","1","0"
"0.36","65","Anthus trivialis","0","0","1","0"
"0.36","65","Ardea purpurea","0","0","1","0"
"0.36","65","Sylvia borin","0","0","1","0"
"0.36","65","Tachybaptus ruficollis","0","0","1","0"
"0.36","65","Curruca undata","0","0","1","0"
"0.36","65","Charadrius dubius","0","0","1","0"
"0.36","65","Falco subbuteo","0","0","1","0"
"0.36","65","Apus melba","0","0","1","0"
"0.36","65","Pyrrhula pyrrhula","0","0","1","0"
"0.36","65","Recurvirostra avosetta","0","0","1","0"
"0.36","65","Anthus campestris","0","0","1","0"
"0.36","65","Tadorna tadorna","0","0","1","0"
"0.36","65","Riparia riparia","0","0","1","0"
"0.36","65","Netta rufina","0","0","1","0"
"0.36","65","Cinclus cinclus","0","0","1","0"
"0.36","65","Circus pygargus","0","0","1","0"
"0.36","65","Galerida theklae","0","0","1","0"
"0.36","65","Alcedo atthis","0","0","1","0"
"0.36","65","Poecile palustris","0","0","1","0"
"0.36","65","Aquila chrysaetos","0","0","1","0"
"0.36","65","Actitis hypoleucos","0","0","1","0"
"0.36","65","Aythya ferina","0","0","1","0"
"0.36","65","Pyrrhocorax graculus","0","0","1","0"
"0.36","65","Anthus spinoletta","0","0","1","0"
"0.36","65","Sternula albifrons","0","0","1","0"
"0.36","65","Burhinus oedicnemus","0","0","1","0"
"0.36","65","Vanellus vanellus","0","0","1","0"
"0.36","65","Accipiter nisus","0","0","1","0"
"0.36","65","Nycticorax nycticorax","0","0","1","0"
"0.36","65","Coccothraustes coccothraustes","0","1","0","0"
"0.36","65","Tringa ochropus","0","0","1","0"
"0.36","65","Melanocorypha calandra","0","0","1","0"
"0.36","65","Loxia curvirostra","0","0","1","0"
"0.36","65","Cygnus olor","0","0","1","0"
"0.36","65","Emberiza schoeniclus","0","0","1","0"
"0.36","65","Phoenicopterus roseus","0","0","1","0"
"0.36","65","Phasianus colchicus","0","0","1","0"
"0.36","65","Mareca strepera","0","0","1","0"
"0.36","65","Columba oenas","0","0","1","0"
"0.36","65","Strix aluco","0","0","1","0"
"0.36","65","Ardea alba","0","0","1","0"
"0.36","65","Saxicola rubetra","0","0","1","0"
"0.36","65","Plegadis falcinellus","0","0","1","0"
"0.36","65","Ichthyaetus melanocephalus","0","0","1","0"
"0.36","65","Coracias garrulus","0","0","1","0"
"0.36","65","Tringa totanus","0","0","1","0"
"0.36","65","Regulus regulus","0","0","1","0"
"0.36","65","Cecropis daurica","0","0","1","0"
"0.36","65","Rallus aquaticus","0","0","1","0"
"0.36","65","Athene noctua","0","0","1","0"
"0.36","65","Lanius meridionalis","0","0","1","0"
"0.36","65","Passer hispaniolensis","0","0","1","0"
"0.36","65","Falco naumanni","0","0","1","0"
"0.36","65","Platalea leucorodia","0","0","1","0"
"0.36","65","Psittacula krameri","0","0","1","0"
"0.36","65","Chlidonias niger","0","0","1","0"
"0.36","65","Podiceps nigricollis","0","0","1","0"
"0.36","65","Thalasseus sandvicensis","0","0","1","0"
"0.36","65","Phylloscopus ibericus","0","0","1","0"
"0.36","65","Spatula clypeata","0","0","1","0"
"0.36","65","Otus scops","0","0","1","0"
"0.36","65","Jynx torquilla","0","0","1","0"
"0.36","66","Turdus merula","0","0","0","1"
"0.36","66","Apus apus","0","0","1","0"
"0.36","66","Fringilla coelebs","0","0","1","0"
"0.36","66","Columba palumbus","0","0","1","0"
"0.36","66","Passer domesticus","0","0","0","1"
"0.36","66","Hirundo rustica","0","0","1","0"
"0.36","66","Sylvia atricapilla","0","0","0","1"
"0.36","66","Corvus corone","0","0","1","0"
"0.36","66","Pica pica","0","0","1","0"
"0.36","66","Carduelis carduelis","0","0","1","0"
"0.36","66","Serinus serinus","0","0","1","0"
"0.36","66","Streptopelia decaocto","0","0","1","0"
"0.36","66","Delichon urbicum","0","0","1","0"
"0.36","66","Milvus migrans","0","0","1","0"
"0.36","66","Parus major","0","0","1","0"
"0.36","66","Phoenicurus ochruros","0","0","1","0"
"0.36","66","Motacilla alba","0","0","1","0"
"0.36","66","Erithacus rubecula","0","0","1","0"
"0.36","66","Gyps fulvus","0","0","1","0"
"0.36","66","Garrulus glandarius","0","0","1","0"
"0.36","66","Cyanistes caeruleus","0","0","1","0"
"0.36","66","Chloris chloris","0","0","1","0"
"0.36","66","Emberiza cirlus","0","0","1","0"
"0.36","66","Troglodytes troglodytes","0","0","1","0"
"0.36","66","Columba livia","0","0","1","0"
"0.36","66","Oriolus oriolus","0","0","1","0"
"0.36","66","Buteo buteo","0","0","1","0"
"0.36","66","Falco tinnunculus","0","0","1","0"
"0.36","66","Luscinia megarhynchos","0","0","1","0"
"0.36","66","Linaria cannabina","0","0","1","0"
"0.36","66","Periparus ater","0","0","1","0"
"0.36","66","Sturnus vulgaris","0","0","1","0"
"0.36","66","Phylloscopus bonelli","0","0","1","0"
"0.36","66","Cuculus canorus","0","0","1","0"
"0.36","66","Ptyonoprogne rupestris","0","0","1","0"
"0.36","66","Larus michahellis","0","0","1","0"
"0.36","66","Merops apiaster","0","0","1","0"
"0.36","66","Certhia brachydactyla","0","0","1","0"
"0.36","66","Hippolais polyglotta","0","0","1","0"
"0.36","66","Picus viridis","0","0","1","0"
"0.36","66","Anas platyrhynchos","0","0","1","0"
"0.36","66","Dendrocopos major","0","0","1","0"
"0.36","66","Ardea cinerea","0","0","1","0"
"0.36","66","Saxicola rubicola","0","0","1","0"
"0.36","66","Streptopelia turtur","0","0","1","0"
"0.36","66","Upupa epops","0","0","1","0"
"0.36","66","Regulus ignicapilla","0","0","1","0"
"0.36","66","Aegithalos caudatus","0","0","1","0"
"0.36","66","Corvus corax","0","0","1","0"
"0.36","66","Emberiza calandra","0","0","1","0"
"0.36","66","Turdus philomelos","0","0","1","0"
"0.36","66","Sitta europaea","0","0","1","0"
"0.36","66","Turdus viscivorus","0","0","1","0"
"0.36","66","Alauda arvensis","0","0","1","0"
"0.36","66","Phylloscopus collybita","0","0","1","0"
"0.36","66","Lullula arborea","0","0","1","0"
"0.36","66","Galerida cristata","0","0","1","0"
"0.36","66","Pyrrhocorax pyrrhocorax","0","0","1","0"
"0.36","66","Lophophanes cristatus","0","0","1","0"
"0.36","66","Petronia petronia","0","0","1","0"
"0.36","66","Fulica atra","0","0","1","0"
"0.36","66","Cettia cetti","0","0","1","0"
"0.36","66","Lanius collurio","0","0","1","0"
"0.36","66","Egretta garzetta","0","0","1","0"
"0.36","66","Cisticola juncidis","0","0","1","0"
"0.36","66","Curruca melanocephala","0","0","1","0"
"0.36","66","Circaetus gallicus","0","0","1","0"
"0.36","66","Carduelis citrinella","0","0","1","0"
"0.36","66","Phalacrocorax carbo","0","0","1","0"
"0.36","66","Chroicocephalus ridibundus","0","0","1","0"
"0.36","66","Milvus milvus","0","0","1","0"
"0.36","66","Gallinula chloropus","0","0","1","0"
"0.36","66","Hieraaetus pennatus","0","0","1","0"
"0.36","66","Curruca communis","0","0","0","1"
"0.36","66","Oenanthe oenanthe","0","0","1","0"
"0.36","66","Ciconia ciconia","0","0","1","0"
"0.36","66","Picus sharpei","0","0","1","0"
"0.36","66","Motacilla cinerea","0","0","1","0"
"0.36","66","Phoenicurus phoenicurus","0","0","1","0"
"0.36","66","Lanius senator","0","0","1","0"
"0.36","66","Corvus monedula","0","0","1","0"
"0.36","66","Coturnix coturnix","0","0","1","0"
"0.36","66","Bubulcus ibis","0","0","1","0"
"0.36","66","Acrocephalus scirpaceus","0","0","1","0"
"0.36","66","Prunella modularis","0","0","1","0"
"0.36","66","Himantopus himantopus","0","0","1","0"
"0.36","66","Alectoris rufa","0","0","1","0"
"0.36","66","Emberiza citrinella","0","0","1","0"
"0.36","66","Emberiza cia","0","0","1","0"
"0.36","66","Curruca iberiae","0","0","1","0"
"0.36","66","Circus aeruginosus","0","0","1","0"
"0.36","66","Muscicapa striata","0","0","1","0"
"0.36","66","Pernis apivorus","0","0","1","0"
"0.36","66","Sterna hirundo","0","0","1","0"
"0.36","66","Sturnus unicolor","0","0","1","0"
"0.36","66","Motacilla flava","0","0","1","0"
"0.36","66","Passer montanus","0","0","1","0"
"0.36","66","Podiceps cristatus","0","0","1","0"
"0.36","66","Acrocephalus arundinaceus","0","0","1","0"
"0.36","66","Anthus trivialis","0","0","1","0"
"0.36","66","Ardea purpurea","0","0","1","0"
"0.36","66","Sylvia borin","0","0","1","0"
"0.36","66","Tachybaptus ruficollis","0","0","1","0"
"0.36","66","Curruca undata","0","0","1","0"
"0.36","66","Charadrius dubius","0","0","1","0"
"0.36","66","Falco subbuteo","0","0","1","0"
"0.36","66","Apus melba","0","0","1","0"
"0.36","66","Pyrrhula pyrrhula","0","0","1","0"
"0.36","66","Recurvirostra avosetta","0","0","1","0"
"0.36","66","Anthus campestris","0","0","1","0"
"0.36","66","Tadorna tadorna","0","0","1","0"
"0.36","66","Riparia riparia","0","0","1","0"
"0.36","66","Netta rufina","0","0","1","0"
"0.36","66","Cinclus cinclus","0","0","1","0"
"0.36","66","Circus pygargus","0","0","1","0"
"0.36","66","Galerida theklae","0","0","1","0"
"0.36","66","Alcedo atthis","0","0","1","0"
"0.36","66","Poecile palustris","0","0","1","0"
"0.36","66","Aquila chrysaetos","0","0","1","0"
"0.36","66","Actitis hypoleucos","0","0","1","0"
"0.36","66","Aythya ferina","0","0","1","0"
"0.36","66","Pyrrhocorax graculus","0","0","1","0"
"0.36","66","Anthus spinoletta","0","0","1","0"
"0.36","66","Sternula albifrons","0","0","1","0"
"0.36","66","Burhinus oedicnemus","0","0","1","0"
"0.36","66","Vanellus vanellus","0","0","1","0"
"0.36","66","Accipiter nisus","0","0","1","0"
"0.36","66","Nycticorax nycticorax","0","0","1","0"
"0.36","66","Coccothraustes coccothraustes","0","0","1","0"
"0.36","66","Tringa ochropus","0","0","1","0"
"0.36","66","Melanocorypha calandra","0","0","1","0"
"0.36","66","Loxia curvirostra","0","0","1","0"
"0.36","66","Cygnus olor","0","0","1","0"
"0.36","66","Emberiza schoeniclus","0","0","1","0"
"0.36","66","Phoenicopterus roseus","0","0","1","0"
"0.36","66","Phasianus colchicus","0","0","1","0"
"0.36","66","Mareca strepera","0","0","1","0"
"0.36","66","Columba oenas","0","0","1","0"
"0.36","66","Strix aluco","0","0","1","0"
"0.36","66","Ardea alba","0","0","1","0"
"0.36","66","Saxicola rubetra","0","0","1","0"
"0.36","66","Plegadis falcinellus","0","0","1","0"
"0.36","66","Ichthyaetus melanocephalus","0","0","1","0"
"0.36","66","Coracias garrulus","0","0","1","0"
"0.36","66","Tringa totanus","0","0","1","0"
"0.36","66","Regulus regulus","0","0","1","0"
"0.36","66","Cecropis daurica","0","0","1","0"
"0.36","66","Rallus aquaticus","0","0","1","0"
"0.36","66","Athene noctua","0","0","1","0"
"0.36","66","Lanius meridionalis","0","0","1","0"
"0.36","66","Passer hispaniolensis","0","0","1","0"
"0.36","66","Falco naumanni","0","0","1","0"
"0.36","66","Platalea leucorodia","0","0","1","0"
"0.36","66","Psittacula krameri","0","0","1","0"
"0.36","66","Chlidonias niger","0","0","1","0"
"0.36","66","Podiceps nigricollis","0","0","1","0"
"0.36","66","Thalasseus sandvicensis","0","0","1","0"
"0.36","66","Phylloscopus ibericus","0","0","1","0"
"0.36","66","Spatula clypeata","0","0","1","0"
"0.36","66","Otus scops","0","0","1","0"
"0.36","66","Jynx torquilla","0","0","1","0"
"0.36","67","Turdus merula","0","0","1","0"
"0.36","67","Apus apus","0","0","1","0"
"0.36","67","Columba palumbus","0","0","1","0"
"0.36","67","Passer domesticus","0","0","1","0"
"0.36","67","Fringilla coelebs","0","0","1","0"
"0.36","67","Hirundo rustica","0","0","1","0"
"0.36","67","Corvus corone","0","0","1","0"
"0.36","67","Sylvia atricapilla","0","0","1","0"
"0.36","67","Carduelis carduelis","0","0","1","0"
"0.36","67","Pica pica","0","0","1","0"
"0.36","67","Delichon urbicum","0","0","1","0"
"0.36","67","Streptopelia decaocto","0","0","1","0"
"0.36","67","Phoenicurus ochruros","0","0","1","0"
"0.36","67","Parus major","0","0","1","0"
"0.36","67","Serinus serinus","0","0","1","0"
"0.36","67","Milvus migrans","0","0","1","0"
"0.36","67","Motacilla alba","0","0","1","0"
"0.36","67","Gyps fulvus","0","0","1","0"
"0.36","67","Erithacus rubecula","0","0","1","0"
"0.36","67","Garrulus glandarius","0","0","1","0"
"0.36","67","Cyanistes caeruleus","0","0","1","0"
"0.36","67","Buteo buteo","0","0","1","0"
"0.36","67","Columba livia","0","0","1","0"
"0.36","67","Falco tinnunculus","0","0","1","0"
"0.36","67","Chloris chloris","0","0","1","0"
"0.36","67","Emberiza cirlus","0","0","1","0"
"0.36","67","Troglodytes troglodytes","0","0","1","0"
"0.36","67","Oriolus oriolus","0","0","1","0"
"0.36","67","Periparus ater","0","0","1","0"
"0.36","67","Linaria cannabina","0","0","1","0"
"0.36","67","Ptyonoprogne rupestris","0","0","1","0"
"0.36","67","Ardea cinerea","0","0","1","0"
"0.36","67","Certhia brachydactyla","0","0","1","0"
"0.36","67","Larus michahellis","0","0","1","0"
"0.36","67","Picus viridis","0","0","1","0"
"0.36","67","Sturnus vulgaris","0","0","1","0"
"0.36","67","Dendrocopos major","0","0","1","0"
"0.36","67","Anas platyrhynchos","0","0","1","0"
"0.36","67","Merops apiaster","0","0","1","0"
"0.36","67","Phylloscopus bonelli","0","0","1","0"
"0.36","67","Saxicola rubicola","0","0","1","0"
"0.36","67","Streptopelia turtur","0","0","1","0"
"0.36","67","Sitta europaea","0","0","1","0"
"0.36","67","Aegithalos caudatus","0","0","1","0"
"0.36","67","Hippolais polyglotta","0","0","1","0"
"0.36","67","Upupa epops","0","0","1","0"
"0.36","67","Corvus corax","0","0","1","0"
"0.36","67","Phylloscopus collybita","0","0","1","0"
"0.36","67","Regulus ignicapilla","0","0","1","0"
"0.36","67","Lophophanes cristatus","0","0","1","0"
"0.36","67","Chroicocephalus ridibundus","0","0","1","0"
"0.36","67","Luscinia megarhynchos","1","0","0","0"
"0.36","67","Fulica atra","0","0","1","0"
"0.36","67","Turdus viscivorus","0","0","1","0"
"0.36","67","Egretta garzetta","0","0","1","0"
"0.36","67","Turdus philomelos","0","0","1","0"
"0.36","67","Galerida cristata","0","0","1","0"
"0.36","67","Lanius collurio","0","0","1","0"
"0.36","67","Alauda arvensis","0","0","1","0"
"0.36","67","Pyrrhocorax pyrrhocorax","0","0","1","0"
"0.36","67","Circaetus gallicus","0","0","1","0"
"0.36","67","Phalacrocorax carbo","0","0","1","0"
"0.36","67","Gallinula chloropus","0","0","1","0"
"0.36","67","Lullula arborea","0","0","1","0"
"0.36","67","Cisticola juncidis","0","0","1","0"
"0.36","67","Curruca melanocephala","0","0","1","0"
"0.36","67","Milvus milvus","0","0","1","0"
"0.36","67","Cuculus canorus","0","0","1","0"
"0.36","67","Cettia cetti","0","0","1","0"
"0.36","67","Motacilla cinerea","0","0","1","0"
"0.36","67","Carduelis citrinella","0","0","1","0"
"0.36","67","Hieraaetus pennatus","0","0","1","0"
"0.36","67","Emberiza calandra","0","0","1","0"
"0.36","67","Petronia petronia","0","0","1","0"
"0.36","67","Oenanthe oenanthe","0","0","1","0"
"0.36","67","Bubulcus ibis","0","0","1","0"
"0.36","67","Lanius senator","0","0","1","0"
"0.36","67","Ciconia ciconia","0","0","1","0"
"0.36","67","Picus sharpei","0","0","1","0"
"0.36","67","Muscicapa striata","0","0","1","0"
"0.36","67","Acrocephalus scirpaceus","0","0","1","0"
"0.36","67","Coturnix coturnix","0","0","1","0"
"0.36","67","Curruca communis","0","0","1","0"
"0.36","67","Pernis apivorus","0","0","1","0"
"0.36","67","Himantopus himantopus","0","0","1","0"
"0.36","67","Circus aeruginosus","0","0","1","0"
"0.36","67","Phoenicurus phoenicurus","0","0","1","0"
"0.36","67","Corvus monedula","0","0","1","0"
"0.36","67","Prunella modularis","0","0","1","0"
"0.36","67","Alectoris rufa","0","0","1","0"
"0.36","67","Sterna hirundo","0","0","1","0"
"0.36","67","Podiceps cristatus","0","0","1","0"
"0.36","67","Emberiza citrinella","0","0","1","0"
"0.36","67","Emberiza cia","0","0","1","0"
"0.36","67","Curruca iberiae","0","0","1","0"
"0.36","67","Passer montanus","0","0","1","0"
"0.36","67","Motacilla flava","0","0","1","0"
"0.36","67","Tachybaptus ruficollis","0","0","1","0"
"0.36","67","Sturnus unicolor","0","0","1","0"
"0.36","67","Alcedo atthis","0","0","1","0"
"0.36","67","Anthus trivialis","0","0","1","0"
"0.36","67","Ardea purpurea","0","0","1","0"
"0.36","67","Actitis hypoleucos","0","0","1","0"
"0.36","67","Charadrius dubius","0","0","1","0"
"0.36","67","Pyrrhula pyrrhula","0","0","1","0"
"0.36","67","Apus melba","0","0","1","0"
"0.36","67","Curruca undata","0","0","1","0"
"0.36","67","Tringa ochropus","0","0","1","0"
"0.36","67","Falco subbuteo","0","0","1","0"
"0.36","67","Recurvirostra avosetta","0","0","1","0"
"0.36","67","Sylvia borin","0","0","1","0"
"0.36","67","Anthus spinoletta","0","0","1","0"
"0.36","67","Vanellus vanellus","0","0","1","0"
"0.36","67","Cinclus cinclus","0","0","1","0"
"0.36","67","Riparia riparia","0","0","1","0"
"0.36","67","Anthus campestris","0","0","1","0"
"0.36","67","Poecile palustris","0","0","1","0"
"0.36","67","Tadorna tadorna","0","0","1","0"
"0.36","67","Netta rufina","0","0","1","0"
"0.36","67","Aythya ferina","0","0","1","0"
"0.36","67","Acrocephalus arundinaceus","0","0","1","0"
"0.36","67","Circus pygargus","0","0","1","0"
"0.36","67","Accipiter nisus","0","0","1","0"
"0.36","67","Aquila chrysaetos","0","0","1","0"
"0.36","67","Pyrrhocorax graculus","0","0","1","0"
"0.36","67","Nycticorax nycticorax","0","0","1","0"
"0.36","67","Galerida theklae","0","0","1","0"
"0.36","67","Ardea alba","0","0","1","0"
"0.36","67","Burhinus oedicnemus","0","0","1","0"
"0.36","67","Loxia curvirostra","0","0","1","0"
"0.36","67","Sternula albifrons","0","0","1","0"
"0.36","67","Cygnus olor","0","0","1","0"
"0.36","67","Phoenicopterus roseus","0","0","1","0"
"0.36","67","Coccothraustes coccothraustes","0","0","1","0"
"0.36","67","Columba oenas","0","0","1","0"
"0.36","67","Emberiza schoeniclus","0","0","1","0"
"0.36","67","Rallus aquaticus","0","0","1","0"
"0.36","67","Plegadis falcinellus","0","0","1","0"
"0.36","67","Strix aluco","0","0","1","0"
"0.36","67","Mareca strepera","0","0","1","0"
"0.36","67","Ichthyaetus melanocephalus","0","0","1","0"
"0.36","67","Cecropis daurica","0","0","1","0"
"0.36","67","Lanius meridionalis","0","0","1","0"
"0.36","67","Platalea leucorodia","0","0","1","0"
"0.36","67","Melanocorypha calandra","0","0","1","0"
"0.36","67","Tringa totanus","0","0","1","0"
"0.36","67","Ficedula hypoleuca","0","0","1","0"
"0.36","67","Saxicola rubetra","0","0","1","0"
"0.36","67","Athene noctua","0","0","1","0"
"0.36","67","Coracias garrulus","0","0","1","0"
"0.36","67","Thalasseus sandvicensis","0","0","1","0"
"0.36","67","Regulus regulus","0","0","1","0"
"0.36","67","Spatula clypeata","0","0","1","0"
"0.36","67","Chlidonias niger","0","0","1","0"
"0.36","67","Phasianus colchicus","0","0","1","0"
"0.36","67","Podiceps nigricollis","0","0","1","0"
"0.36","67","Falco naumanni","0","0","1","0"
"0.36","67","Tyto alba","0","0","1","0"
"0.36","67","Passer hispaniolensis","0","0","1","0"
"0.36","67","Charadrius hiaticula","0","0","1","0"
"0.36","67","Limosa limosa","0","0","1","0"
"0.36","67","Psittacula krameri","0","0","1","0"
"0.36","67","Spinus spinus","0","0","1","0"
"0.36","67","Charadrius alexandrinus","0","0","1","0"
"0.36","67","Numenius arquata","0","0","1","0"
"0.36","67","Pandion haliaetus","0","0","1","0"
"0.36","67","Larus fuscus","0","0","1","0"
"0.36","67","Phylloscopus trochilus","0","0","1","0"
"0.36","67","Otus scops","0","0","1","0"
"0.36","67","Jynx torquilla","0","0","1","0"
"0.36","68","Turdus merula","0","0","0","1"
"0.36","68","Apus apus","0","0","1","0"
"0.36","68","Columba palumbus","0","0","1","0"
"0.36","68","Passer domesticus","0","0","1","0"
"0.36","68","Fringilla coelebs","0","0","1","0"
"0.36","68","Hirundo rustica","0","0","1","0"
"0.36","68","Corvus corone","1","0","0","0"
"0.36","68","Sylvia atricapilla","0","0","0","1"
"0.36","68","Carduelis carduelis","0","0","1","0"
"0.36","68","Pica pica","0","0","1","0"
"0.36","68","Delichon urbicum","0","0","1","0"
"0.36","68","Streptopelia decaocto","0","0","0","1"
"0.36","68","Phoenicurus ochruros","0","0","1","0"
"0.36","68","Parus major","0","0","1","0"
"0.36","68","Serinus serinus","0","0","1","0"
"0.36","68","Milvus migrans","0","0","1","0"
"0.36","68","Motacilla alba","0","0","1","0"
"0.36","68","Gyps fulvus","0","0","1","0"
"0.36","68","Erithacus rubecula","0","0","1","0"
"0.36","68","Garrulus glandarius","0","0","1","0"
"0.36","68","Cyanistes caeruleus","0","0","1","0"
"0.36","68","Buteo buteo","0","0","1","0"
"0.36","68","Columba livia","0","0","1","0"
"0.36","68","Falco tinnunculus","0","0","1","0"
"0.36","68","Chloris chloris","0","0","1","0"
"0.36","68","Emberiza cirlus","0","0","1","0"
"0.36","68","Troglodytes troglodytes","0","0","1","0"
"0.36","68","Oriolus oriolus","0","0","0","1"
"0.36","68","Periparus ater","0","0","1","0"
"0.36","68","Linaria cannabina","0","0","1","0"
"0.36","68","Ptyonoprogne rupestris","0","0","1","0"
"0.36","68","Ardea cinerea","0","0","1","0"
"0.36","68","Certhia brachydactyla","0","0","1","0"
"0.36","68","Larus michahellis","0","0","1","0"
"0.36","68","Picus viridis","0","0","1","0"
"0.36","68","Sturnus vulgaris","0","0","1","0"
"0.36","68","Dendrocopos major","0","0","1","0"
"0.36","68","Anas platyrhynchos","0","0","1","0"
"0.36","68","Merops apiaster","0","0","1","0"
"0.36","68","Phylloscopus bonelli","0","0","1","0"
"0.36","68","Saxicola rubicola","1","0","0","0"
"0.36","68","Streptopelia turtur","0","0","1","0"
"0.36","68","Sitta europaea","0","0","1","0"
"0.36","68","Aegithalos caudatus","0","0","1","0"
"0.36","68","Hippolais polyglotta","0","0","1","0"
"0.36","68","Upupa epops","0","0","1","0"
"0.36","68","Corvus corax","0","0","1","0"
"0.36","68","Phylloscopus collybita","0","0","1","0"
"0.36","68","Regulus ignicapilla","0","0","1","0"
"0.36","68","Lophophanes cristatus","0","0","1","0"
"0.36","68","Chroicocephalus ridibundus","0","0","1","0"
"0.36","68","Luscinia megarhynchos","0","0","0","1"
"0.36","68","Fulica atra","0","0","1","0"
"0.36","68","Turdus viscivorus","0","0","1","0"
"0.36","68","Egretta garzetta","0","0","1","0"
"0.36","68","Turdus philomelos","0","0","1","0"
"0.36","68","Galerida cristata","0","0","1","0"
"0.36","68","Lanius collurio","0","0","1","0"
"0.36","68","Alauda arvensis","0","0","1","0"
"0.36","68","Pyrrhocorax pyrrhocorax","0","0","1","0"
"0.36","68","Circaetus gallicus","0","0","1","0"
"0.36","68","Phalacrocorax carbo","0","0","1","0"
"0.36","68","Gallinula chloropus","0","0","1","0"
"0.36","68","Lullula arborea","0","0","1","0"
"0.36","68","Cisticola juncidis","0","0","1","0"
"0.36","68","Curruca melanocephala","0","0","1","0"
"0.36","68","Milvus milvus","0","0","1","0"
"0.36","68","Cuculus canorus","0","0","1","0"
"0.36","68","Cettia cetti","0","0","1","0"
"0.36","68","Motacilla cinerea","0","0","1","0"
"0.36","68","Carduelis citrinella","0","0","1","0"
"0.36","68","Hieraaetus pennatus","0","0","1","0"
"0.36","68","Emberiza calandra","0","0","0","1"
"0.36","68","Petronia petronia","0","0","1","0"
"0.36","68","Oenanthe oenanthe","0","0","1","0"
"0.36","68","Bubulcus ibis","0","0","1","0"
"0.36","68","Lanius senator","0","0","1","0"
"0.36","68","Ciconia ciconia","0","0","1","0"
"0.36","68","Picus sharpei","0","0","1","0"
"0.36","68","Muscicapa striata","0","0","1","0"
"0.36","68","Acrocephalus scirpaceus","0","0","1","0"
"0.36","68","Coturnix coturnix","1","0","0","0"
"0.36","68","Curruca communis","0","0","0","1"
"0.36","68","Pernis apivorus","0","0","1","0"
"0.36","68","Himantopus himantopus","0","0","1","0"
"0.36","68","Circus aeruginosus","0","0","1","0"
"0.36","68","Phoenicurus phoenicurus","0","0","1","0"
"0.36","68","Corvus monedula","0","0","1","0"
"0.36","68","Prunella modularis","0","0","1","0"
"0.36","68","Alectoris rufa","0","0","1","0"
"0.36","68","Sterna hirundo","0","0","1","0"
"0.36","68","Podiceps cristatus","0","0","1","0"
"0.36","68","Emberiza citrinella","0","0","1","0"
"0.36","68","Emberiza cia","0","0","1","0"
"0.36","68","Curruca iberiae","0","0","1","0"
"0.36","68","Passer montanus","0","0","1","0"
"0.36","68","Motacilla flava","0","0","1","0"
"0.36","68","Tachybaptus ruficollis","0","0","1","0"
"0.36","68","Sturnus unicolor","0","0","1","0"
"0.36","68","Alcedo atthis","0","0","1","0"
"0.36","68","Anthus trivialis","0","0","1","0"
"0.36","68","Ardea purpurea","0","0","1","0"
"0.36","68","Actitis hypoleucos","0","0","1","0"
"0.36","68","Charadrius dubius","0","0","1","0"
"0.36","68","Pyrrhula pyrrhula","0","0","1","0"
"0.36","68","Apus melba","0","0","1","0"
"0.36","68","Curruca undata","0","0","1","0"
"0.36","68","Tringa ochropus","0","0","1","0"
"0.36","68","Falco subbuteo","0","0","1","0"
"0.36","68","Recurvirostra avosetta","0","0","1","0"
"0.36","68","Sylvia borin","0","0","1","0"
"0.36","68","Anthus spinoletta","0","0","1","0"
"0.36","68","Vanellus vanellus","0","0","1","0"
"0.36","68","Cinclus cinclus","0","0","1","0"
"0.36","68","Riparia riparia","0","0","1","0"
"0.36","68","Anthus campestris","0","0","1","0"
"0.36","68","Poecile palustris","0","0","1","0"
"0.36","68","Tadorna tadorna","0","0","1","0"
"0.36","68","Netta rufina","0","0","1","0"
"0.36","68","Aythya ferina","0","0","1","0"
"0.36","68","Acrocephalus arundinaceus","0","0","1","0"
"0.36","68","Circus pygargus","0","0","1","0"
"0.36","68","Accipiter nisus","0","0","1","0"
"0.36","68","Aquila chrysaetos","0","0","1","0"
"0.36","68","Pyrrhocorax graculus","0","0","1","0"
"0.36","68","Nycticorax nycticorax","0","0","1","0"
"0.36","68","Galerida theklae","0","0","1","0"
"0.36","68","Ardea alba","0","0","1","0"
"0.36","68","Burhinus oedicnemus","0","0","1","0"
"0.36","68","Loxia curvirostra","0","0","1","0"
"0.36","68","Sternula albifrons","0","0","1","0"
"0.36","68","Cygnus olor","0","0","1","0"
"0.36","68","Phoenicopterus roseus","0","0","1","0"
"0.36","68","Coccothraustes coccothraustes","0","0","1","0"
"0.36","68","Columba oenas","0","0","1","0"
"0.36","68","Emberiza schoeniclus","0","0","1","0"
"0.36","68","Rallus aquaticus","0","0","1","0"
"0.36","68","Plegadis falcinellus","0","0","1","0"
"0.36","68","Strix aluco","0","0","1","0"
"0.36","68","Mareca strepera","0","0","1","0"
"0.36","68","Ichthyaetus melanocephalus","0","0","1","0"
"0.36","68","Cecropis daurica","0","0","1","0"
"0.36","68","Lanius meridionalis","0","0","1","0"
"0.36","68","Platalea leucorodia","0","0","1","0"
"0.36","68","Melanocorypha calandra","0","0","1","0"
"0.36","68","Tringa totanus","0","0","1","0"
"0.36","68","Ficedula hypoleuca","0","0","1","0"
"0.36","68","Saxicola rubetra","0","0","1","0"
"0.36","68","Athene noctua","0","0","1","0"
"0.36","68","Coracias garrulus","0","0","1","0"
"0.36","68","Thalasseus sandvicensis","0","0","1","0"
"0.36","68","Regulus regulus","0","0","1","0"
"0.36","68","Spatula clypeata","0","0","1","0"
"0.36","68","Chlidonias niger","0","0","1","0"
"0.36","68","Phasianus colchicus","0","0","1","0"
"0.36","68","Podiceps nigricollis","0","0","1","0"
"0.36","68","Falco naumanni","0","0","1","0"
"0.36","68","Tyto alba","0","0","1","0"
"0.36","68","Passer hispaniolensis","0","0","1","0"
"0.36","68","Charadrius hiaticula","0","0","1","0"
"0.36","68","Limosa limosa","0","0","1","0"
"0.36","68","Psittacula krameri","0","0","1","0"
"0.36","68","Spinus spinus","0","0","1","0"
"0.36","68","Charadrius alexandrinus","0","0","1","0"
"0.36","68","Numenius arquata","0","0","1","0"
"0.36","68","Pandion haliaetus","0","0","1","0"
"0.36","68","Larus fuscus","0","0","1","0"
"0.36","68","Phylloscopus trochilus","0","0","1","0"
"0.36","68","Otus scops","0","0","1","0"
"0.36","68","Jynx torquilla","0","0","1","0"
"0.36","69","Turdus merula","0","0","0","1"
"0.36","69","Apus apus","0","0","1","0"
"0.36","69","Columba palumbus","0","0","1","0"
"0.36","69","Passer domesticus","0","0","0","1"
"0.36","69","Fringilla coelebs","0","0","1","0"
"0.36","69","Hirundo rustica","0","0","1","0"
"0.36","69","Corvus corone","0","0","1","0"
"0.36","69","Sylvia atricapilla","0","0","0","1"
"0.36","69","Carduelis carduelis","0","0","1","0"
"0.36","69","Pica pica","0","0","1","0"
"0.36","69","Delichon urbicum","0","0","1","0"
"0.36","69","Streptopelia decaocto","0","0","1","0"
"0.36","69","Phoenicurus ochruros","0","0","1","0"
"0.36","69","Parus major","0","0","1","0"
"0.36","69","Serinus serinus","0","0","1","0"
"0.36","69","Milvus migrans","0","0","0","1"
"0.36","69","Motacilla alba","0","0","1","0"
"0.36","69","Gyps fulvus","0","0","1","0"
"0.36","69","Erithacus rubecula","0","0","1","0"
"0.36","69","Garrulus glandarius","0","0","1","0"
"0.36","69","Cyanistes caeruleus","0","0","1","0"
"0.36","69","Buteo buteo","0","0","1","0"
"0.36","69","Columba livia","0","0","1","0"
"0.36","69","Falco tinnunculus","0","0","1","0"
"0.36","69","Chloris chloris","0","0","1","0"
"0.36","69","Emberiza cirlus","0","0","1","0"
"0.36","69","Troglodytes troglodytes","0","0","1","0"
"0.36","69","Oriolus oriolus","0","0","0","1"
"0.36","69","Periparus ater","0","0","1","0"
"0.36","69","Linaria cannabina","0","0","1","0"
"0.36","69","Ptyonoprogne rupestris","0","0","1","0"
"0.36","69","Ardea cinerea","0","0","1","0"
"0.36","69","Certhia brachydactyla","0","0","1","0"
"0.36","69","Larus michahellis","0","0","1","0"
"0.36","69","Picus viridis","0","0","1","0"
"0.36","69","Sturnus vulgaris","0","0","1","0"
"0.36","69","Dendrocopos major","0","0","1","0"
"0.36","69","Anas platyrhynchos","0","0","1","0"
"0.36","69","Merops apiaster","0","0","1","0"
"0.36","69","Phylloscopus bonelli","0","0","1","0"
"0.36","69","Saxicola rubicola","0","0","1","0"
"0.36","69","Streptopelia turtur","0","0","1","0"
"0.36","69","Sitta europaea","0","0","1","0"
"0.36","69","Aegithalos caudatus","0","0","1","0"
"0.36","69","Hippolais polyglotta","0","0","1","0"
"0.36","69","Upupa epops","0","0","1","0"
"0.36","69","Corvus corax","0","0","1","0"
"0.36","69","Phylloscopus collybita","0","0","1","0"
"0.36","69","Regulus ignicapilla","0","0","1","0"
"0.36","69","Lophophanes cristatus","0","0","1","0"
"0.36","69","Chroicocephalus ridibundus","0","0","1","0"
"0.36","69","Luscinia megarhynchos","0","0","0","1"
"0.36","69","Fulica atra","0","0","1","0"
"0.36","69","Turdus viscivorus","0","0","1","0"
"0.36","69","Egretta garzetta","0","0","1","0"
"0.36","69","Turdus philomelos","0","0","1","0"
"0.36","69","Galerida cristata","0","0","1","0"
"0.36","69","Lanius collurio","0","0","1","0"
"0.36","69","Alauda arvensis","0","0","1","0"
"0.36","69","Pyrrhocorax pyrrhocorax","0","0","1","0"
"0.36","69","Circaetus gallicus","0","0","1","0"
"0.36","69","Phalacrocorax carbo","0","0","1","0"
"0.36","69","Gallinula chloropus","0","0","1","0"
"0.36","69","Lullula arborea","0","0","1","0"
"0.36","69","Cisticola juncidis","0","0","1","0"
"0.36","69","Curruca melanocephala","0","0","1","0"
"0.36","69","Milvus milvus","0","0","1","0"
"0.36","69","Cuculus canorus","0","0","1","0"
"0.36","69","Cettia cetti","0","0","1","0"
"0.36","69","Motacilla cinerea","0","0","1","0"
"0.36","69","Carduelis citrinella","0","0","1","0"
"0.36","69","Hieraaetus pennatus","0","0","1","0"
"0.36","69","Emberiza calandra","0","0","0","1"
"0.36","69","Petronia petronia","0","0","1","0"
"0.36","69","Oenanthe oenanthe","0","0","1","0"
"0.36","69","Bubulcus ibis","0","0","1","0"
"0.36","69","Lanius senator","0","0","1","0"
"0.36","69","Ciconia ciconia","0","0","1","0"
"0.36","69","Picus sharpei","0","0","1","0"
"0.36","69","Muscicapa striata","0","0","1","0"
"0.36","69","Acrocephalus scirpaceus","0","0","1","0"
"0.36","69","Coturnix coturnix","0","0","1","0"
"0.36","69","Curruca communis","0","0","0","1"
"0.36","69","Pernis apivorus","0","0","1","0"
"0.36","69","Himantopus himantopus","0","0","1","0"
"0.36","69","Circus aeruginosus","0","0","1","0"
"0.36","69","Phoenicurus phoenicurus","0","0","1","0"
"0.36","69","Corvus monedula","0","0","1","0"
"0.36","69","Prunella modularis","0","0","1","0"
"0.36","69","Alectoris rufa","0","0","1","0"
"0.36","69","Sterna hirundo","0","0","1","0"
"0.36","69","Podiceps cristatus","0","0","1","0"
"0.36","69","Emberiza citrinella","0","0","1","0"
"0.36","69","Emberiza cia","0","0","1","0"
"0.36","69","Curruca iberiae","0","0","1","0"
"0.36","69","Passer montanus","0","0","1","0"
"0.36","69","Motacilla flava","0","0","1","0"
"0.36","69","Tachybaptus ruficollis","0","0","1","0"
"0.36","69","Sturnus unicolor","0","0","1","0"
"0.36","69","Alcedo atthis","0","0","1","0"
"0.36","69","Anthus trivialis","0","0","1","0"
"0.36","69","Ardea purpurea","0","0","1","0"
"0.36","69","Actitis hypoleucos","0","0","1","0"
"0.36","69","Charadrius dubius","0","0","1","0"
"0.36","69","Pyrrhula pyrrhula","0","0","1","0"
"0.36","69","Apus melba","0","0","1","0"
"0.36","69","Curruca undata","0","0","1","0"
"0.36","69","Tringa ochropus","0","0","1","0"
"0.36","69","Falco subbuteo","0","0","1","0"
"0.36","69","Recurvirostra avosetta","0","0","1","0"
"0.36","69","Sylvia borin","0","0","1","0"
"0.36","69","Anthus spinoletta","0","0","1","0"
"0.36","69","Vanellus vanellus","0","0","1","0"
"0.36","69","Cinclus cinclus","0","0","1","0"
"0.36","69","Riparia riparia","0","0","1","0"
"0.36","69","Anthus campestris","0","0","1","0"
"0.36","69","Poecile palustris","0","0","1","0"
"0.36","69","Tadorna tadorna","0","0","1","0"
"0.36","69","Netta rufina","0","0","1","0"
"0.36","69","Aythya ferina","0","0","1","0"
"0.36","69","Acrocephalus arundinaceus","0","0","1","0"
"0.36","69","Circus pygargus","0","0","1","0"
"0.36","69","Accipiter nisus","0","0","1","0"
"0.36","69","Aquila chrysaetos","0","0","1","0"
"0.36","69","Pyrrhocorax graculus","0","0","1","0"
"0.36","69","Nycticorax nycticorax","0","0","1","0"
"0.36","69","Galerida theklae","0","0","1","0"
"0.36","69","Ardea alba","0","0","1","0"
"0.36","69","Burhinus oedicnemus","0","0","1","0"
"0.36","69","Loxia curvirostra","0","0","1","0"
"0.36","69","Sternula albifrons","0","0","1","0"
"0.36","69","Cygnus olor","0","0","1","0"
"0.36","69","Phoenicopterus roseus","0","0","1","0"
"0.36","69","Coccothraustes coccothraustes","0","0","1","0"
"0.36","69","Columba oenas","0","0","1","0"
"0.36","69","Emberiza schoeniclus","0","0","1","0"
"0.36","69","Rallus aquaticus","0","0","1","0"
"0.36","69","Plegadis falcinellus","0","0","1","0"
"0.36","69","Strix aluco","0","0","1","0"
"0.36","69","Mareca strepera","0","0","1","0"
"0.36","69","Ichthyaetus melanocephalus","0","0","1","0"
"0.36","69","Cecropis daurica","0","0","1","0"
"0.36","69","Lanius meridionalis","0","0","1","0"
"0.36","69","Platalea leucorodia","0","0","1","0"
"0.36","69","Melanocorypha calandra","0","0","1","0"
"0.36","69","Tringa totanus","0","0","1","0"
"0.36","69","Ficedula hypoleuca","0","0","1","0"
"0.36","69","Saxicola rubetra","0","0","1","0"
"0.36","69","Athene noctua","0","0","1","0"
"0.36","69","Coracias garrulus","0","0","1","0"
"0.36","69","Thalasseus sandvicensis","0","0","1","0"
"0.36","69","Regulus regulus","0","0","1","0"
"0.36","69","Spatula clypeata","0","0","1","0"
"0.36","69","Chlidonias niger","0","0","1","0"
"0.36","69","Phasianus colchicus","0","0","1","0"
"0.36","69","Podiceps nigricollis","0","0","1","0"
"0.36","69","Falco naumanni","0","0","1","0"
"0.36","69","Tyto alba","0","0","1","0"
"0.36","69","Passer hispaniolensis","0","0","1","0"
"0.36","69","Charadrius hiaticula","0","0","1","0"
"0.36","69","Limosa limosa","0","0","1","0"
"0.36","69","Psittacula krameri","0","0","1","0"
"0.36","69","Spinus spinus","0","0","1","0"
"0.36","69","Charadrius alexandrinus","0","0","1","0"
"0.36","69","Numenius arquata","0","0","1","0"
"0.36","69","Pandion haliaetus","0","0","1","0"
"0.36","69","Larus fuscus","0","0","1","0"
"0.36","69","Phylloscopus trochilus","0","0","1","0"
"0.36","69","Otus scops","0","0","1","0"
"0.36","69","Jynx torquilla","0","0","1","0"
"0.36","70","Turdus merula","0","0","0","1"
"0.36","70","Apus apus","0","0","1","0"
"0.36","70","Fringilla coelebs","0","0","1","0"
"0.36","70","Columba palumbus","0","0","1","0"
"0.36","70","Hirundo rustica","0","0","1","0"
"0.36","70","Passer domesticus","0","0","1","0"
"0.36","70","Sylvia atricapilla","0","0","0","1"
"0.36","70","Corvus corone","0","0","1","0"
"0.36","70","Pica pica","0","0","1","0"
"0.36","70","Carduelis carduelis","0","0","1","0"
"0.36","70","Serinus serinus","0","0","1","0"
"0.36","70","Parus major","0","0","1","0"
"0.36","70","Milvus migrans","0","0","1","0"
"0.36","70","Streptopelia decaocto","0","0","1","0"
"0.36","70","Delichon urbicum","0","0","1","0"
"0.36","70","Phoenicurus ochruros","0","0","1","0"
"0.36","70","Erithacus rubecula","0","0","0","1"
"0.36","70","Gyps fulvus","0","0","1","0"
"0.36","70","Motacilla alba","0","0","1","0"
"0.36","70","Garrulus glandarius","0","0","1","0"
"0.36","70","Cyanistes caeruleus","0","0","1","0"
"0.36","70","Chloris chloris","0","0","1","0"
"0.36","70","Troglodytes troglodytes","0","0","1","0"
"0.36","70","Emberiza cirlus","0","0","1","0"
"0.36","70","Luscinia megarhynchos","0","0","1","0"
"0.36","70","Oriolus oriolus","0","0","1","0"
"0.36","70","Columba livia","0","0","1","0"
"0.36","70","Falco tinnunculus","0","0","1","0"
"0.36","70","Cuculus canorus","0","0","1","0"
"0.36","70","Buteo buteo","0","0","1","0"
"0.36","70","Sturnus vulgaris","0","0","1","0"
"0.36","70","Phylloscopus bonelli","0","0","1","0"
"0.36","70","Linaria cannabina","0","0","1","0"
"0.36","70","Periparus ater","0","0","1","0"
"0.36","70","Hippolais polyglotta","0","0","1","0"
"0.36","70","Larus michahellis","0","0","1","0"
"0.36","70","Merops apiaster","0","0","1","0"
"0.36","70","Ptyonoprogne rupestris","0","0","1","0"
"0.36","70","Anas platyrhynchos","0","0","1","0"
"0.36","70","Certhia brachydactyla","0","0","1","0"
"0.36","70","Saxicola rubicola","0","0","1","0"
"0.36","70","Ardea cinerea","0","0","1","0"
"0.36","70","Dendrocopos major","0","0","1","0"
"0.36","70","Picus viridis","0","0","1","0"
"0.36","70","Streptopelia turtur","0","0","1","0"
"0.36","70","Upupa epops","0","0","1","0"
"0.36","70","Emberiza calandra","0","0","1","0"
"0.36","70","Regulus ignicapilla","0","0","1","0"
"0.36","70","Corvus corax","0","0","1","0"
"0.36","70","Aegithalos caudatus","0","0","1","0"
"0.36","70","Alauda arvensis","0","0","1","0"
"0.36","70","Turdus philomelos","0","0","1","0"
"0.36","70","Turdus viscivorus","0","0","1","0"
"0.36","70","Sitta europaea","0","0","1","0"
"0.36","70","Lullula arborea","0","0","1","0"
"0.36","70","Pyrrhocorax pyrrhocorax","0","0","1","0"
"0.36","70","Galerida cristata","0","0","1","0"
"0.36","70","Phylloscopus collybita","0","0","0","1"
"0.36","70","Petronia petronia","0","0","1","0"
"0.36","70","Cettia cetti","0","0","1","0"
"0.36","70","Lophophanes cristatus","0","0","1","0"
"0.36","70","Fulica atra","0","0","1","0"
"0.36","70","Egretta garzetta","0","0","1","0"
"0.36","70","Curruca melanocephala","0","0","1","0"
"0.36","70","Lanius collurio","0","0","1","0"
"0.36","70","Cisticola juncidis","0","0","1","0"
"0.36","70","Curruca communis","0","0","1","0"
"0.36","70","Circaetus gallicus","0","0","1","0"
"0.36","70","Phalacrocorax carbo","0","0","1","0"
"0.36","70","Carduelis citrinella","0","0","1","0"
"0.36","70","Milvus milvus","0","0","1","0"
"0.36","70","Gallinula chloropus","0","0","1","0"
"0.36","70","Hieraaetus pennatus","0","0","1","0"
"0.36","70","Oenanthe oenanthe","0","0","1","0"
"0.36","70","Ciconia ciconia","0","0","1","0"
"0.36","70","Picus sharpei","0","0","1","0"
"0.36","70","Phoenicurus phoenicurus","0","0","1","0"
"0.36","70","Chroicocephalus ridibundus","0","0","1","0"
"0.36","70","Motacilla cinerea","0","0","1","0"
"0.36","70","Corvus monedula","0","0","1","0"
"0.36","70","Lanius senator","0","0","1","0"
"0.36","70","Himantopus himantopus","0","0","1","0"
"0.36","70","Acrocephalus scirpaceus","0","0","1","0"
"0.36","70","Prunella modularis","0","0","1","0"
"0.36","70","Emberiza cia","0","0","1","0"
"0.36","70","Alectoris rufa","0","0","1","0"
"0.36","70","Curruca iberiae","0","0","1","0"
"0.36","70","Emberiza citrinella","0","0","1","0"
"0.36","70","Coturnix coturnix","0","0","1","0"
"0.36","70","Bubulcus ibis","0","0","1","0"
"0.36","70","Circus aeruginosus","0","0","1","0"
"0.36","70","Sturnus unicolor","0","0","1","0"
"0.36","70","Motacilla flava","0","0","1","0"
"0.36","70","Muscicapa striata","0","0","1","0"
"0.36","70","Sterna hirundo","0","0","1","0"
"0.36","70","Pernis apivorus","0","0","1","0"
"0.36","70","Acrocephalus arundinaceus","0","0","1","0"
"0.36","70","Passer montanus","0","0","1","0"
"0.36","70","Podiceps cristatus","0","0","1","0"
"0.36","70","Anthus trivialis","0","0","1","0"
"0.36","70","Ardea purpurea","0","0","1","0"
"0.36","70","Sylvia borin","0","0","1","0"
"0.36","70","Tachybaptus ruficollis","0","0","1","0"
"0.36","70","Charadrius dubius","0","0","1","0"
"0.36","70","Curruca undata","0","0","1","0"
"0.36","70","Falco subbuteo","0","0","1","0"
"0.36","70","Apus melba","0","0","1","0"
"0.36","70","Pyrrhula pyrrhula","0","0","1","0"
"0.36","70","Recurvirostra avosetta","0","0","1","0"
"0.36","70","Tadorna tadorna","0","0","1","0"
"0.36","70","Riparia riparia","0","0","1","0"
"0.36","70","Anthus campestris","0","0","1","0"
"0.36","70","Netta rufina","0","0","1","0"
"0.36","70","Circus pygargus","0","0","1","0"
"0.36","70","Galerida theklae","0","0","1","0"
"0.36","70","Cinclus cinclus","0","0","1","0"
"0.36","70","Poecile palustris","0","0","1","0"
"0.36","70","Aquila chrysaetos","0","0","1","0"
"0.36","70","Actitis hypoleucos","0","0","1","0"
"0.36","70","Pyrrhocorax graculus","0","0","1","0"
"0.36","70","Aythya ferina","0","0","1","0"
"0.36","70","Alcedo atthis","0","0","1","0"
"0.36","70","Burhinus oedicnemus","0","0","1","0"
"0.36","70","Accipiter nisus","0","0","1","0"
"0.36","70","Sternula albifrons","0","0","1","0"
"0.36","70","Anthus spinoletta","0","0","1","0"
"0.36","70","Nycticorax nycticorax","0","0","1","0"
"0.36","70","Melanocorypha calandra","0","0","1","0"
"0.36","70","Vanellus vanellus","0","0","1","0"
"0.36","70","Coccothraustes coccothraustes","0","0","1","0"
"0.36","70","Phasianus colchicus","0","0","1","0"
"0.36","70","Cygnus olor","0","0","1","0"
"0.36","70","Saxicola rubetra","0","0","1","0"
"0.36","70","Loxia curvirostra","0","0","1","0"
"0.36","70","Emberiza schoeniclus","0","0","1","0"
"0.36","70","Tringa ochropus","0","0","1","0"
"0.36","70","Mareca strepera","0","0","1","0"
"0.36","70","Phoenicopterus roseus","0","0","1","0"
"0.36","70","Plegadis falcinellus","0","0","1","0"
"0.36","70","Ardea alba","0","0","1","0"
"0.36","70","Strix aluco","0","0","1","0"
"0.36","70","Tringa totanus","0","0","1","0"
"0.36","70","Columba oenas","0","0","1","0"
"0.36","70","Regulus regulus","0","0","1","0"
"0.36","70","Ichthyaetus melanocephalus","0","0","1","0"
"0.36","70","Coracias garrulus","0","0","1","0"
"0.36","70","Passer hispaniolensis","0","0","1","0"
"0.36","70","Cecropis daurica","0","0","1","0"
"0.36","70","Falco naumanni","0","0","1","0"
"0.36","70","Athene noctua","0","0","1","0"
"0.36","70","Rallus aquaticus","0","0","1","0"
"0.36","70","Psittacula krameri","0","0","1","0"
"0.36","70","Platalea leucorodia","0","0","1","0"
"0.36","70","Lanius meridionalis","0","0","1","0"
"0.36","70","Phylloscopus ibericus","0","0","1","0"
"0.36","70","Aegypius monachus","0","0","1","0"
"0.36","70","Otus scops","0","0","1","0"
"0.36","70","Jynx torquilla","0","0","1","0"
"0.36","71","Turdus merula","0","0","1","0"
"0.36","71","Apus apus","0","0","1","0"
"0.36","71","Fringilla coelebs","0","0","1","0"
"0.36","71","Columba palumbus","0","0","1","0"
"0.36","71","Hirundo rustica","0","0","1","0"
"0.36","71","Passer domesticus","0","0","1","0"
"0.36","71","Sylvia atricapilla","0","0","1","0"
"0.36","71","Corvus corone","0","0","1","0"
"0.36","71","Pica pica","0","0","1","0"
"0.36","71","Carduelis carduelis","0","0","1","0"
"0.36","71","Serinus serinus","0","0","1","0"
"0.36","71","Parus major","0","0","1","0"
"0.36","71","Milvus migrans","0","0","1","0"
"0.36","71","Streptopelia decaocto","0","0","1","0"
"0.36","71","Delichon urbicum","0","0","1","0"
"0.36","71","Phoenicurus ochruros","0","0","1","0"
"0.36","71","Erithacus rubecula","0","0","1","0"
"0.36","71","Gyps fulvus","0","0","1","0"
"0.36","71","Motacilla alba","0","0","1","0"
"0.36","71","Garrulus glandarius","0","0","1","0"
"0.36","71","Cyanistes caeruleus","0","0","1","0"
"0.36","71","Chloris chloris","0","0","1","0"
"0.36","71","Troglodytes troglodytes","0","0","1","0"
"0.36","71","Emberiza cirlus","0","0","1","0"
"0.36","71","Luscinia megarhynchos","0","0","1","0"
"0.36","71","Oriolus oriolus","0","0","1","0"
"0.36","71","Columba livia","0","0","1","0"
"0.36","71","Falco tinnunculus","0","0","1","0"
"0.36","71","Cuculus canorus","0","0","1","0"
"0.36","71","Buteo buteo","0","0","1","0"
"0.36","71","Sturnus vulgaris","0","0","1","0"
"0.36","71","Phylloscopus bonelli","0","0","1","0"
"0.36","71","Linaria cannabina","0","0","1","0"
"0.36","71","Periparus ater","0","0","1","0"
"0.36","71","Hippolais polyglotta","0","0","1","0"
"0.36","71","Larus michahellis","0","0","1","0"
"0.36","71","Merops apiaster","0","0","1","0"
"0.36","71","Ptyonoprogne rupestris","0","0","1","0"
"0.36","71","Anas platyrhynchos","0","0","1","0"
"0.36","71","Certhia brachydactyla","0","0","1","0"
"0.36","71","Saxicola rubicola","0","0","1","0"
"0.36","71","Ardea cinerea","0","0","1","0"
"0.36","71","Dendrocopos major","0","0","1","0"
"0.36","71","Picus viridis","0","0","1","0"
"0.36","71","Streptopelia turtur","0","0","1","0"
"0.36","71","Upupa epops","0","0","1","0"
"0.36","71","Emberiza calandra","0","0","1","0"
"0.36","71","Regulus ignicapilla","0","0","1","0"
"0.36","71","Corvus corax","0","0","1","0"
"0.36","71","Aegithalos caudatus","0","0","1","0"
"0.36","71","Alauda arvensis","0","0","1","0"
"0.36","71","Turdus philomelos","0","0","1","0"
"0.36","71","Turdus viscivorus","0","0","1","0"
"0.36","71","Sitta europaea","0","0","1","0"
"0.36","71","Lullula arborea","0","0","1","0"
"0.36","71","Pyrrhocorax pyrrhocorax","0","0","1","0"
"0.36","71","Galerida cristata","0","0","1","0"
"0.36","71","Phylloscopus collybita","0","0","1","0"
"0.36","71","Petronia petronia","0","0","1","0"
"0.36","71","Cettia cetti","0","0","1","0"
"0.36","71","Lophophanes cristatus","0","0","1","0"
"0.36","71","Fulica atra","0","0","1","0"
"0.36","71","Egretta garzetta","0","0","1","0"
"0.36","71","Curruca melanocephala","0","0","1","0"
"0.36","71","Lanius collurio","0","0","1","0"
"0.36","71","Cisticola juncidis","0","0","1","0"
"0.36","71","Curruca communis","0","0","1","0"
"0.36","71","Circaetus gallicus","0","0","1","0"
"0.36","71","Phalacrocorax carbo","0","0","1","0"
"0.36","71","Carduelis citrinella","0","0","1","0"
"0.36","71","Milvus milvus","0","0","1","0"
"0.36","71","Gallinula chloropus","0","0","1","0"
"0.36","71","Hieraaetus pennatus","0","0","1","0"
"0.36","71","Oenanthe oenanthe","0","0","1","0"
"0.36","71","Ciconia ciconia","0","0","1","0"
"0.36","71","Picus sharpei","0","0","1","0"
"0.36","71","Phoenicurus phoenicurus","0","0","1","0"
"0.36","71","Chroicocephalus ridibundus","0","0","1","0"
"0.36","71","Motacilla cinerea","0","0","1","0"
"0.36","71","Corvus monedula","0","0","1","0"
"0.36","71","Lanius senator","0","0","1","0"
"0.36","71","Himantopus himantopus","0","0","1","0"
"0.36","71","Acrocephalus scirpaceus","0","0","1","0"
"0.36","71","Prunella modularis","0","0","1","0"
"0.36","71","Emberiza cia","0","0","1","0"
"0.36","71","Alectoris rufa","0","0","1","0"
"0.36","71","Curruca iberiae","0","0","1","0"
"0.36","71","Emberiza citrinella","0","0","1","0"
"0.36","71","Coturnix coturnix","0","0","1","0"
"0.36","71","Bubulcus ibis","0","0","1","0"
"0.36","71","Circus aeruginosus","0","0","1","0"
"0.36","71","Sturnus unicolor","0","0","1","0"
"0.36","71","Motacilla flava","0","0","1","0"
"0.36","71","Muscicapa striata","0","0","1","0"
"0.36","71","Sterna hirundo","0","0","1","0"
"0.36","71","Pernis apivorus","0","0","1","0"
"0.36","71","Acrocephalus arundinaceus","0","0","1","0"
"0.36","71","Passer montanus","0","0","1","0"
"0.36","71","Podiceps cristatus","0","0","1","0"
"0.36","71","Anthus trivialis","0","0","1","0"
"0.36","71","Ardea purpurea","0","0","1","0"
"0.36","71","Sylvia borin","0","0","1","0"
"0.36","71","Tachybaptus ruficollis","0","0","1","0"
"0.36","71","Charadrius dubius","0","0","1","0"
"0.36","71","Curruca undata","0","0","1","0"
"0.36","71","Falco subbuteo","0","0","1","0"
"0.36","71","Apus melba","0","0","1","0"
"0.36","71","Pyrrhula pyrrhula","0","0","1","0"
"0.36","71","Recurvirostra avosetta","0","0","1","0"
"0.36","71","Tadorna tadorna","0","0","1","0"
"0.36","71","Riparia riparia","0","0","1","0"
"0.36","71","Anthus campestris","0","0","1","0"
"0.36","71","Netta rufina","0","0","1","0"
"0.36","71","Circus pygargus","0","0","1","0"
"0.36","71","Galerida theklae","0","0","1","0"
"0.36","71","Cinclus cinclus","0","0","1","0"
"0.36","71","Poecile palustris","0","0","1","0"
"0.36","71","Aquila chrysaetos","0","0","1","0"
"0.36","71","Actitis hypoleucos","0","0","1","0"
"0.36","71","Pyrrhocorax graculus","0","0","1","0"
"0.36","71","Aythya ferina","0","0","1","0"
"0.36","71","Alcedo atthis","0","0","1","0"
"0.36","71","Burhinus oedicnemus","0","0","1","0"
"0.36","71","Accipiter nisus","0","0","1","0"
"0.36","71","Sternula albifrons","0","0","1","0"
"0.36","71","Anthus spinoletta","0","0","1","0"
"0.36","71","Nycticorax nycticorax","0","0","1","0"
"0.36","71","Melanocorypha calandra","0","0","1","0"
"0.36","71","Vanellus vanellus","0","0","1","0"
"0.36","71","Coccothraustes coccothraustes","0","0","1","0"
"0.36","71","Phasianus colchicus","0","0","1","0"
"0.36","71","Cygnus olor","0","0","1","0"
"0.36","71","Saxicola rubetra","0","0","1","0"
"0.36","71","Loxia curvirostra","0","0","1","0"
"0.36","71","Emberiza schoeniclus","0","0","1","0"
"0.36","71","Tringa ochropus","0","0","1","0"
"0.36","71","Mareca strepera","0","0","1","0"
"0.36","71","Phoenicopterus roseus","0","0","1","0"
"0.36","71","Plegadis falcinellus","0","0","1","0"
"0.36","71","Ardea alba","0","0","1","0"
"0.36","71","Strix aluco","0","0","1","0"
"0.36","71","Tringa totanus","0","0","1","0"
"0.36","71","Columba oenas","0","0","1","0"
"0.36","71","Regulus regulus","0","0","1","0"
"0.36","71","Ichthyaetus melanocephalus","0","0","1","0"
"0.36","71","Coracias garrulus","0","0","1","0"
"0.36","71","Passer hispaniolensis","0","0","1","0"
"0.36","71","Cecropis daurica","0","0","1","0"
"0.36","71","Falco naumanni","0","0","1","0"
"0.36","71","Athene noctua","0","0","1","0"
"0.36","71","Rallus aquaticus","0","0","1","0"
"0.36","71","Psittacula krameri","0","0","1","0"
"0.36","71","Platalea leucorodia","0","0","1","0"
"0.36","71","Lanius meridionalis","0","0","1","0"
"0.36","71","Phylloscopus ibericus","0","0","1","0"
"0.36","71","Aegypius monachus","0","0","1","0"
"0.36","71","Otus scops","0","0","1","0"
"0.36","71","Jynx torquilla","0","0","1","0"
"0.36","72","Turdus merula","0","0","1","0"
"0.36","72","Apus apus","0","0","1","0"
"0.36","72","Fringilla coelebs","0","0","1","0"
"0.36","72","Columba palumbus","0","0","1","0"
"0.36","72","Hirundo rustica","0","0","1","0"
"0.36","72","Passer domesticus","0","0","1","0"
"0.36","72","Sylvia atricapilla","0","0","0","1"
"0.36","72","Corvus corone","0","0","1","0"
"0.36","72","Pica pica","0","0","1","0"
"0.36","72","Carduelis carduelis","0","0","1","0"
"0.36","72","Serinus serinus","0","0","1","0"
"0.36","72","Parus major","0","0","1","0"
"0.36","72","Milvus migrans","0","0","1","0"
"0.36","72","Streptopelia decaocto","0","0","1","0"
"0.36","72","Delichon urbicum","0","0","1","0"
"0.36","72","Phoenicurus ochruros","0","0","1","0"
"0.36","72","Erithacus rubecula","0","0","1","0"
"0.36","72","Gyps fulvus","0","0","1","0"
"0.36","72","Motacilla alba","0","0","1","0"
"0.36","72","Garrulus glandarius","0","0","0","1"
"0.36","72","Cyanistes caeruleus","0","0","1","0"
"0.36","72","Chloris chloris","0","0","1","0"
"0.36","72","Troglodytes troglodytes","1","0","0","0"
"0.36","72","Emberiza cirlus","0","0","1","0"
"0.36","72","Luscinia megarhynchos","0","0","1","0"
"0.36","72","Oriolus oriolus","0","0","1","0"
"0.36","72","Columba livia","0","0","1","0"
"0.36","72","Falco tinnunculus","0","0","1","0"
"0.36","72","Cuculus canorus","0","0","1","0"
"0.36","72","Buteo buteo","0","0","1","0"
"0.36","72","Sturnus vulgaris","0","0","1","0"
"0.36","72","Phylloscopus bonelli","0","0","1","0"
"0.36","72","Linaria cannabina","0","0","1","0"
"0.36","72","Periparus ater","0","0","1","0"
"0.36","72","Hippolais polyglotta","0","0","1","0"
"0.36","72","Larus michahellis","0","0","1","0"
"0.36","72","Merops apiaster","0","0","1","0"
"0.36","72","Ptyonoprogne rupestris","0","0","1","0"
"0.36","72","Anas platyrhynchos","0","0","1","0"
"0.36","72","Certhia brachydactyla","0","0","1","0"
"0.36","72","Saxicola rubicola","0","0","1","0"
"0.36","72","Ardea cinerea","0","0","1","0"
"0.36","72","Dendrocopos major","0","0","1","0"
"0.36","72","Picus viridis","0","0","1","0"
"0.36","72","Streptopelia turtur","0","0","1","0"
"0.36","72","Upupa epops","0","0","1","0"
"0.36","72","Emberiza calandra","0","0","1","0"
"0.36","72","Regulus ignicapilla","1","0","0","0"
"0.36","72","Corvus corax","0","0","1","0"
"0.36","72","Aegithalos caudatus","0","0","1","0"
"0.36","72","Alauda arvensis","0","0","1","0"
"0.36","72","Turdus philomelos","0","0","1","0"
"0.36","72","Turdus viscivorus","0","0","1","0"
"0.36","72","Sitta europaea","0","0","1","0"
"0.36","72","Lullula arborea","0","0","1","0"
"0.36","72","Pyrrhocorax pyrrhocorax","0","0","1","0"
"0.36","72","Galerida cristata","0","0","1","0"
"0.36","72","Phylloscopus collybita","0","0","1","0"
"0.36","72","Petronia petronia","0","0","1","0"
"0.36","72","Cettia cetti","0","0","1","0"
"0.36","72","Lophophanes cristatus","0","0","1","0"
"0.36","72","Fulica atra","0","0","1","0"
"0.36","72","Egretta garzetta","0","0","1","0"
"0.36","72","Curruca melanocephala","0","0","1","0"
"0.36","72","Lanius collurio","0","0","1","0"
"0.36","72","Cisticola juncidis","0","0","1","0"
"0.36","72","Curruca communis","0","0","0","1"
"0.36","72","Circaetus gallicus","0","0","1","0"
"0.36","72","Phalacrocorax carbo","0","0","1","0"
"0.36","72","Carduelis citrinella","0","0","1","0"
"0.36","72","Milvus milvus","0","0","1","0"
"0.36","72","Gallinula chloropus","0","0","1","0"
"0.36","72","Hieraaetus pennatus","0","0","1","0"
"0.36","72","Oenanthe oenanthe","0","0","1","0"
"0.36","72","Ciconia ciconia","0","0","1","0"
"0.36","72","Picus sharpei","0","0","1","0"
"0.36","72","Phoenicurus phoenicurus","0","0","1","0"
"0.36","72","Chroicocephalus ridibundus","0","0","1","0"
"0.36","72","Motacilla cinerea","0","0","1","0"
"0.36","72","Corvus monedula","0","0","1","0"
"0.36","72","Lanius senator","0","0","1","0"
"0.36","72","Himantopus himantopus","0","0","1","0"
"0.36","72","Acrocephalus scirpaceus","0","0","1","0"
"0.36","72","Prunella modularis","0","0","1","0"
"0.36","72","Emberiza cia","0","0","1","0"
"0.36","72","Alectoris rufa","0","0","1","0"
"0.36","72","Curruca iberiae","0","0","1","0"
"0.36","72","Emberiza citrinella","0","0","1","0"
"0.36","72","Coturnix coturnix","0","0","1","0"
"0.36","72","Bubulcus ibis","0","0","1","0"
"0.36","72","Circus aeruginosus","0","0","1","0"
"0.36","72","Sturnus unicolor","0","0","1","0"
"0.36","72","Motacilla flava","0","0","1","0"
"0.36","72","Muscicapa striata","0","0","1","0"
"0.36","72","Sterna hirundo","0","0","1","0"
"0.36","72","Pernis apivorus","0","0","1","0"
"0.36","72","Acrocephalus arundinaceus","0","0","1","0"
"0.36","72","Passer montanus","0","0","1","0"
"0.36","72","Podiceps cristatus","0","0","1","0"
"0.36","72","Anthus trivialis","0","0","1","0"
"0.36","72","Ardea purpurea","0","0","1","0"
"0.36","72","Sylvia borin","0","0","1","0"
"0.36","72","Tachybaptus ruficollis","0","0","1","0"
"0.36","72","Charadrius dubius","0","0","1","0"
"0.36","72","Curruca undata","0","0","1","0"
"0.36","72","Falco subbuteo","0","0","1","0"
"0.36","72","Apus melba","0","0","1","0"
"0.36","72","Pyrrhula pyrrhula","0","0","1","0"
"0.36","72","Recurvirostra avosetta","0","0","1","0"
"0.36","72","Tadorna tadorna","0","0","1","0"
"0.36","72","Riparia riparia","0","0","1","0"
"0.36","72","Anthus campestris","0","0","1","0"
"0.36","72","Netta rufina","0","0","1","0"
"0.36","72","Circus pygargus","0","0","1","0"
"0.36","72","Galerida theklae","0","0","1","0"
"0.36","72","Cinclus cinclus","0","0","1","0"
"0.36","72","Poecile palustris","0","0","1","0"
"0.36","72","Aquila chrysaetos","0","0","1","0"
"0.36","72","Actitis hypoleucos","0","0","1","0"
"0.36","72","Pyrrhocorax graculus","0","0","1","0"
"0.36","72","Aythya ferina","0","0","1","0"
"0.36","72","Alcedo atthis","0","0","1","0"
"0.36","72","Burhinus oedicnemus","0","0","1","0"
"0.36","72","Accipiter nisus","0","0","1","0"
"0.36","72","Sternula albifrons","0","0","1","0"
"0.36","72","Anthus spinoletta","0","0","1","0"
"0.36","72","Nycticorax nycticorax","0","0","1","0"
"0.36","72","Melanocorypha calandra","0","0","1","0"
"0.36","72","Vanellus vanellus","0","0","1","0"
"0.36","72","Coccothraustes coccothraustes","0","0","1","0"
"0.36","72","Phasianus colchicus","0","0","1","0"
"0.36","72","Cygnus olor","0","0","1","0"
"0.36","72","Saxicola rubetra","0","0","1","0"
"0.36","72","Loxia curvirostra","0","0","1","0"
"0.36","72","Emberiza schoeniclus","0","0","1","0"
"0.36","72","Tringa ochropus","0","0","1","0"
"0.36","72","Mareca strepera","0","0","1","0"
"0.36","72","Phoenicopterus roseus","0","0","1","0"
"0.36","72","Plegadis falcinellus","0","0","1","0"
"0.36","72","Ardea alba","0","0","1","0"
"0.36","72","Strix aluco","0","0","1","0"
"0.36","72","Tringa totanus","0","0","1","0"
"0.36","72","Columba oenas","0","0","1","0"
"0.36","72","Regulus regulus","0","0","1","0"
"0.36","72","Ichthyaetus melanocephalus","0","0","1","0"
"0.36","72","Coracias garrulus","0","0","1","0"
"0.36","72","Passer hispaniolensis","0","0","1","0"
"0.36","72","Cecropis daurica","0","0","1","0"
"0.36","72","Falco naumanni","0","0","1","0"
"0.36","72","Athene noctua","0","0","1","0"
"0.36","72","Rallus aquaticus","0","0","1","0"
"0.36","72","Psittacula krameri","0","0","1","0"
"0.36","72","Platalea leucorodia","0","0","1","0"
"0.36","72","Lanius meridionalis","0","0","1","0"
"0.36","72","Phylloscopus ibericus","0","0","1","0"
"0.36","72","Aegypius monachus","0","0","1","0"
"0.36","72","Otus scops","0","0","1","0"
"0.36","72","Jynx torquilla","0","0","1","0"
"0.36","73","Turdus merula","0","0","1","0"
"0.36","73","Apus apus","0","0","1","0"
"0.36","73","Fringilla coelebs","0","0","1","0"
"0.36","73","Columba palumbus","0","0","1","0"
"0.36","73","Hirundo rustica","0","0","1","0"
"0.36","73","Passer domesticus","0","0","1","0"
"0.36","73","Sylvia atricapilla","0","0","1","0"
"0.36","73","Corvus corone","0","0","1","0"
"0.36","73","Pica pica","0","0","1","0"
"0.36","73","Carduelis carduelis","0","0","1","0"
"0.36","73","Serinus serinus","0","0","1","0"
"0.36","73","Parus major","0","0","1","0"
"0.36","73","Streptopelia decaocto","0","0","1","0"
"0.36","73","Milvus migrans","0","0","1","0"
"0.36","73","Delichon urbicum","0","0","1","0"
"0.36","73","Phoenicurus ochruros","0","0","1","0"
"0.36","73","Erithacus rubecula","0","0","1","0"
"0.36","73","Gyps fulvus","0","0","1","0"
"0.36","73","Motacilla alba","0","0","1","0"
"0.36","73","Garrulus glandarius","0","0","1","0"
"0.36","73","Cyanistes caeruleus","0","0","1","0"
"0.36","73","Chloris chloris","0","0","1","0"
"0.36","73","Emberiza cirlus","0","0","1","0"
"0.36","73","Troglodytes troglodytes","0","0","1","0"
"0.36","73","Luscinia megarhynchos","0","0","0","1"
"0.36","73","Oriolus oriolus","0","0","1","0"
"0.36","73","Columba livia","0","0","1","0"
"0.36","73","Falco tinnunculus","0","0","1","0"
"0.36","73","Cuculus canorus","0","0","1","0"
"0.36","73","Buteo buteo","0","0","1","0"
"0.36","73","Sturnus vulgaris","0","0","1","0"
"0.36","73","Phylloscopus bonelli","0","0","1","0"
"0.36","73","Linaria cannabina","0","0","1","0"
"0.36","73","Periparus ater","0","0","1","0"
"0.36","73","Hippolais polyglotta","0","0","1","0"
"0.36","73","Merops apiaster","0","0","1","0"
"0.36","73","Larus michahellis","0","0","1","0"
"0.36","73","Anas platyrhynchos","0","0","1","0"
"0.36","73","Ptyonoprogne rupestris","0","0","1","0"
"0.36","73","Certhia brachydactyla","0","0","1","0"
"0.36","73","Saxicola rubicola","0","0","1","0"
"0.36","73","Ardea cinerea","0","0","1","0"
"0.36","73","Dendrocopos major","0","0","1","0"
"0.36","73","Streptopelia turtur","0","0","1","0"
"0.36","73","Picus viridis","0","0","1","0"
"0.36","73","Upupa epops","0","0","1","0"
"0.36","73","Emberiza calandra","0","0","1","0"
"0.36","73","Regulus ignicapilla","0","0","1","0"
"0.36","73","Corvus corax","0","0","1","0"
"0.36","73","Aegithalos caudatus","0","0","1","0"
"0.36","73","Alauda arvensis","0","0","1","0"
"0.36","73","Turdus viscivorus","0","0","1","0"
"0.36","73","Turdus philomelos","0","0","1","0"
"0.36","73","Sitta europaea","0","0","1","0"
"0.36","73","Lullula arborea","0","0","1","0"
"0.36","73","Pyrrhocorax pyrrhocorax","0","0","1","0"
"0.36","73","Galerida cristata","0","0","1","0"
"0.36","73","Petronia petronia","0","0","1","0"
"0.36","73","Cettia cetti","0","0","1","0"
"0.36","73","Lophophanes cristatus","0","0","1","0"
"0.36","73","Phylloscopus collybita","0","0","1","0"
"0.36","73","Fulica atra","0","0","1","0"
"0.36","73","Curruca melanocephala","0","0","1","0"
"0.36","73","Egretta garzetta","0","0","1","0"
"0.36","73","Lanius collurio","0","0","1","0"
"0.36","73","Cisticola juncidis","0","0","1","0"
"0.36","73","Circaetus gallicus","0","0","1","0"
"0.36","73","Curruca communis","0","0","1","0"
"0.36","73","Phalacrocorax carbo","0","0","1","0"
"0.36","73","Carduelis citrinella","0","0","1","0"
"0.36","73","Milvus milvus","0","0","1","0"
"0.36","73","Gallinula chloropus","0","0","1","0"
"0.36","73","Hieraaetus pennatus","0","0","1","0"
"0.36","73","Oenanthe oenanthe","0","0","1","0"
"0.36","73","Phoenicurus phoenicurus","0","0","1","0"
"0.36","73","Picus sharpei","0","0","1","0"
"0.36","73","Ciconia ciconia","0","0","1","0"
"0.36","73","Chroicocephalus ridibundus","0","0","1","0"
"0.36","73","Corvus monedula","0","0","1","0"
"0.36","73","Motacilla cinerea","0","0","1","0"
"0.36","73","Lanius senator","0","0","1","0"
"0.36","73","Himantopus himantopus","0","0","1","0"
"0.36","73","Acrocephalus scirpaceus","0","0","1","0"
"0.36","73","Emberiza cia","0","0","1","0"
"0.36","73","Alectoris rufa","0","0","1","0"
"0.36","73","Prunella modularis","0","0","1","0"
"0.36","73","Curruca iberiae","0","0","1","0"
"0.36","73","Bubulcus ibis","0","0","1","0"
"0.36","73","Coturnix coturnix","0","0","1","0"
"0.36","73","Circus aeruginosus","0","0","1","0"
"0.36","73","Sturnus unicolor","0","0","1","0"
"0.36","73","Emberiza citrinella","0","0","1","0"
"0.36","73","Motacilla flava","0","0","1","0"
"0.36","73","Muscicapa striata","0","0","1","0"
"0.36","73","Pernis apivorus","0","0","1","0"
"0.36","73","Acrocephalus arundinaceus","0","0","1","0"
"0.36","73","Sterna hirundo","0","0","1","0"
"0.36","73","Passer montanus","0","0","1","0"
"0.36","73","Podiceps cristatus","0","0","1","0"
"0.36","73","Anthus trivialis","0","0","1","0"
"0.36","73","Ardea purpurea","0","0","1","0"
"0.36","73","Sylvia borin","0","0","1","0"
"0.36","73","Tachybaptus ruficollis","0","0","1","0"
"0.36","73","Charadrius dubius","0","0","1","0"
"0.36","73","Falco subbuteo","0","0","1","0"
"0.36","73","Curruca undata","0","0","1","0"
"0.36","73","Apus melba","0","0","1","0"
"0.36","73","Pyrrhula pyrrhula","0","0","1","0"
"0.36","73","Recurvirostra avosetta","0","0","1","0"
"0.36","73","Tadorna tadorna","0","0","1","0"
"0.36","73","Anthus campestris","0","0","1","0"
"0.36","73","Riparia riparia","0","0","1","0"
"0.36","73","Netta rufina","0","0","1","0"
"0.36","73","Circus pygargus","0","0","1","0"
"0.36","73","Cinclus cinclus","0","0","1","0"
"0.36","73","Galerida theklae","0","0","1","0"
"0.36","73","Aquila chrysaetos","0","0","1","0"
"0.36","73","Poecile palustris","0","0","1","0"
"0.36","73","Actitis hypoleucos","0","0","1","0"
"0.36","73","Aythya ferina","0","0","1","0"
"0.36","73","Pyrrhocorax graculus","0","0","1","0"
"0.36","73","Alcedo atthis","0","0","1","0"
"0.36","73","Burhinus oedicnemus","0","0","1","0"
"0.36","73","Sternula albifrons","0","0","1","0"
"0.36","73","Accipiter nisus","0","0","1","0"
"0.36","73","Anthus spinoletta","0","0","1","0"
"0.36","73","Nycticorax nycticorax","0","0","1","0"
"0.36","73","Melanocorypha calandra","0","0","1","0"
"0.36","73","Vanellus vanellus","0","0","1","0"
"0.36","73","Coccothraustes coccothraustes","0","0","1","0"
"0.36","73","Phasianus colchicus","0","0","1","0"
"0.36","73","Saxicola rubetra","0","0","1","0"
"0.36","73","Loxia curvirostra","0","0","1","0"
"0.36","73","Cygnus olor","0","0","1","0"
"0.36","73","Emberiza schoeniclus","0","0","1","0"
"0.36","73","Tringa ochropus","0","0","1","0"
"0.36","73","Mareca strepera","0","0","1","0"
"0.36","73","Phoenicopterus roseus","0","0","1","0"
"0.36","73","Plegadis falcinellus","0","0","1","0"
"0.36","73","Ardea alba","0","0","1","0"
"0.36","73","Tringa totanus","0","0","1","0"
"0.36","73","Columba oenas","0","0","1","0"
"0.36","73","Strix aluco","0","0","1","0"
"0.36","73","Ichthyaetus melanocephalus","0","0","1","0"
"0.36","73","Regulus regulus","0","0","1","0"
"0.36","73","Coracias garrulus","0","0","1","0"
"0.36","73","Passer hispaniolensis","0","0","1","0"
"0.36","73","Cecropis daurica","0","0","1","0"
"0.36","73","Falco naumanni","0","0","1","0"
"0.36","73","Athene noctua","0","0","1","0"
"0.36","73","Rallus aquaticus","0","0","1","0"
"0.36","73","Psittacula krameri","0","0","1","0"
"0.36","73","Platalea leucorodia","0","0","1","0"
"0.36","73","Lanius meridionalis","0","0","1","0"
"0.36","73","Chlidonias niger","0","0","1","0"
"0.36","73","Phylloscopus ibericus","0","0","1","0"
"0.36","73","Otus scops","0","0","1","0"
"0.36","73","Jynx torquilla","0","0","1","0"
"0.36","74","Turdus merula","0","0","0","1"
"0.36","74","Apus apus","0","0","1","0"
"0.36","74","Fringilla coelebs","0","0","1","0"
"0.36","74","Columba palumbus","0","0","1","0"
"0.36","74","Hirundo rustica","0","0","1","0"
"0.36","74","Passer domesticus","0","0","1","0"
"0.36","74","Sylvia atricapilla","0","0","0","1"
"0.36","74","Corvus corone","0","0","0","1"
"0.36","74","Pica pica","0","0","1","0"
"0.36","74","Carduelis carduelis","0","0","1","0"
"0.36","74","Serinus serinus","0","0","1","0"
"0.36","74","Parus major","0","0","1","0"
"0.36","74","Streptopelia decaocto","0","0","0","1"
"0.36","74","Milvus migrans","0","0","1","0"
"0.36","74","Delichon urbicum","0","0","1","0"
"0.36","74","Phoenicurus ochruros","0","0","1","0"
"0.36","74","Erithacus rubecula","0","0","1","0"
"0.36","74","Gyps fulvus","0","0","1","0"
"0.36","74","Motacilla alba","0","0","1","0"
"0.36","74","Garrulus glandarius","0","0","1","0"
"0.36","74","Cyanistes caeruleus","0","0","0","1"
"0.36","74","Chloris chloris","0","0","1","0"
"0.36","74","Emberiza cirlus","0","0","1","0"
"0.36","74","Troglodytes troglodytes","0","0","1","0"
"0.36","74","Luscinia megarhynchos","0","0","0","1"
"0.36","74","Oriolus oriolus","0","0","0","1"
"0.36","74","Columba livia","0","0","1","0"
"0.36","74","Falco tinnunculus","0","0","1","0"
"0.36","74","Cuculus canorus","1","0","0","0"
"0.36","74","Buteo buteo","0","0","1","0"
"0.36","74","Sturnus vulgaris","0","0","1","0"
"0.36","74","Phylloscopus bonelli","0","0","1","0"
"0.36","74","Linaria cannabina","0","0","1","0"
"0.36","74","Periparus ater","0","0","1","0"
"0.36","74","Hippolais polyglotta","0","0","1","0"
"0.36","74","Merops apiaster","0","0","1","0"
"0.36","74","Larus michahellis","0","0","1","0"
"0.36","74","Anas platyrhynchos","0","0","1","0"
"0.36","74","Ptyonoprogne rupestris","0","0","1","0"
"0.36","74","Certhia brachydactyla","0","0","1","0"
"0.36","74","Saxicola rubicola","0","0","1","0"
"0.36","74","Ardea cinerea","0","0","1","0"
"0.36","74","Dendrocopos major","0","0","1","0"
"0.36","74","Streptopelia turtur","0","0","1","0"
"0.36","74","Picus viridis","0","0","1","0"
"0.36","74","Upupa epops","0","0","1","0"
"0.36","74","Emberiza calandra","0","0","0","1"
"0.36","74","Regulus ignicapilla","0","0","1","0"
"0.36","74","Corvus corax","0","0","1","0"
"0.36","74","Aegithalos caudatus","0","0","1","0"
"0.36","74","Alauda arvensis","0","0","1","0"
"0.36","74","Turdus viscivorus","0","0","1","0"
"0.36","74","Turdus philomelos","0","0","1","0"
"0.36","74","Sitta europaea","0","0","1","0"
"0.36","74","Lullula arborea","0","0","1","0"
"0.36","74","Pyrrhocorax pyrrhocorax","0","0","1","0"
"0.36","74","Galerida cristata","0","0","1","0"
"0.36","74","Petronia petronia","0","0","1","0"
"0.36","74","Cettia cetti","0","0","1","0"
"0.36","74","Lophophanes cristatus","0","0","1","0"
"0.36","74","Phylloscopus collybita","0","0","1","0"
"0.36","74","Fulica atra","0","0","1","0"
"0.36","74","Curruca melanocephala","0","0","1","0"
"0.36","74","Egretta garzetta","0","0","1","0"
"0.36","74","Lanius collurio","0","0","1","0"
"0.36","74","Cisticola juncidis","0","0","1","0"
"0.36","74","Circaetus gallicus","0","0","1","0"
"0.36","74","Curruca communis","0","0","0","1"
"0.36","74","Phalacrocorax carbo","0","0","1","0"
"0.36","74","Carduelis citrinella","0","0","1","0"
"0.36","74","Milvus milvus","0","0","1","0"
"0.36","74","Gallinula chloropus","0","0","1","0"
"0.36","74","Hieraaetus pennatus","0","0","1","0"
"0.36","74","Oenanthe oenanthe","0","0","1","0"
"0.36","74","Phoenicurus phoenicurus","0","0","1","0"
"0.36","74","Picus sharpei","0","0","1","0"
"0.36","74","Ciconia ciconia","0","0","1","0"
"0.36","74","Chroicocephalus ridibundus","0","0","1","0"
"0.36","74","Corvus monedula","0","0","0","1"
"0.36","74","Motacilla cinerea","0","0","1","0"
"0.36","74","Lanius senator","0","0","1","0"
"0.36","74","Himantopus himantopus","0","0","1","0"
"0.36","74","Acrocephalus scirpaceus","0","0","1","0"
"0.36","74","Emberiza cia","0","0","1","0"
"0.36","74","Alectoris rufa","0","0","1","0"
"0.36","74","Prunella modularis","0","0","1","0"
"0.36","74","Curruca iberiae","0","0","1","0"
"0.36","74","Bubulcus ibis","0","0","1","0"
"0.36","74","Coturnix coturnix","0","0","0","1"
"0.36","74","Circus aeruginosus","0","0","1","0"
"0.36","74","Sturnus unicolor","0","0","1","0"
"0.36","74","Emberiza citrinella","0","0","1","0"
"0.36","74","Motacilla flava","0","0","1","0"
"0.36","74","Muscicapa striata","0","0","1","0"
"0.36","74","Pernis apivorus","0","0","1","0"
"0.36","74","Acrocephalus arundinaceus","0","0","1","0"
"0.36","74","Sterna hirundo","0","0","1","0"
"0.36","74","Passer montanus","0","0","1","0"
"0.36","74","Podiceps cristatus","0","0","1","0"
"0.36","74","Anthus trivialis","0","0","1","0"
"0.36","74","Ardea purpurea","0","0","1","0"
"0.36","74","Sylvia borin","0","0","1","0"
"0.36","74","Tachybaptus ruficollis","0","0","1","0"
"0.36","74","Charadrius dubius","0","0","1","0"
"0.36","74","Falco subbuteo","0","0","1","0"
"0.36","74","Curruca undata","0","0","1","0"
"0.36","74","Apus melba","0","0","1","0"
"0.36","74","Pyrrhula pyrrhula","0","0","1","0"
"0.36","74","Recurvirostra avosetta","0","0","1","0"
"0.36","74","Tadorna tadorna","0","0","1","0"
"0.36","74","Anthus campestris","0","0","1","0"
"0.36","74","Riparia riparia","0","0","1","0"
"0.36","74","Netta rufina","0","0","1","0"
"0.36","74","Circus pygargus","0","0","1","0"
"0.36","74","Cinclus cinclus","0","0","1","0"
"0.36","74","Galerida theklae","0","0","1","0"
"0.36","74","Aquila chrysaetos","0","0","1","0"
"0.36","74","Poecile palustris","0","0","1","0"
"0.36","74","Actitis hypoleucos","0","0","1","0"
"0.36","74","Aythya ferina","0","0","1","0"
"0.36","74","Pyrrhocorax graculus","0","0","1","0"
"0.36","74","Alcedo atthis","0","0","1","0"
"0.36","74","Burhinus oedicnemus","0","0","1","0"
"0.36","74","Sternula albifrons","0","0","1","0"
"0.36","74","Accipiter nisus","0","0","1","0"
"0.36","74","Anthus spinoletta","0","0","1","0"
"0.36","74","Nycticorax nycticorax","0","0","1","0"
"0.36","74","Melanocorypha calandra","0","0","1","0"
"0.36","74","Vanellus vanellus","0","0","1","0"
"0.36","74","Coccothraustes coccothraustes","0","0","1","0"
"0.36","74","Phasianus colchicus","0","0","0","1"
"0.36","74","Saxicola rubetra","0","0","1","0"
"0.36","74","Loxia curvirostra","0","0","1","0"
"0.36","74","Cygnus olor","0","0","1","0"
"0.36","74","Emberiza schoeniclus","0","0","1","0"
"0.36","74","Tringa ochropus","0","0","1","0"
"0.36","74","Mareca strepera","0","0","1","0"
"0.36","74","Phoenicopterus roseus","0","0","1","0"
"0.36","74","Plegadis falcinellus","0","0","1","0"
"0.36","74","Ardea alba","0","0","1","0"
"0.36","74","Tringa totanus","0","0","1","0"
"0.36","74","Columba oenas","0","0","1","0"
"0.36","74","Strix aluco","0","0","1","0"
"0.36","74","Ichthyaetus melanocephalus","0","0","1","0"
"0.36","74","Regulus regulus","0","0","1","0"
"0.36","74","Coracias garrulus","0","0","1","0"
"0.36","74","Passer hispaniolensis","0","0","1","0"
"0.36","74","Cecropis daurica","0","0","1","0"
"0.36","74","Falco naumanni","0","0","1","0"
"0.36","74","Athene noctua","0","0","1","0"
"0.36","74","Rallus aquaticus","0","0","1","0"
"0.36","74","Psittacula krameri","0","0","1","0"
"0.36","74","Platalea leucorodia","0","0","1","0"
"0.36","74","Lanius meridionalis","0","0","1","0"
"0.36","74","Chlidonias niger","0","0","1","0"
"0.36","74","Phylloscopus ibericus","0","0","1","0"
"0.36","74","Otus scops","0","0","1","0"
"0.36","74","Jynx torquilla","0","0","1","0"
"0.36","75","Turdus merula","0","0","0","1"
"0.36","75","Apus apus","0","0","1","0"
"0.36","75","Fringilla coelebs","0","0","1","0"
"0.36","75","Columba palumbus","0","0","1","0"
"0.36","75","Hirundo rustica","0","0","1","0"
"0.36","75","Passer domesticus","0","0","1","0"
"0.36","75","Sylvia atricapilla","0","0","0","1"
"0.36","75","Corvus corone","0","0","0","1"
"0.36","75","Pica pica","0","0","0","1"
"0.36","75","Carduelis carduelis","0","0","1","0"
"0.36","75","Serinus serinus","0","0","1","0"
"0.36","75","Parus major","0","0","1","0"
"0.36","75","Streptopelia decaocto","0","0","1","0"
"0.36","75","Milvus migrans","0","0","1","0"
"0.36","75","Delichon urbicum","0","0","1","0"
"0.36","75","Phoenicurus ochruros","0","0","1","0"
"0.36","75","Erithacus rubecula","0","0","1","0"
"0.36","75","Gyps fulvus","0","0","1","0"
"0.36","75","Motacilla alba","0","0","1","0"
"0.36","75","Garrulus glandarius","0","0","1","0"
"0.36","75","Cyanistes caeruleus","0","0","0","1"
"0.36","75","Chloris chloris","0","0","1","0"
"0.36","75","Emberiza cirlus","0","0","1","0"
"0.36","75","Troglodytes troglodytes","0","0","1","0"
"0.36","75","Luscinia megarhynchos","0","0","0","1"
"0.36","75","Oriolus oriolus","0","0","1","0"
"0.36","75","Columba livia","0","0","1","0"
"0.36","75","Falco tinnunculus","0","0","1","0"
"0.36","75","Cuculus canorus","0","0","1","0"
"0.36","75","Buteo buteo","0","0","1","0"
"0.36","75","Sturnus vulgaris","0","0","1","0"
"0.36","75","Phylloscopus bonelli","0","0","1","0"
"0.36","75","Linaria cannabina","0","0","1","0"
"0.36","75","Periparus ater","0","0","1","0"
"0.36","75","Hippolais polyglotta","0","0","0","1"
"0.36","75","Merops apiaster","0","0","1","0"
"0.36","75","Larus michahellis","0","0","1","0"
"0.36","75","Anas platyrhynchos","0","0","1","0"
"0.36","75","Ptyonoprogne rupestris","0","0","1","0"
"0.36","75","Certhia brachydactyla","0","0","1","0"
"0.36","75","Saxicola rubicola","0","0","1","0"
"0.36","75","Ardea cinerea","0","0","1","0"
"0.36","75","Dendrocopos major","0","0","1","0"
"0.36","75","Streptopelia turtur","0","0","1","0"
"0.36","75","Picus viridis","0","0","1","0"
"0.36","75","Upupa epops","0","0","1","0"
"0.36","75","Emberiza calandra","0","0","1","0"
"0.36","75","Regulus ignicapilla","0","0","1","0"
"0.36","75","Corvus corax","0","0","1","0"
"0.36","75","Aegithalos caudatus","0","0","1","0"
"0.36","75","Alauda arvensis","0","0","1","0"
"0.36","75","Turdus viscivorus","0","0","1","0"
"0.36","75","Turdus philomelos","0","0","1","0"
"0.36","75","Sitta europaea","0","0","1","0"
"0.36","75","Lullula arborea","0","0","1","0"
"0.36","75","Pyrrhocorax pyrrhocorax","0","0","1","0"
"0.36","75","Galerida cristata","0","0","1","0"
"0.36","75","Petronia petronia","0","0","1","0"
"0.36","75","Cettia cetti","0","0","1","0"
"0.36","75","Lophophanes cristatus","0","0","1","0"
"0.36","75","Phylloscopus collybita","0","0","1","0"
"0.36","75","Fulica atra","0","0","1","0"
"0.36","75","Curruca melanocephala","0","0","1","0"
"0.36","75","Egretta garzetta","0","0","1","0"
"0.36","75","Lanius collurio","0","0","1","0"
"0.36","75","Cisticola juncidis","0","0","1","0"
"0.36","75","Circaetus gallicus","0","0","1","0"
"0.36","75","Curruca communis","0","0","0","1"
"0.36","75","Phalacrocorax carbo","0","0","1","0"
"0.36","75","Carduelis citrinella","0","0","1","0"
"0.36","75","Milvus milvus","0","0","1","0"
"0.36","75","Gallinula chloropus","0","0","1","0"
"0.36","75","Hieraaetus pennatus","0","0","1","0"
"0.36","75","Oenanthe oenanthe","0","0","1","0"
"0.36","75","Phoenicurus phoenicurus","0","0","1","0"
"0.36","75","Picus sharpei","0","0","1","0"
"0.36","75","Ciconia ciconia","0","0","1","0"
"0.36","75","Chroicocephalus ridibundus","0","0","1","0"
"0.36","75","Corvus monedula","0","0","1","0"
"0.36","75","Motacilla cinerea","0","0","1","0"
"0.36","75","Lanius senator","0","0","1","0"
"0.36","75","Himantopus himantopus","0","0","1","0"
"0.36","75","Acrocephalus scirpaceus","0","0","1","0"
"0.36","75","Emberiza cia","0","0","1","0"
"0.36","75","Alectoris rufa","0","0","1","0"
"0.36","75","Prunella modularis","0","0","1","0"
"0.36","75","Curruca iberiae","0","0","1","0"
"0.36","75","Bubulcus ibis","0","0","1","0"
"0.36","75","Coturnix coturnix","0","0","0","1"
"0.36","75","Circus aeruginosus","0","0","1","0"
"0.36","75","Sturnus unicolor","0","0","1","0"
"0.36","75","Emberiza citrinella","0","0","1","0"
"0.36","75","Motacilla flava","0","0","1","0"
"0.36","75","Muscicapa striata","0","0","1","0"
"0.36","75","Pernis apivorus","0","0","1","0"
"0.36","75","Acrocephalus arundinaceus","0","0","1","0"
"0.36","75","Sterna hirundo","0","0","1","0"
"0.36","75","Passer montanus","0","0","1","0"
"0.36","75","Podiceps cristatus","0","0","1","0"
"0.36","75","Anthus trivialis","0","0","1","0"
"0.36","75","Ardea purpurea","0","0","1","0"
"0.36","75","Sylvia borin","0","0","1","0"
"0.36","75","Tachybaptus ruficollis","0","0","1","0"
"0.36","75","Charadrius dubius","0","0","1","0"
"0.36","75","Falco subbuteo","0","0","1","0"
"0.36","75","Curruca undata","0","0","1","0"
"0.36","75","Apus melba","0","0","1","0"
"0.36","75","Pyrrhula pyrrhula","0","0","1","0"
"0.36","75","Recurvirostra avosetta","0","0","1","0"
"0.36","75","Tadorna tadorna","0","0","1","0"
"0.36","75","Anthus campestris","0","0","1","0"
"0.36","75","Riparia riparia","0","0","1","0"
"0.36","75","Netta rufina","0","0","1","0"
"0.36","75","Circus pygargus","0","0","1","0"
"0.36","75","Cinclus cinclus","0","0","1","0"
"0.36","75","Galerida theklae","0","0","1","0"
"0.36","75","Aquila chrysaetos","0","0","1","0"
"0.36","75","Poecile palustris","0","0","1","0"
"0.36","75","Actitis hypoleucos","0","0","1","0"
"0.36","75","Aythya ferina","0","0","1","0"
"0.36","75","Pyrrhocorax graculus","0","0","1","0"
"0.36","75","Alcedo atthis","0","0","1","0"
"0.36","75","Burhinus oedicnemus","0","0","1","0"
"0.36","75","Sternula albifrons","0","0","1","0"
"0.36","75","Accipiter nisus","0","0","1","0"
"0.36","75","Anthus spinoletta","0","0","1","0"
"0.36","75","Nycticorax nycticorax","0","0","1","0"
"0.36","75","Melanocorypha calandra","0","0","1","0"
"0.36","75","Vanellus vanellus","0","0","1","0"
"0.36","75","Coccothraustes coccothraustes","0","0","1","0"
"0.36","75","Phasianus colchicus","0","0","0","1"
"0.36","75","Saxicola rubetra","0","0","1","0"
"0.36","75","Loxia curvirostra","0","0","1","0"
"0.36","75","Cygnus olor","0","0","1","0"
"0.36","75","Emberiza schoeniclus","0","0","1","0"
"0.36","75","Tringa ochropus","0","0","1","0"
"0.36","75","Mareca strepera","0","0","1","0"
"0.36","75","Phoenicopterus roseus","0","0","1","0"
"0.36","75","Plegadis falcinellus","0","0","1","0"
"0.36","75","Ardea alba","0","0","1","0"
"0.36","75","Tringa totanus","0","0","1","0"
"0.36","75","Columba oenas","0","0","1","0"
"0.36","75","Strix aluco","0","0","1","0"
"0.36","75","Ichthyaetus melanocephalus","0","0","1","0"
"0.36","75","Regulus regulus","0","0","1","0"
"0.36","75","Coracias garrulus","0","0","1","0"
"0.36","75","Passer hispaniolensis","0","0","1","0"
"0.36","75","Cecropis daurica","0","0","1","0"
"0.36","75","Falco naumanni","0","0","1","0"
"0.36","75","Athene noctua","0","0","1","0"
"0.36","75","Rallus aquaticus","0","0","1","0"
"0.36","75","Psittacula krameri","0","0","1","0"
"0.36","75","Platalea leucorodia","0","0","1","0"
"0.36","75","Lanius meridionalis","0","0","1","0"
"0.36","75","Chlidonias niger","0","0","1","0"
"0.36","75","Phylloscopus ibericus","0","0","1","0"
"0.36","75","Otus scops","0","0","1","0"
"0.36","75","Jynx torquilla","0","0","1","0"
"0.36","76","Turdus merula","0","0","1","0"
"0.36","76","Apus apus","0","0","1","0"
"0.36","76","Columba palumbus","0","0","1","0"
"0.36","76","Passer domesticus","0","0","1","0"
"0.36","76","Fringilla coelebs","0","0","1","0"
"0.36","76","Hirundo rustica","0","0","1","0"
"0.36","76","Corvus corone","0","0","1","0"
"0.36","76","Sylvia atricapilla","0","0","1","0"
"0.36","76","Carduelis carduelis","0","0","1","0"
"0.36","76","Delichon urbicum","0","0","1","0"
"0.36","76","Pica pica","0","0","1","0"
"0.36","76","Streptopelia decaocto","0","0","1","0"
"0.36","76","Phoenicurus ochruros","0","0","1","0"
"0.36","76","Parus major","0","0","1","0"
"0.36","76","Serinus serinus","0","0","1","0"
"0.36","76","Milvus migrans","0","0","1","0"
"0.36","76","Motacilla alba","0","0","1","0"
"0.36","76","Gyps fulvus","0","0","1","0"
"0.36","76","Erithacus rubecula","0","0","1","0"
"0.36","76","Garrulus glandarius","0","0","1","0"
"0.36","76","Cyanistes caeruleus","0","0","1","0"
"0.36","76","Buteo buteo","0","0","1","0"
"0.36","76","Columba livia","0","0","1","0"
"0.36","76","Falco tinnunculus","0","0","1","0"
"0.36","76","Chloris chloris","0","0","1","0"
"0.36","76","Emberiza cirlus","0","0","1","0"
"0.36","76","Troglodytes troglodytes","0","0","1","0"
"0.36","76","Oriolus oriolus","0","0","1","0"
"0.36","76","Periparus ater","0","0","1","0"
"0.36","76","Linaria cannabina","0","0","1","0"
"0.36","76","Ptyonoprogne rupestris","0","0","1","0"
"0.36","76","Ardea cinerea","0","0","1","0"
"0.36","76","Certhia brachydactyla","0","0","1","0"
"0.36","76","Larus michahellis","0","0","1","0"
"0.36","76","Sturnus vulgaris","0","0","1","0"
"0.36","76","Picus viridis","0","0","1","0"
"0.36","76","Dendrocopos major","0","0","1","0"
"0.36","76","Anas platyrhynchos","0","0","1","0"
"0.36","76","Merops apiaster","0","0","1","0"
"0.36","76","Phylloscopus bonelli","0","0","1","0"
"0.36","76","Saxicola rubicola","0","0","1","0"
"0.36","76","Streptopelia turtur","0","0","1","0"
"0.36","76","Sitta europaea","0","0","1","0"
"0.36","76","Aegithalos caudatus","0","0","1","0"
"0.36","76","Hippolais polyglotta","0","0","1","0"
"0.36","76","Upupa epops","0","0","1","0"
"0.36","76","Corvus corax","0","0","1","0"
"0.36","76","Phylloscopus collybita","0","0","1","0"
"0.36","76","Regulus ignicapilla","0","0","1","0"
"0.36","76","Lophophanes cristatus","0","0","1","0"
"0.36","76","Chroicocephalus ridibundus","0","0","1","0"
"0.36","76","Luscinia megarhynchos","0","0","1","0"
"0.36","76","Fulica atra","0","0","1","0"
"0.36","76","Turdus viscivorus","0","0","1","0"
"0.36","76","Egretta garzetta","0","0","1","0"
"0.36","76","Turdus philomelos","0","0","1","0"
"0.36","76","Galerida cristata","0","0","1","0"
"0.36","76","Lanius collurio","0","0","1","0"
"0.36","76","Alauda arvensis","0","0","1","0"
"0.36","76","Pyrrhocorax pyrrhocorax","0","0","1","0"
"0.36","76","Circaetus gallicus","0","0","1","0"
"0.36","76","Phalacrocorax carbo","0","0","1","0"
"0.36","76","Gallinula chloropus","0","0","1","0"
"0.36","76","Lullula arborea","0","0","1","0"
"0.36","76","Cisticola juncidis","0","0","1","0"
"0.36","76","Curruca melanocephala","0","0","1","0"
"0.36","76","Milvus milvus","0","0","1","0"
"0.36","76","Cuculus canorus","0","0","1","0"
"0.36","76","Cettia cetti","0","0","1","0"
"0.36","76","Motacilla cinerea","0","0","1","0"
"0.36","76","Carduelis citrinella","0","0","1","0"
"0.36","76","Hieraaetus pennatus","0","0","1","0"
"0.36","76","Emberiza calandra","0","0","1","0"
"0.36","76","Petronia petronia","0","0","1","0"
"0.36","76","Oenanthe oenanthe","0","0","1","0"
"0.36","76","Bubulcus ibis","0","0","1","0"
"0.36","76","Lanius senator","0","0","1","0"
"0.36","76","Ciconia ciconia","0","0","1","0"
"0.36","76","Picus sharpei","0","0","1","0"
"0.36","76","Muscicapa striata","0","0","1","0"
"0.36","76","Acrocephalus scirpaceus","0","0","1","0"
"0.36","76","Coturnix coturnix","0","0","1","0"
"0.36","76","Curruca communis","0","0","1","0"
"0.36","76","Pernis apivorus","0","0","1","0"
"0.36","76","Himantopus himantopus","0","0","1","0"
"0.36","76","Circus aeruginosus","0","0","1","0"
"0.36","76","Phoenicurus phoenicurus","0","0","1","0"
"0.36","76","Corvus monedula","0","0","1","0"
"0.36","76","Prunella modularis","0","0","1","0"
"0.36","76","Alectoris rufa","0","0","1","0"
"0.36","76","Sterna hirundo","0","0","1","0"
"0.36","76","Podiceps cristatus","0","0","1","0"
"0.36","76","Emberiza citrinella","0","0","1","0"
"0.36","76","Emberiza cia","0","0","1","0"
"0.36","76","Curruca iberiae","0","0","1","0"
"0.36","76","Passer montanus","0","0","1","0"
"0.36","76","Motacilla flava","0","0","1","0"
"0.36","76","Tachybaptus ruficollis","0","0","1","0"
"0.36","76","Sturnus unicolor","0","0","1","0"
"0.36","76","Alcedo atthis","0","0","1","0"
"0.36","76","Anthus trivialis","0","0","1","0"
"0.36","76","Ardea purpurea","0","0","1","0"
"0.36","76","Actitis hypoleucos","0","0","1","0"
"0.36","76","Charadrius dubius","0","0","1","0"
"0.36","76","Apus melba","0","0","1","0"
"0.36","76","Pyrrhula pyrrhula","0","0","1","0"
"0.36","76","Curruca undata","0","0","1","0"
"0.36","76","Tringa ochropus","0","0","1","0"
"0.36","76","Falco subbuteo","0","0","1","0"
"0.36","76","Recurvirostra avosetta","0","0","1","0"
"0.36","76","Sylvia borin","0","0","1","0"
"0.36","76","Vanellus vanellus","0","0","1","0"
"0.36","76","Anthus spinoletta","0","0","1","0"
"0.36","76","Riparia riparia","0","0","1","0"
"0.36","76","Cinclus cinclus","0","0","1","0"
"0.36","76","Anthus campestris","0","0","1","0"
"0.36","76","Poecile palustris","0","0","1","0"
"0.36","76","Tadorna tadorna","0","0","1","0"
"0.36","76","Netta rufina","0","0","1","0"
"0.36","76","Aythya ferina","0","0","1","0"
"0.36","76","Acrocephalus arundinaceus","0","0","1","0"
"0.36","76","Circus pygargus","0","0","1","0"
"0.36","76","Accipiter nisus","0","0","1","0"
"0.36","76","Aquila chrysaetos","0","0","1","0"
"0.36","76","Pyrrhocorax graculus","0","0","1","0"
"0.36","76","Nycticorax nycticorax","0","0","1","0"
"0.36","76","Galerida theklae","0","0","1","0"
"0.36","76","Ardea alba","0","0","1","0"
"0.36","76","Burhinus oedicnemus","0","0","1","0"
"0.36","76","Loxia curvirostra","0","0","1","0"
"0.36","76","Sternula albifrons","0","0","1","0"
"0.36","76","Cygnus olor","0","0","1","0"
"0.36","76","Phoenicopterus roseus","0","0","1","0"
"0.36","76","Coccothraustes coccothraustes","0","0","1","0"
"0.36","76","Columba oenas","0","0","1","0"
"0.36","76","Emberiza schoeniclus","0","0","1","0"
"0.36","76","Rallus aquaticus","0","0","1","0"
"0.36","76","Plegadis falcinellus","0","0","1","0"
"0.36","76","Strix aluco","0","1","0","0"
"0.36","76","Mareca strepera","0","0","1","0"
"0.36","76","Lanius meridionalis","0","0","1","0"
"0.36","76","Cecropis daurica","0","0","1","0"
"0.36","76","Ichthyaetus melanocephalus","0","0","1","0"
"0.36","76","Platalea leucorodia","0","0","1","0"
"0.36","76","Melanocorypha calandra","0","0","1","0"
"0.36","76","Tringa totanus","0","0","1","0"
"0.36","76","Ficedula hypoleuca","0","0","1","0"
"0.36","76","Saxicola rubetra","0","0","1","0"
"0.36","76","Athene noctua","0","0","1","0"
"0.36","76","Coracias garrulus","0","0","1","0"
"0.36","76","Thalasseus sandvicensis","0","0","1","0"
"0.36","76","Regulus regulus","0","0","1","0"
"0.36","76","Spatula clypeata","0","0","1","0"
"0.36","76","Chlidonias niger","0","0","1","0"
"0.36","76","Phasianus colchicus","0","0","1","0"
"0.36","76","Falco naumanni","0","0","1","0"
"0.36","76","Podiceps nigricollis","0","0","1","0"
"0.36","76","Passer hispaniolensis","0","0","1","0"
"0.36","76","Tyto alba","0","0","1","0"
"0.36","76","Charadrius hiaticula","0","0","1","0"
"0.36","76","Limosa limosa","0","0","1","0"
"0.36","76","Psittacula krameri","0","0","1","0"
"0.36","76","Spinus spinus","0","0","1","0"
"0.36","76","Charadrius alexandrinus","0","0","1","0"
"0.36","76","Numenius arquata","0","0","1","0"
"0.36","76","Pandion haliaetus","0","0","1","0"
"0.36","76","Larus fuscus","0","0","1","0"
"0.36","76","Phylloscopus trochilus","0","0","1","0"
"0.36","76","Otus scops","0","0","1","0"
"0.36","76","Jynx torquilla","0","0","1","0"
"0.36","77","Turdus merula","0","0","1","0"
"0.36","77","Apus apus","0","0","1","0"
"0.36","77","Columba palumbus","0","0","1","0"
"0.36","77","Passer domesticus","0","0","1","0"
"0.36","77","Fringilla coelebs","0","0","1","0"
"0.36","77","Hirundo rustica","0","0","1","0"
"0.36","77","Corvus corone","0","0","1","0"
"0.36","77","Sylvia atricapilla","1","0","0","0"
"0.36","77","Carduelis carduelis","0","0","1","0"
"0.36","77","Delichon urbicum","0","0","1","0"
"0.36","77","Pica pica","0","0","1","0"
"0.36","77","Streptopelia decaocto","0","0","1","0"
"0.36","77","Phoenicurus ochruros","0","0","1","0"
"0.36","77","Parus major","0","0","1","0"
"0.36","77","Serinus serinus","0","0","1","0"
"0.36","77","Milvus migrans","0","0","1","0"
"0.36","77","Motacilla alba","0","0","1","0"
"0.36","77","Gyps fulvus","0","0","1","0"
"0.36","77","Erithacus rubecula","0","0","0","1"
"0.36","77","Garrulus glandarius","0","0","1","0"
"0.36","77","Cyanistes caeruleus","0","0","1","0"
"0.36","77","Buteo buteo","0","0","1","0"
"0.36","77","Columba livia","0","0","1","0"
"0.36","77","Falco tinnunculus","0","0","1","0"
"0.36","77","Chloris chloris","0","0","0","1"
"0.36","77","Emberiza cirlus","0","0","1","0"
"0.36","77","Troglodytes troglodytes","1","0","0","0"
"0.36","77","Oriolus oriolus","0","0","1","0"
"0.36","77","Periparus ater","0","0","1","0"
"0.36","77","Linaria cannabina","0","0","1","0"
"0.36","77","Ptyonoprogne rupestris","0","0","1","0"
"0.36","77","Ardea cinerea","0","0","1","0"
"0.36","77","Certhia brachydactyla","0","0","1","0"
"0.36","77","Larus michahellis","0","0","1","0"
"0.36","77","Sturnus vulgaris","0","0","1","0"
"0.36","77","Picus viridis","0","0","1","0"
"0.36","77","Dendrocopos major","0","0","1","0"
"0.36","77","Anas platyrhynchos","0","0","1","0"
"0.36","77","Merops apiaster","0","0","1","0"
"0.36","77","Phylloscopus bonelli","0","0","1","0"
"0.36","77","Saxicola rubicola","0","0","1","0"
"0.36","77","Streptopelia turtur","0","0","1","0"
"0.36","77","Sitta europaea","0","0","1","0"
"0.36","77","Aegithalos caudatus","0","0","1","0"
"0.36","77","Hippolais polyglotta","0","0","0","1"
"0.36","77","Upupa epops","0","0","1","0"
"0.36","77","Corvus corax","0","0","1","0"
"0.36","77","Phylloscopus collybita","0","0","1","0"
"0.36","77","Regulus ignicapilla","0","0","1","0"
"0.36","77","Lophophanes cristatus","0","0","1","0"
"0.36","77","Chroicocephalus ridibundus","0","0","1","0"
"0.36","77","Luscinia megarhynchos","0","0","1","0"
"0.36","77","Fulica atra","0","0","1","0"
"0.36","77","Turdus viscivorus","0","0","1","0"
"0.36","77","Egretta garzetta","0","0","1","0"
"0.36","77","Turdus philomelos","0","0","1","0"
"0.36","77","Galerida cristata","0","0","1","0"
"0.36","77","Lanius collurio","0","0","1","0"
"0.36","77","Alauda arvensis","0","0","1","0"
"0.36","77","Pyrrhocorax pyrrhocorax","0","0","1","0"
"0.36","77","Circaetus gallicus","0","0","1","0"
"0.36","77","Phalacrocorax carbo","0","0","1","0"
"0.36","77","Gallinula chloropus","0","0","1","0"
"0.36","77","Lullula arborea","0","0","1","0"
"0.36","77","Cisticola juncidis","0","0","1","0"
"0.36","77","Curruca melanocephala","0","0","1","0"
"0.36","77","Milvus milvus","0","0","1","0"
"0.36","77","Cuculus canorus","0","0","1","0"
"0.36","77","Cettia cetti","0","0","1","0"
"0.36","77","Motacilla cinerea","0","0","1","0"
"0.36","77","Carduelis citrinella","0","0","1","0"
"0.36","77","Hieraaetus pennatus","0","0","1","0"
"0.36","77","Emberiza calandra","0","0","1","0"
"0.36","77","Petronia petronia","0","0","1","0"
"0.36","77","Oenanthe oenanthe","0","0","1","0"
"0.36","77","Bubulcus ibis","0","0","1","0"
"0.36","77","Lanius senator","0","0","1","0"
"0.36","77","Ciconia ciconia","0","0","1","0"
"0.36","77","Picus sharpei","0","0","1","0"
"0.36","77","Muscicapa striata","0","0","1","0"
"0.36","77","Acrocephalus scirpaceus","0","0","1","0"
"0.36","77","Coturnix coturnix","0","0","1","0"
"0.36","77","Curruca communis","0","0","1","0"
"0.36","77","Pernis apivorus","0","0","1","0"
"0.36","77","Himantopus himantopus","0","0","1","0"
"0.36","77","Circus aeruginosus","0","0","1","0"
"0.36","77","Phoenicurus phoenicurus","0","0","1","0"
"0.36","77","Corvus monedula","0","0","1","0"
"0.36","77","Prunella modularis","0","0","1","0"
"0.36","77","Alectoris rufa","0","0","1","0"
"0.36","77","Sterna hirundo","0","0","1","0"
"0.36","77","Podiceps cristatus","0","0","1","0"
"0.36","77","Emberiza citrinella","0","0","0","1"
"0.36","77","Emberiza cia","0","0","1","0"
"0.36","77","Curruca iberiae","0","0","1","0"
"0.36","77","Passer montanus","0","0","1","0"
"0.36","77","Motacilla flava","0","0","1","0"
"0.36","77","Tachybaptus ruficollis","0","0","1","0"
"0.36","77","Sturnus unicolor","0","0","1","0"
"0.36","77","Alcedo atthis","0","0","1","0"
"0.36","77","Anthus trivialis","0","0","1","0"
"0.36","77","Ardea purpurea","0","0","1","0"
"0.36","77","Actitis hypoleucos","0","0","1","0"
"0.36","77","Charadrius dubius","0","0","1","0"
"0.36","77","Apus melba","0","0","1","0"
"0.36","77","Pyrrhula pyrrhula","0","0","1","0"
"0.36","77","Curruca undata","0","0","1","0"
"0.36","77","Tringa ochropus","0","0","1","0"
"0.36","77","Falco subbuteo","0","0","1","0"
"0.36","77","Recurvirostra avosetta","0","0","1","0"
"0.36","77","Sylvia borin","0","0","1","0"
"0.36","77","Vanellus vanellus","0","0","1","0"
"0.36","77","Anthus spinoletta","0","0","1","0"
"0.36","77","Riparia riparia","0","0","1","0"
"0.36","77","Cinclus cinclus","0","0","1","0"
"0.36","77","Anthus campestris","0","0","1","0"
"0.36","77","Poecile palustris","0","0","1","0"
"0.36","77","Tadorna tadorna","0","0","1","0"
"0.36","77","Netta rufina","0","0","1","0"
"0.36","77","Aythya ferina","0","0","1","0"
"0.36","77","Acrocephalus arundinaceus","0","0","1","0"
"0.36","77","Circus pygargus","0","0","1","0"
"0.36","77","Accipiter nisus","0","0","1","0"
"0.36","77","Aquila chrysaetos","0","0","1","0"
"0.36","77","Pyrrhocorax graculus","0","0","1","0"
"0.36","77","Nycticorax nycticorax","0","0","1","0"
"0.36","77","Galerida theklae","0","0","1","0"
"0.36","77","Ardea alba","0","0","1","0"
"0.36","77","Burhinus oedicnemus","0","0","1","0"
"0.36","77","Loxia curvirostra","0","0","1","0"
"0.36","77","Sternula albifrons","0","0","1","0"
"0.36","77","Cygnus olor","0","0","1","0"
"0.36","77","Phoenicopterus roseus","0","0","1","0"
"0.36","77","Coccothraustes coccothraustes","0","0","1","0"
"0.36","77","Columba oenas","0","0","1","0"
"0.36","77","Emberiza schoeniclus","0","0","1","0"
"0.36","77","Rallus aquaticus","0","0","1","0"
"0.36","77","Plegadis falcinellus","0","0","1","0"
"0.36","77","Strix aluco","0","0","1","0"
"0.36","77","Mareca strepera","0","0","1","0"
"0.36","77","Lanius meridionalis","0","0","1","0"
"0.36","77","Cecropis daurica","0","0","1","0"
"0.36","77","Ichthyaetus melanocephalus","0","0","1","0"
"0.36","77","Platalea leucorodia","0","0","1","0"
"0.36","77","Melanocorypha calandra","0","0","1","0"
"0.36","77","Tringa totanus","0","0","1","0"
"0.36","77","Ficedula hypoleuca","0","0","1","0"
"0.36","77","Saxicola rubetra","0","0","1","0"
"0.36","77","Athene noctua","0","0","1","0"
"0.36","77","Coracias garrulus","0","0","1","0"
"0.36","77","Thalasseus sandvicensis","0","0","1","0"
"0.36","77","Regulus regulus","0","0","1","0"
"0.36","77","Spatula clypeata","0","0","1","0"
"0.36","77","Chlidonias niger","0","0","1","0"
"0.36","77","Phasianus colchicus","0","0","1","0"
"0.36","77","Falco naumanni","0","0","1","0"
"0.36","77","Podiceps nigricollis","0","0","1","0"
"0.36","77","Passer hispaniolensis","0","0","1","0"
"0.36","77","Tyto alba","0","0","1","0"
"0.36","77","Charadrius hiaticula","0","0","1","0"
"0.36","77","Limosa limosa","0","0","1","0"
"0.36","77","Psittacula krameri","0","0","1","0"
"0.36","77","Spinus spinus","0","0","1","0"
"0.36","77","Charadrius alexandrinus","0","0","1","0"
"0.36","77","Numenius arquata","0","0","1","0"
"0.36","77","Pandion haliaetus","0","0","1","0"
"0.36","77","Larus fuscus","0","0","1","0"
"0.36","77","Phylloscopus trochilus","0","0","1","0"
"0.36","77","Otus scops","0","0","1","0"
"0.36","77","Jynx torquilla","0","0","1","0"
"0.36","78","Turdus merula","0","0","1","0"
"0.36","78","Apus apus","0","1","0","0"
"0.36","78","Columba palumbus","0","0","1","0"
"0.36","78","Passer domesticus","0","0","1","0"
"0.36","78","Fringilla coelebs","0","0","1","0"
"0.36","78","Hirundo rustica","0","0","1","0"
"0.36","78","Corvus corone","0","0","1","0"
"0.36","78","Sylvia atricapilla","1","0","0","0"
"0.36","78","Carduelis carduelis","0","0","1","0"
"0.36","78","Delichon urbicum","0","0","1","0"
"0.36","78","Pica pica","0","0","1","0"
"0.36","78","Streptopelia decaocto","0","0","1","0"
"0.36","78","Phoenicurus ochruros","0","0","1","0"
"0.36","78","Parus major","0","0","1","0"
"0.36","78","Serinus serinus","0","0","1","0"
"0.36","78","Milvus migrans","0","0","1","0"
"0.36","78","Motacilla alba","0","0","1","0"
"0.36","78","Gyps fulvus","0","0","1","0"
"0.36","78","Erithacus rubecula","0","0","0","1"
"0.36","78","Garrulus glandarius","0","0","1","0"
"0.36","78","Cyanistes caeruleus","0","0","1","0"
"0.36","78","Buteo buteo","0","0","1","0"
"0.36","78","Columba livia","0","0","1","0"
"0.36","78","Falco tinnunculus","0","0","1","0"
"0.36","78","Chloris chloris","0","0","1","0"
"0.36","78","Emberiza cirlus","0","0","1","0"
"0.36","78","Troglodytes troglodytes","0","0","0","1"
"0.36","78","Oriolus oriolus","0","0","1","0"
"0.36","78","Periparus ater","0","0","1","0"
"0.36","78","Linaria cannabina","0","0","1","0"
"0.36","78","Ptyonoprogne rupestris","0","0","1","0"
"0.36","78","Ardea cinerea","0","0","1","0"
"0.36","78","Certhia brachydactyla","0","0","1","0"
"0.36","78","Larus michahellis","0","0","1","0"
"0.36","78","Sturnus vulgaris","0","0","1","0"
"0.36","78","Picus viridis","0","0","1","0"
"0.36","78","Dendrocopos major","0","0","1","0"
"0.36","78","Anas platyrhynchos","0","0","1","0"
"0.36","78","Merops apiaster","0","0","1","0"
"0.36","78","Phylloscopus bonelli","0","0","1","0"
"0.36","78","Saxicola rubicola","0","0","1","0"
"0.36","78","Streptopelia turtur","0","0","1","0"
"0.36","78","Sitta europaea","0","0","1","0"
"0.36","78","Aegithalos caudatus","0","0","1","0"
"0.36","78","Hippolais polyglotta","0","0","1","0"
"0.36","78","Upupa epops","0","0","1","0"
"0.36","78","Corvus corax","0","0","1","0"
"0.36","78","Phylloscopus collybita","0","0","1","0"
"0.36","78","Regulus ignicapilla","0","0","1","0"
"0.36","78","Lophophanes cristatus","0","0","1","0"
"0.36","78","Chroicocephalus ridibundus","0","0","1","0"
"0.36","78","Luscinia megarhynchos","0","0","1","0"
"0.36","78","Fulica atra","0","0","1","0"
"0.36","78","Turdus viscivorus","0","0","1","0"
"0.36","78","Egretta garzetta","0","0","1","0"
"0.36","78","Turdus philomelos","0","0","1","0"
"0.36","78","Galerida cristata","0","0","1","0"
"0.36","78","Lanius collurio","0","0","1","0"
"0.36","78","Alauda arvensis","0","0","1","0"
"0.36","78","Pyrrhocorax pyrrhocorax","0","0","1","0"
"0.36","78","Circaetus gallicus","0","0","1","0"
"0.36","78","Phalacrocorax carbo","0","0","1","0"
"0.36","78","Gallinula chloropus","0","0","1","0"
"0.36","78","Lullula arborea","0","0","1","0"
"0.36","78","Cisticola juncidis","0","0","1","0"
"0.36","78","Curruca melanocephala","0","0","1","0"
"0.36","78","Milvus milvus","0","0","1","0"
"0.36","78","Cuculus canorus","0","0","1","0"
"0.36","78","Cettia cetti","0","0","1","0"
"0.36","78","Motacilla cinerea","0","0","1","0"
"0.36","78","Carduelis citrinella","0","0","1","0"
"0.36","78","Hieraaetus pennatus","0","0","1","0"
"0.36","78","Emberiza calandra","0","0","1","0"
"0.36","78","Petronia petronia","0","0","1","0"
"0.36","78","Oenanthe oenanthe","0","0","1","0"
"0.36","78","Bubulcus ibis","0","0","1","0"
"0.36","78","Lanius senator","0","0","1","0"
"0.36","78","Ciconia ciconia","0","0","1","0"
"0.36","78","Picus sharpei","0","0","1","0"
"0.36","78","Muscicapa striata","0","0","1","0"
"0.36","78","Acrocephalus scirpaceus","0","0","1","0"
"0.36","78","Coturnix coturnix","0","0","1","0"
"0.36","78","Curruca communis","0","0","1","0"
"0.36","78","Pernis apivorus","0","0","1","0"
"0.36","78","Himantopus himantopus","0","0","1","0"
"0.36","78","Circus aeruginosus","0","0","1","0"
"0.36","78","Phoenicurus phoenicurus","0","0","1","0"
"0.36","78","Corvus monedula","0","0","1","0"
"0.36","78","Prunella modularis","0","0","1","0"
"0.36","78","Alectoris rufa","0","0","1","0"
"0.36","78","Sterna hirundo","0","0","1","0"
"0.36","78","Podiceps cristatus","0","0","1","0"
"0.36","78","Emberiza citrinella","0","0","1","0"
"0.36","78","Emberiza cia","0","0","1","0"
"0.36","78","Curruca iberiae","0","0","1","0"
"0.36","78","Passer montanus","0","0","1","0"
"0.36","78","Motacilla flava","0","0","1","0"
"0.36","78","Tachybaptus ruficollis","0","0","1","0"
"0.36","78","Sturnus unicolor","0","0","1","0"
"0.36","78","Alcedo atthis","0","0","1","0"
"0.36","78","Anthus trivialis","0","0","1","0"
"0.36","78","Ardea purpurea","0","0","1","0"
"0.36","78","Actitis hypoleucos","0","0","1","0"
"0.36","78","Charadrius dubius","0","0","1","0"
"0.36","78","Apus melba","0","0","1","0"
"0.36","78","Pyrrhula pyrrhula","0","0","1","0"
"0.36","78","Curruca undata","0","0","1","0"
"0.36","78","Tringa ochropus","0","0","1","0"
"0.36","78","Falco subbuteo","0","0","1","0"
"0.36","78","Recurvirostra avosetta","0","0","1","0"
"0.36","78","Sylvia borin","0","0","1","0"
"0.36","78","Vanellus vanellus","0","0","1","0"
"0.36","78","Anthus spinoletta","0","0","1","0"
"0.36","78","Riparia riparia","0","0","1","0"
"0.36","78","Cinclus cinclus","0","0","1","0"
"0.36","78","Anthus campestris","0","0","1","0"
"0.36","78","Poecile palustris","0","0","1","0"
"0.36","78","Tadorna tadorna","0","0","1","0"
"0.36","78","Netta rufina","0","0","1","0"
"0.36","78","Aythya ferina","0","0","1","0"
"0.36","78","Acrocephalus arundinaceus","0","0","1","0"
"0.36","78","Circus pygargus","0","0","1","0"
"0.36","78","Accipiter nisus","0","0","1","0"
"0.36","78","Aquila chrysaetos","0","0","1","0"
"0.36","78","Pyrrhocorax graculus","0","0","1","0"
"0.36","78","Nycticorax nycticorax","0","0","1","0"
"0.36","78","Galerida theklae","0","0","1","0"
"0.36","78","Ardea alba","0","0","1","0"
"0.36","78","Burhinus oedicnemus","0","0","1","0"
"0.36","78","Loxia curvirostra","0","0","1","0"
"0.36","78","Sternula albifrons","0","0","1","0"
"0.36","78","Cygnus olor","0","0","1","0"
"0.36","78","Phoenicopterus roseus","0","0","1","0"
"0.36","78","Coccothraustes coccothraustes","0","0","1","0"
"0.36","78","Columba oenas","0","0","1","0"
"0.36","78","Emberiza schoeniclus","0","0","1","0"
"0.36","78","Rallus aquaticus","0","0","1","0"
"0.36","78","Plegadis falcinellus","0","0","1","0"
"0.36","78","Strix aluco","0","0","1","0"
"0.36","78","Mareca strepera","0","0","1","0"
"0.36","78","Lanius meridionalis","0","0","1","0"
"0.36","78","Cecropis daurica","0","0","1","0"
"0.36","78","Ichthyaetus melanocephalus","0","0","1","0"
"0.36","78","Platalea leucorodia","0","0","1","0"
"0.36","78","Melanocorypha calandra","0","0","1","0"
"0.36","78","Tringa totanus","0","0","1","0"
"0.36","78","Ficedula hypoleuca","0","0","1","0"
"0.36","78","Saxicola rubetra","0","0","1","0"
"0.36","78","Athene noctua","0","0","1","0"
"0.36","78","Coracias garrulus","0","0","1","0"
"0.36","78","Thalasseus sandvicensis","0","0","1","0"
"0.36","78","Regulus regulus","0","0","1","0"
"0.36","78","Spatula clypeata","0","0","1","0"
"0.36","78","Chlidonias niger","0","0","1","0"
"0.36","78","Phasianus colchicus","0","0","1","0"
"0.36","78","Falco naumanni","0","0","1","0"
"0.36","78","Podiceps nigricollis","0","0","1","0"
"0.36","78","Passer hispaniolensis","0","0","1","0"
"0.36","78","Tyto alba","0","0","1","0"
"0.36","78","Charadrius hiaticula","0","0","1","0"
"0.36","78","Limosa limosa","0","0","1","0"
"0.36","78","Psittacula krameri","0","0","1","0"
"0.36","78","Spinus spinus","0","0","1","0"
"0.36","78","Charadrius alexandrinus","0","0","1","0"
"0.36","78","Numenius arquata","0","0","1","0"
"0.36","78","Pandion haliaetus","0","0","1","0"
"0.36","78","Larus fuscus","0","0","1","0"
"0.36","78","Phylloscopus trochilus","0","0","1","0"
"0.36","78","Otus scops","0","0","1","0"
"0.36","78","Jynx torquilla","0","0","1","0"
"0.36","79","Turdus merula","0","0","0","1"
"0.36","79","Apus apus","0","0","1","0"
"0.36","79","Fringilla coelebs","0","0","1","0"
"0.36","79","Hirundo rustica","0","0","1","0"
"0.36","79","Columba palumbus","0","0","1","0"
"0.36","79","Sylvia atricapilla","0","0","0","1"
"0.36","79","Passer domesticus","0","0","1","0"
"0.36","79","Corvus corone","0","0","0","1"
"0.36","79","Pica pica","0","0","1","0"
"0.36","79","Parus major","0","0","1","0"
"0.36","79","Carduelis carduelis","0","0","1","0"
"0.36","79","Serinus serinus","0","0","1","0"
"0.36","79","Milvus migrans","0","0","1","0"
"0.36","79","Streptopelia decaocto","0","0","1","0"
"0.36","79","Phoenicurus ochruros","0","0","1","0"
"0.36","79","Erithacus rubecula","0","0","1","0"
"0.36","79","Delichon urbicum","0","0","1","0"
"0.36","79","Luscinia megarhynchos","0","0","0","1"
"0.36","79","Gyps fulvus","0","0","1","0"
"0.36","79","Cyanistes caeruleus","0","0","1","0"
"0.36","79","Cuculus canorus","0","0","1","0"
"0.36","79","Garrulus glandarius","0","0","1","0"
"0.36","79","Motacilla alba","0","0","1","0"
"0.36","79","Chloris chloris","0","0","1","0"
"0.36","79","Troglodytes troglodytes","0","0","1","0"
"0.36","79","Emberiza cirlus","0","0","1","0"
"0.36","79","Falco tinnunculus","0","0","1","0"
"0.36","79","Columba livia","0","0","1","0"
"0.36","79","Oriolus oriolus","0","0","1","0"
"0.36","79","Buteo buteo","0","0","1","0"
"0.36","79","Sturnus vulgaris","0","0","0","1"
"0.36","79","Phylloscopus bonelli","0","0","1","0"
"0.36","79","Anas platyrhynchos","0","0","1","0"
"0.36","79","Linaria cannabina","0","0","1","0"
"0.36","79","Periparus ater","0","0","1","0"
"0.36","79","Merops apiaster","0","0","1","0"
"0.36","79","Larus michahellis","0","0","1","0"
"0.36","79","Hippolais polyglotta","0","0","1","0"
"0.36","79","Saxicola rubicola","0","0","1","0"
"0.36","79","Certhia brachydactyla","0","0","1","0"
"0.36","79","Upupa epops","0","0","1","0"
"0.36","79","Ardea cinerea","0","0","1","0"
"0.36","79","Ptyonoprogne rupestris","0","0","1","0"
"0.36","79","Dendrocopos major","0","0","1","0"
"0.36","79","Emberiza calandra","0","0","1","0"
"0.36","79","Streptopelia turtur","0","0","1","0"
"0.36","79","Picus viridis","0","0","1","0"
"0.36","79","Regulus ignicapilla","0","0","1","0"
"0.36","79","Corvus corax","0","0","1","0"
"0.36","79","Aegithalos caudatus","0","0","1","0"
"0.36","79","Cettia cetti","0","0","1","0"
"0.36","79","Turdus viscivorus","0","0","1","0"
"0.36","79","Pyrrhocorax pyrrhocorax","0","0","1","0"
"0.36","79","Lullula arborea","0","0","1","0"
"0.36","79","Sitta europaea","0","0","1","0"
"0.36","79","Turdus philomelos","0","0","1","0"
"0.36","79","Galerida cristata","0","0","1","0"
"0.36","79","Alauda arvensis","0","0","1","0"
"0.36","79","Phylloscopus collybita","0","0","1","0"
"0.36","79","Petronia petronia","0","0","1","0"
"0.36","79","Egretta garzetta","0","0","1","0"
"0.36","79","Curruca melanocephala","0","0","1","0"
"0.36","79","Fulica atra","0","0","1","0"
"0.36","79","Lophophanes cristatus","0","0","1","0"
"0.36","79","Phalacrocorax carbo","0","0","1","0"
"0.36","79","Curruca communis","0","0","1","0"
"0.36","79","Cisticola juncidis","0","0","1","0"
"0.36","79","Milvus milvus","0","0","1","0"
"0.36","79","Gallinula chloropus","0","0","1","0"
"0.36","79","Oenanthe oenanthe","0","0","1","0"
"0.36","79","Circaetus gallicus","0","0","1","0"
"0.36","79","Picus sharpei","0","0","1","0"
"0.36","79","Phoenicurus phoenicurus","0","0","1","0"
"0.36","79","Ciconia ciconia","0","0","1","0"
"0.36","79","Hieraaetus pennatus","0","0","1","0"
"0.36","79","Carduelis citrinella","0","0","1","0"
"0.36","79","Corvus monedula","0","0","1","0"
"0.36","79","Lanius collurio","0","0","1","0"
"0.36","79","Motacilla flava","0","0","1","0"
"0.36","79","Sturnus unicolor","0","0","1","0"
"0.36","79","Circus aeruginosus","0","0","1","0"
"0.36","79","Himantopus himantopus","0","0","1","0"
"0.36","79","Motacilla cinerea","0","0","1","0"
"0.36","79","Curruca iberiae","0","0","1","0"
"0.36","79","Lanius senator","0","0","1","0"
"0.36","79","Chroicocephalus ridibundus","0","0","1","0"
"0.36","79","Prunella modularis","0","0","1","0"
"0.36","79","Emberiza cia","0","0","1","0"
"0.36","79","Alectoris rufa","0","0","1","0"
"0.36","79","Acrocephalus scirpaceus","0","0","1","0"
"0.36","79","Bubulcus ibis","0","0","1","0"
"0.36","79","Acrocephalus arundinaceus","0","0","1","0"
"0.36","79","Podiceps cristatus","0","0","1","0"
"0.36","79","Emberiza citrinella","0","0","1","0"
"0.36","79","Anthus trivialis","0","0","1","0"
"0.36","79","Muscicapa striata","0","0","1","0"
"0.36","79","Coturnix coturnix","0","0","1","0"
"0.36","79","Pernis apivorus","0","0","1","0"
"0.36","79","Passer montanus","0","0","1","0"
"0.36","79","Sterna hirundo","0","0","1","0"
"0.36","79","Ardea purpurea","0","0","1","0"
"0.36","79","Tachybaptus ruficollis","0","0","1","0"
"0.36","79","Charadrius dubius","0","0","1","0"
"0.36","79","Sylvia borin","0","0","1","0"
"0.36","79","Tadorna tadorna","0","0","1","0"
"0.36","79","Apus melba","0","0","1","0"
"0.36","79","Falco subbuteo","0","0","1","0"
"0.36","79","Curruca undata","0","0","1","0"
"0.36","79","Riparia riparia","0","0","1","0"
"0.36","79","Pyrrhula pyrrhula","0","0","1","0"
"0.36","79","Actitis hypoleucos","0","0","1","0"
"0.36","79","Recurvirostra avosetta","0","0","1","0"
"0.36","79","Netta rufina","0","0","1","0"
"0.36","79","Circus pygargus","0","0","1","0"
"0.36","79","Anthus campestris","0","0","1","0"
"0.36","79","Poecile palustris","0","0","1","0"
"0.36","79","Galerida theklae","0","0","1","0"
"0.36","79","Pyrrhocorax graculus","0","0","1","0"
"0.36","79","Saxicola rubetra","0","0","1","0"
"0.36","79","Cinclus cinclus","0","0","1","0"
"0.36","79","Accipiter nisus","0","0","1","0"
"0.36","79","Aquila chrysaetos","0","0","1","0"
"0.36","79","Aythya ferina","0","0","1","0"
"0.36","79","Melanocorypha calandra","0","0","1","0"
"0.36","79","Alcedo atthis","0","0","1","0"
"0.36","79","Phasianus colchicus","0","0","1","0"
"0.36","79","Mareca strepera","0","0","1","0"
"0.36","79","Nycticorax nycticorax","0","0","1","0"
"0.36","79","Plegadis falcinellus","0","0","1","0"
"0.36","79","Ardea alba","0","0","1","0"
"0.36","79","Sternula albifrons","0","0","1","0"
"0.36","79","Anthus spinoletta","0","0","1","0"
"0.36","79","Coccothraustes coccothraustes","0","0","1","0"
"0.36","79","Vanellus vanellus","0","0","1","0"
"0.36","79","Burhinus oedicnemus","0","0","1","0"
"0.36","79","Tringa ochropus","0","0","1","0"
"0.36","79","Cygnus olor","0","0","1","0"
"0.36","79","Phoenicopterus roseus","0","0","1","0"
"0.36","79","Tringa totanus","0","0","1","0"
"0.36","79","Loxia curvirostra","0","0","1","0"
"0.36","79","Emberiza schoeniclus","0","0","1","0"
"0.36","79","Regulus regulus","0","0","1","0"
"0.36","79","Psittacula krameri","0","0","1","0"
"0.36","79","Passer hispaniolensis","0","0","1","0"
"0.36","79","Ichthyaetus melanocephalus","0","0","1","0"
"0.36","79","Cecropis daurica","0","0","1","0"
"0.36","79","Columba oenas","0","0","1","0"
"0.36","79","Aegypius monachus","0","0","1","0"
"0.36","79","Falco naumanni","0","0","1","0"
"0.36","79","Spatula clypeata","0","0","1","0"
"0.36","79","Strix aluco","0","0","1","0"
"0.36","79","Podiceps nigricollis","0","0","1","0"
"0.36","79","Rallus aquaticus","0","0","1","0"
"0.36","79","Jynx torquilla","0","0","1","0"
"0.36","79","Phylloscopus trochilus","0","0","1","0"
"0.36","79","Phylloscopus ibericus","0","0","1","0"
"0.36","79","Tringa glareola","0","0","1","0"
"0.36","79","Athene noctua","0","0","1","0"
"0.36","79","Chlidonias hybrida","0","0","1","0"
"0.36","79","Ficedula hypoleuca","0","0","1","0"
"0.36","79","Monticola solitarius","0","0","1","0"
"0.36","79","Coracias garrulus","0","0","1","0"
"0.36","79","Chlidonias niger","0","0","1","0"
"0.36","79","Platalea leucorodia","0","0","1","0"
"0.36","79","Thalasseus sandvicensis","0","0","1","0"
"0.36","79","Morus bassanus","0","0","1","0"
"0.36","79","Ardeola ralloides","0","0","1","0"
"0.36","79","Otus scops","0","0","1","0"
"0.36","80","Turdus merula","0","0","1","0"
"0.36","80","Apus apus","0","0","1","0"
"0.36","80","Fringilla coelebs","0","0","1","0"
"0.36","80","Hirundo rustica","0","0","1","0"
"0.36","80","Columba palumbus","0","0","1","0"
"0.36","80","Sylvia atricapilla","0","0","1","0"
"0.36","80","Passer domesticus","0","0","1","0"
"0.36","80","Corvus corone","0","0","1","0"
"0.36","80","Pica pica","0","0","1","0"
"0.36","80","Parus major","0","0","1","0"
"0.36","80","Carduelis carduelis","0","0","1","0"
"0.36","80","Serinus serinus","0","0","1","0"
"0.36","80","Milvus migrans","0","0","1","0"
"0.36","80","Streptopelia decaocto","0","0","1","0"
"0.36","80","Phoenicurus ochruros","0","0","1","0"
"0.36","80","Erithacus rubecula","0","0","1","0"
"0.36","80","Delichon urbicum","0","0","1","0"
"0.36","80","Luscinia megarhynchos","0","0","0","1"
"0.36","80","Gyps fulvus","0","0","1","0"
"0.36","80","Cyanistes caeruleus","0","0","1","0"
"0.36","80","Cuculus canorus","0","0","1","0"
"0.36","80","Garrulus glandarius","0","0","1","0"
"0.36","80","Motacilla alba","0","0","1","0"
"0.36","80","Chloris chloris","0","0","1","0"
"0.36","80","Troglodytes troglodytes","0","0","1","0"
"0.36","80","Emberiza cirlus","0","0","1","0"
"0.36","80","Falco tinnunculus","0","0","1","0"
"0.36","80","Columba livia","0","0","1","0"
"0.36","80","Oriolus oriolus","0","0","1","0"
"0.36","80","Buteo buteo","0","0","1","0"
"0.36","80","Sturnus vulgaris","0","0","1","0"
"0.36","80","Phylloscopus bonelli","0","0","1","0"
"0.36","80","Anas platyrhynchos","0","0","1","0"
"0.36","80","Linaria cannabina","0","0","1","0"
"0.36","80","Periparus ater","0","0","1","0"
"0.36","80","Merops apiaster","0","0","1","0"
"0.36","80","Larus michahellis","0","0","1","0"
"0.36","80","Hippolais polyglotta","0","0","1","0"
"0.36","80","Saxicola rubicola","0","0","1","0"
"0.36","80","Certhia brachydactyla","0","0","1","0"
"0.36","80","Upupa epops","0","0","1","0"
"0.36","80","Ardea cinerea","0","0","1","0"
"0.36","80","Ptyonoprogne rupestris","0","0","1","0"
"0.36","80","Dendrocopos major","0","0","1","0"
"0.36","80","Emberiza calandra","0","0","1","0"
"0.36","80","Streptopelia turtur","0","0","1","0"
"0.36","80","Picus viridis","0","0","1","0"
"0.36","80","Regulus ignicapilla","0","0","1","0"
"0.36","80","Corvus corax","0","0","1","0"
"0.36","80","Aegithalos caudatus","0","0","1","0"
"0.36","80","Cettia cetti","0","0","1","0"
"0.36","80","Turdus viscivorus","0","0","1","0"
"0.36","80","Pyrrhocorax pyrrhocorax","0","0","1","0"
"0.36","80","Lullula arborea","0","0","1","0"
"0.36","80","Sitta europaea","0","0","1","0"
"0.36","80","Turdus philomelos","0","0","1","0"
"0.36","80","Galerida cristata","0","0","1","0"
"0.36","80","Alauda arvensis","0","0","1","0"
"0.36","80","Phylloscopus collybita","0","0","1","0"
"0.36","80","Petronia petronia","0","0","1","0"
"0.36","80","Egretta garzetta","0","0","1","0"
"0.36","80","Curruca melanocephala","0","0","1","0"
"0.36","80","Fulica atra","0","0","1","0"
"0.36","80","Lophophanes cristatus","0","0","1","0"
"0.36","80","Phalacrocorax carbo","0","0","1","0"
"0.36","80","Curruca communis","0","0","1","0"
"0.36","80","Cisticola juncidis","0","0","1","0"
"0.36","80","Milvus milvus","0","0","1","0"
"0.36","80","Gallinula chloropus","0","0","1","0"
"0.36","80","Oenanthe oenanthe","0","0","1","0"
"0.36","80","Circaetus gallicus","0","0","1","0"
"0.36","80","Picus sharpei","0","0","1","0"
"0.36","80","Phoenicurus phoenicurus","0","0","1","0"
"0.36","80","Ciconia ciconia","0","0","1","0"
"0.36","80","Hieraaetus pennatus","0","0","1","0"
"0.36","80","Carduelis citrinella","0","0","1","0"
"0.36","80","Corvus monedula","0","0","1","0"
"0.36","80","Lanius collurio","0","0","1","0"
"0.36","80","Motacilla flava","0","0","1","0"
"0.36","80","Sturnus unicolor","0","0","1","0"
"0.36","80","Circus aeruginosus","0","0","1","0"
"0.36","80","Himantopus himantopus","0","0","1","0"
"0.36","80","Motacilla cinerea","0","0","1","0"
"0.36","80","Curruca iberiae","0","0","1","0"
"0.36","80","Lanius senator","0","0","1","0"
"0.36","80","Chroicocephalus ridibundus","0","0","1","0"
"0.36","80","Prunella modularis","0","0","1","0"
"0.36","80","Emberiza cia","0","0","1","0"
"0.36","80","Alectoris rufa","0","0","1","0"
"0.36","80","Acrocephalus scirpaceus","0","0","1","0"
"0.36","80","Bubulcus ibis","0","0","1","0"
"0.36","80","Acrocephalus arundinaceus","0","0","1","0"
"0.36","80","Podiceps cristatus","0","0","1","0"
"0.36","80","Emberiza citrinella","0","0","1","0"
"0.36","80","Anthus trivialis","0","0","1","0"
"0.36","80","Muscicapa striata","0","0","1","0"
"0.36","80","Coturnix coturnix","0","0","1","0"
"0.36","80","Pernis apivorus","0","0","1","0"
"0.36","80","Passer montanus","0","0","1","0"
"0.36","80","Sterna hirundo","0","0","1","0"
"0.36","80","Ardea purpurea","0","0","1","0"
"0.36","80","Tachybaptus ruficollis","0","0","1","0"
"0.36","80","Charadrius dubius","0","0","1","0"
"0.36","80","Sylvia borin","0","0","1","0"
"0.36","80","Tadorna tadorna","0","0","1","0"
"0.36","80","Apus melba","0","0","1","0"
"0.36","80","Falco subbuteo","0","0","1","0"
"0.36","80","Curruca undata","0","0","1","0"
"0.36","80","Riparia riparia","0","0","1","0"
"0.36","80","Pyrrhula pyrrhula","0","0","1","0"
"0.36","80","Actitis hypoleucos","0","0","1","0"
"0.36","80","Recurvirostra avosetta","0","0","1","0"
"0.36","80","Netta rufina","0","0","1","0"
"0.36","80","Circus pygargus","0","0","1","0"
"0.36","80","Anthus campestris","0","0","1","0"
"0.36","80","Poecile palustris","0","0","1","0"
"0.36","80","Galerida theklae","0","0","1","0"
"0.36","80","Pyrrhocorax graculus","0","0","1","0"
"0.36","80","Saxicola rubetra","0","0","1","0"
"0.36","80","Cinclus cinclus","0","0","1","0"
"0.36","80","Accipiter nisus","0","0","1","0"
"0.36","80","Aquila chrysaetos","0","0","1","0"
"0.36","80","Aythya ferina","0","0","1","0"
"0.36","80","Melanocorypha calandra","0","0","1","0"
"0.36","80","Alcedo atthis","0","0","1","0"
"0.36","80","Phasianus colchicus","0","0","1","0"
"0.36","80","Mareca strepera","0","0","1","0"
"0.36","80","Nycticorax nycticorax","0","0","1","0"
"0.36","80","Plegadis falcinellus","0","0","1","0"
"0.36","80","Ardea alba","0","0","1","0"
"0.36","80","Sternula albifrons","0","0","1","0"
"0.36","80","Anthus spinoletta","0","0","1","0"
"0.36","80","Coccothraustes coccothraustes","0","0","1","0"
"0.36","80","Vanellus vanellus","0","0","1","0"
"0.36","80","Burhinus oedicnemus","0","0","1","0"
"0.36","80","Tringa ochropus","0","0","1","0"
"0.36","80","Cygnus olor","0","0","1","0"
"0.36","80","Phoenicopterus roseus","0","0","1","0"
"0.36","80","Tringa totanus","0","0","1","0"
"0.36","80","Loxia curvirostra","0","0","1","0"
"0.36","80","Emberiza schoeniclus","0","0","1","0"
"0.36","80","Regulus regulus","0","0","1","0"
"0.36","80","Psittacula krameri","0","0","1","0"
"0.36","80","Passer hispaniolensis","0","0","1","0"
"0.36","80","Ichthyaetus melanocephalus","0","0","1","0"
"0.36","80","Cecropis daurica","0","0","1","0"
"0.36","80","Columba oenas","0","0","1","0"
"0.36","80","Aegypius monachus","0","0","1","0"
"0.36","80","Falco naumanni","0","0","1","0"
"0.36","80","Spatula clypeata","0","0","1","0"
"0.36","80","Strix aluco","0","0","1","0"
"0.36","80","Podiceps nigricollis","0","0","1","0"
"0.36","80","Rallus aquaticus","0","0","1","0"
"0.36","80","Jynx torquilla","0","0","1","0"
"0.36","80","Phylloscopus trochilus","0","0","1","0"
"0.36","80","Phylloscopus ibericus","0","0","1","0"
"0.36","80","Tringa glareola","0","0","1","0"
"0.36","80","Athene noctua","0","0","1","0"
"0.36","80","Chlidonias hybrida","0","0","1","0"
"0.36","80","Ficedula hypoleuca","0","0","1","0"
"0.36","80","Monticola solitarius","0","0","1","0"
"0.36","80","Coracias garrulus","0","0","1","0"
"0.36","80","Chlidonias niger","0","0","1","0"
"0.36","80","Platalea leucorodia","0","0","1","0"
"0.36","80","Thalasseus sandvicensis","0","0","1","0"
"0.36","80","Morus bassanus","0","0","1","0"
"0.36","80","Ardeola ralloides","0","0","1","0"
"0.36","80","Otus scops","0","0","1","0"
"0.36","81","Turdus merula","0","0","0","1"
"0.36","81","Apus apus","0","0","1","0"
"0.36","81","Fringilla coelebs","0","0","1","0"
"0.36","81","Hirundo rustica","0","0","1","0"
"0.36","81","Columba palumbus","0","0","1","0"
"0.36","81","Sylvia atricapilla","0","0","0","1"
"0.36","81","Passer domesticus","0","0","1","0"
"0.36","81","Corvus corone","0","0","0","1"
"0.36","81","Pica pica","0","0","1","0"
"0.36","81","Parus major","0","0","1","0"
"0.36","81","Carduelis carduelis","0","0","1","0"
"0.36","81","Serinus serinus","0","0","1","0"
"0.36","81","Milvus migrans","0","0","1","0"
"0.36","81","Streptopelia decaocto","0","0","1","0"
"0.36","81","Phoenicurus ochruros","0","0","0","1"
"0.36","81","Erithacus rubecula","0","0","0","1"
"0.36","81","Delichon urbicum","0","0","1","0"
"0.36","81","Luscinia megarhynchos","0","0","0","1"
"0.36","81","Gyps fulvus","0","0","1","0"
"0.36","81","Cyanistes caeruleus","0","0","0","1"
"0.36","81","Cuculus canorus","0","0","1","0"
"0.36","81","Garrulus glandarius","0","0","1","0"
"0.36","81","Motacilla alba","0","0","1","0"
"0.36","81","Chloris chloris","0","0","1","0"
"0.36","81","Troglodytes troglodytes","0","0","1","0"
"0.36","81","Emberiza cirlus","0","0","1","0"
"0.36","81","Falco tinnunculus","0","0","1","0"
"0.36","81","Columba livia","0","0","1","0"
"0.36","81","Oriolus oriolus","0","0","1","0"
"0.36","81","Buteo buteo","0","0","1","0"
"0.36","81","Sturnus vulgaris","0","0","1","0"
"0.36","81","Phylloscopus bonelli","0","0","1","0"
"0.36","81","Anas platyrhynchos","0","0","1","0"
"0.36","81","Linaria cannabina","0","0","1","0"
"0.36","81","Periparus ater","0","0","0","1"
"0.36","81","Merops apiaster","0","0","1","0"
"0.36","81","Larus michahellis","0","0","1","0"
"0.36","81","Hippolais polyglotta","0","0","1","0"
"0.36","81","Saxicola rubicola","0","0","1","0"
"0.36","81","Certhia brachydactyla","0","0","1","0"
"0.36","81","Upupa epops","0","0","1","0"
"0.36","81","Ardea cinerea","0","0","1","0"
"0.36","81","Ptyonoprogne rupestris","0","0","1","0"
"0.36","81","Dendrocopos major","0","0","1","0"
"0.36","81","Emberiza calandra","0","0","1","0"
"0.36","81","Streptopelia turtur","1","0","0","0"
"0.36","81","Picus viridis","0","0","1","0"
"0.36","81","Regulus ignicapilla","0","0","1","0"
"0.36","81","Corvus corax","0","0","1","0"
"0.36","81","Aegithalos caudatus","0","0","1","0"
"0.36","81","Cettia cetti","0","0","1","0"
"0.36","81","Turdus viscivorus","0","0","1","0"
"0.36","81","Pyrrhocorax pyrrhocorax","0","0","1","0"
"0.36","81","Lullula arborea","0","0","0","1"
"0.36","81","Sitta europaea","0","0","1","0"
"0.36","81","Turdus philomelos","0","0","1","0"
"0.36","81","Galerida cristata","0","0","1","0"
"0.36","81","Alauda arvensis","0","0","1","0"
"0.36","81","Phylloscopus collybita","0","0","1","0"
"0.36","81","Petronia petronia","0","0","1","0"
"0.36","81","Egretta garzetta","0","0","1","0"
"0.36","81","Curruca melanocephala","0","0","1","0"
"0.36","81","Fulica atra","0","0","1","0"
"0.36","81","Lophophanes cristatus","0","0","1","0"
"0.36","81","Phalacrocorax carbo","0","0","1","0"
"0.36","81","Curruca communis","0","0","0","1"
"0.36","81","Cisticola juncidis","0","0","1","0"
"0.36","81","Milvus milvus","0","0","1","0"
"0.36","81","Gallinula chloropus","0","0","1","0"
"0.36","81","Oenanthe oenanthe","0","0","1","0"
"0.36","81","Circaetus gallicus","0","0","1","0"
"0.36","81","Picus sharpei","0","0","1","0"
"0.36","81","Phoenicurus phoenicurus","0","0","1","0"
"0.36","81","Ciconia ciconia","0","0","1","0"
"0.36","81","Hieraaetus pennatus","0","0","1","0"
"0.36","81","Carduelis citrinella","0","0","1","0"
"0.36","81","Corvus monedula","0","0","1","0"
"0.36","81","Lanius collurio","0","0","1","0"
"0.36","81","Motacilla flava","0","0","1","0"
"0.36","81","Sturnus unicolor","0","0","1","0"
"0.36","81","Circus aeruginosus","0","0","1","0"
"0.36","81","Himantopus himantopus","0","0","1","0"
"0.36","81","Motacilla cinerea","0","0","1","0"
"0.36","81","Curruca iberiae","0","0","1","0"
"0.36","81","Lanius senator","0","0","1","0"
"0.36","81","Chroicocephalus ridibundus","0","0","1","0"
"0.36","81","Prunella modularis","0","0","1","0"
"0.36","81","Emberiza cia","0","0","1","0"
"0.36","81","Alectoris rufa","0","0","1","0"
"0.36","81","Acrocephalus scirpaceus","0","0","1","0"
"0.36","81","Bubulcus ibis","0","0","1","0"
"0.36","81","Acrocephalus arundinaceus","0","0","1","0"
"0.36","81","Podiceps cristatus","0","0","1","0"
"0.36","81","Emberiza citrinella","0","0","0","1"
"0.36","81","Anthus trivialis","0","0","1","0"
"0.36","81","Muscicapa striata","0","0","1","0"
"0.36","81","Coturnix coturnix","0","0","0","1"
"0.36","81","Pernis apivorus","0","0","1","0"
"0.36","81","Passer montanus","0","0","1","0"
"0.36","81","Sterna hirundo","0","0","1","0"
"0.36","81","Ardea purpurea","0","0","1","0"
"0.36","81","Tachybaptus ruficollis","0","0","1","0"
"0.36","81","Charadrius dubius","0","0","1","0"
"0.36","81","Sylvia borin","0","0","1","0"
"0.36","81","Tadorna tadorna","0","0","1","0"
"0.36","81","Apus melba","0","0","1","0"
"0.36","81","Falco subbuteo","0","0","1","0"
"0.36","81","Curruca undata","0","0","1","0"
"0.36","81","Riparia riparia","0","0","1","0"
"0.36","81","Pyrrhula pyrrhula","0","0","1","0"
"0.36","81","Actitis hypoleucos","0","0","1","0"
"0.36","81","Recurvirostra avosetta","0","0","1","0"
"0.36","81","Netta rufina","0","0","1","0"
"0.36","81","Circus pygargus","0","0","1","0"
"0.36","81","Anthus campestris","0","0","1","0"
"0.36","81","Poecile palustris","0","0","1","0"
"0.36","81","Galerida theklae","0","0","1","0"
"0.36","81","Pyrrhocorax graculus","0","0","1","0"
"0.36","81","Saxicola rubetra","0","0","1","0"
"0.36","81","Cinclus cinclus","0","0","1","0"
"0.36","81","Accipiter nisus","0","0","1","0"
"0.36","81","Aquila chrysaetos","0","0","1","0"
"0.36","81","Aythya ferina","0","0","1","0"
"0.36","81","Melanocorypha calandra","0","0","1","0"
"0.36","81","Alcedo atthis","0","0","1","0"
"0.36","81","Phasianus colchicus","0","0","1","0"
"0.36","81","Mareca strepera","0","0","1","0"
"0.36","81","Nycticorax nycticorax","0","0","1","0"
"0.36","81","Plegadis falcinellus","0","0","1","0"
"0.36","81","Ardea alba","0","0","1","0"
"0.36","81","Sternula albifrons","0","0","1","0"
"0.36","81","Anthus spinoletta","0","0","1","0"
"0.36","81","Coccothraustes coccothraustes","0","0","1","0"
"0.36","81","Vanellus vanellus","0","0","1","0"
"0.36","81","Burhinus oedicnemus","0","0","1","0"
"0.36","81","Tringa ochropus","0","0","1","0"
"0.36","81","Cygnus olor","0","0","1","0"
"0.36","81","Phoenicopterus roseus","0","0","1","0"
"0.36","81","Tringa totanus","0","0","1","0"
"0.36","81","Loxia curvirostra","0","0","1","0"
"0.36","81","Emberiza schoeniclus","0","0","1","0"
"0.36","81","Regulus regulus","0","0","1","0"
"0.36","81","Psittacula krameri","0","0","1","0"
"0.36","81","Passer hispaniolensis","0","0","1","0"
"0.36","81","Ichthyaetus melanocephalus","0","0","1","0"
"0.36","81","Cecropis daurica","0","0","1","0"
"0.36","81","Columba oenas","0","0","1","0"
"0.36","81","Aegypius monachus","0","0","1","0"
"0.36","81","Falco naumanni","0","0","1","0"
"0.36","81","Spatula clypeata","0","0","1","0"
"0.36","81","Strix aluco","0","0","1","0"
"0.36","81","Podiceps nigricollis","0","0","1","0"
"0.36","81","Rallus aquaticus","0","0","1","0"
"0.36","81","Jynx torquilla","0","0","1","0"
"0.36","81","Phylloscopus trochilus","0","0","1","0"
"0.36","81","Phylloscopus ibericus","0","0","1","0"
"0.36","81","Tringa glareola","0","0","1","0"
"0.36","81","Athene noctua","0","0","1","0"
"0.36","81","Chlidonias hybrida","0","0","1","0"
"0.36","81","Ficedula hypoleuca","0","0","1","0"
"0.36","81","Monticola solitarius","0","0","1","0"
"0.36","81","Coracias garrulus","0","0","1","0"
"0.36","81","Chlidonias niger","0","0","1","0"
"0.36","81","Platalea leucorodia","0","0","1","0"
"0.36","81","Thalasseus sandvicensis","0","0","1","0"
"0.36","81","Morus bassanus","0","0","1","0"
"0.36","81","Ardeola ralloides","0","0","1","0"
"0.36","81","Otus scops","0","0","1","0"
"0.36","82","Turdus merula","0","0","1","0"
"0.36","82","Apus apus","0","0","1","0"
"0.36","82","Columba palumbus","0","0","1","0"
"0.36","82","Passer domesticus","0","0","1","0"
"0.36","82","Fringilla coelebs","0","0","1","0"
"0.36","82","Hirundo rustica","0","0","1","0"
"0.36","82","Corvus corone","0","0","1","0"
"0.36","82","Sylvia atricapilla","0","0","1","0"
"0.36","82","Carduelis carduelis","0","0","1","0"
"0.36","82","Delichon urbicum","0","0","1","0"
"0.36","82","Pica pica","0","0","1","0"
"0.36","82","Streptopelia decaocto","0","0","1","0"
"0.36","82","Phoenicurus ochruros","0","0","1","0"
"0.36","82","Parus major","0","0","1","0"
"0.36","82","Serinus serinus","0","0","1","0"
"0.36","82","Milvus migrans","0","0","1","0"
"0.36","82","Motacilla alba","0","0","1","0"
"0.36","82","Gyps fulvus","0","0","1","0"
"0.36","82","Erithacus rubecula","0","0","1","0"
"0.36","82","Garrulus glandarius","0","0","1","0"
"0.36","82","Cyanistes caeruleus","0","0","1","0"
"0.36","82","Buteo buteo","0","0","1","0"
"0.36","82","Columba livia","0","0","1","0"
"0.36","82","Falco tinnunculus","0","0","1","0"
"0.36","82","Chloris chloris","0","0","1","0"
"0.36","82","Emberiza cirlus","0","0","1","0"
"0.36","82","Troglodytes troglodytes","0","0","1","0"
"0.36","82","Oriolus oriolus","0","0","1","0"
"0.36","82","Periparus ater","0","0","1","0"
"0.36","82","Linaria cannabina","0","0","1","0"
"0.36","82","Ptyonoprogne rupestris","0","0","1","0"
"0.36","82","Ardea cinerea","0","0","1","0"
"0.36","82","Certhia brachydactyla","0","0","1","0"
"0.36","82","Sturnus vulgaris","0","0","1","0"
"0.36","82","Larus michahellis","0","0","1","0"
"0.36","82","Dendrocopos major","0","0","1","0"
"0.36","82","Picus viridis","0","0","1","0"
"0.36","82","Anas platyrhynchos","0","0","1","0"
"0.36","82","Merops apiaster","0","0","1","0"
"0.36","82","Phylloscopus bonelli","0","0","1","0"
"0.36","82","Saxicola rubicola","0","0","1","0"
"0.36","82","Streptopelia turtur","0","0","1","0"
"0.36","82","Sitta europaea","0","0","1","0"
"0.36","82","Hippolais polyglotta","0","0","1","0"
"0.36","82","Aegithalos caudatus","0","0","1","0"
"0.36","82","Upupa epops","0","0","1","0"
"0.36","82","Corvus corax","0","0","1","0"
"0.36","82","Phylloscopus collybita","0","0","1","0"
"0.36","82","Regulus ignicapilla","0","0","1","0"
"0.36","82","Lophophanes cristatus","0","0","1","0"
"0.36","82","Luscinia megarhynchos","0","0","1","0"
"0.36","82","Chroicocephalus ridibundus","0","0","1","0"
"0.36","82","Turdus viscivorus","0","0","1","0"
"0.36","82","Fulica atra","0","0","1","0"
"0.36","82","Turdus philomelos","0","0","1","0"
"0.36","82","Egretta garzetta","0","0","1","0"
"0.36","82","Galerida cristata","0","0","1","0"
"0.36","82","Lanius collurio","0","0","1","0"
"0.36","82","Alauda arvensis","0","0","1","0"
"0.36","82","Pyrrhocorax pyrrhocorax","0","0","1","0"
"0.36","82","Circaetus gallicus","0","0","1","0"
"0.36","82","Phalacrocorax carbo","0","0","1","0"
"0.36","82","Lullula arborea","0","0","1","0"
"0.36","82","Gallinula chloropus","0","0","1","0"
"0.36","82","Cisticola juncidis","0","0","1","0"
"0.36","82","Milvus milvus","0","0","1","0"
"0.36","82","Curruca melanocephala","0","0","1","0"
"0.36","82","Cuculus canorus","0","0","1","0"
"0.36","82","Cettia cetti","0","0","1","0"
"0.36","82","Motacilla cinerea","0","0","1","0"
"0.36","82","Hieraaetus pennatus","0","0","1","0"
"0.36","82","Emberiza calandra","0","0","1","0"
"0.36","82","Carduelis citrinella","0","0","1","0"
"0.36","82","Petronia petronia","0","0","1","0"
"0.36","82","Oenanthe oenanthe","0","0","1","0"
"0.36","82","Bubulcus ibis","0","0","1","0"
"0.36","82","Lanius senator","0","0","1","0"
"0.36","82","Ciconia ciconia","0","0","1","0"
"0.36","82","Picus sharpei","0","0","1","0"
"0.36","82","Muscicapa striata","0","0","1","0"
"0.36","82","Coturnix coturnix","0","0","1","0"
"0.36","82","Acrocephalus scirpaceus","0","0","1","0"
"0.36","82","Curruca communis","0","0","1","0"
"0.36","82","Pernis apivorus","0","0","1","0"
"0.36","82","Circus aeruginosus","0","0","1","0"
"0.36","82","Himantopus himantopus","0","0","1","0"
"0.36","82","Phoenicurus phoenicurus","0","0","1","0"
"0.36","82","Prunella modularis","0","0","1","0"
"0.36","82","Alectoris rufa","0","0","1","0"
"0.36","82","Corvus monedula","0","0","1","0"
"0.36","82","Sterna hirundo","0","0","1","0"
"0.36","82","Podiceps cristatus","0","0","1","0"
"0.36","82","Emberiza citrinella","0","0","1","0"
"0.36","82","Emberiza cia","0","0","1","0"
"0.36","82","Curruca iberiae","0","0","1","0"
"0.36","82","Passer montanus","0","0","1","0"
"0.36","82","Motacilla flava","0","0","1","0"
"0.36","82","Tachybaptus ruficollis","0","0","1","0"
"0.36","82","Sturnus unicolor","0","0","1","0"
"0.36","82","Alcedo atthis","0","0","1","0"
"0.36","82","Anthus trivialis","0","0","1","0"
"0.36","82","Ardea purpurea","0","0","1","0"
"0.36","82","Actitis hypoleucos","0","0","1","0"
"0.36","82","Charadrius dubius","0","0","1","0"
"0.36","82","Pyrrhula pyrrhula","0","0","1","0"
"0.36","82","Curruca undata","0","0","1","0"
"0.36","82","Apus melba","0","0","1","0"
"0.36","82","Tringa ochropus","0","0","1","0"
"0.36","82","Falco subbuteo","0","0","1","0"
"0.36","82","Vanellus vanellus","0","0","1","0"
"0.36","82","Recurvirostra avosetta","0","0","1","0"
"0.36","82","Sylvia borin","0","0","1","0"
"0.36","82","Riparia riparia","0","0","1","0"
"0.36","82","Anthus spinoletta","0","0","1","0"
"0.36","82","Cinclus cinclus","0","0","1","0"
"0.36","82","Anthus campestris","0","0","1","0"
"0.36","82","Tadorna tadorna","0","0","1","0"
"0.36","82","Poecile palustris","0","0","1","0"
"0.36","82","Aythya ferina","0","0","1","0"
"0.36","82","Netta rufina","0","0","1","0"
"0.36","82","Acrocephalus arundinaceus","0","0","1","0"
"0.36","82","Circus pygargus","0","0","1","0"
"0.36","82","Accipiter nisus","0","0","1","0"
"0.36","82","Aquila chrysaetos","0","0","1","0"
"0.36","82","Pyrrhocorax graculus","0","0","1","0"
"0.36","82","Nycticorax nycticorax","0","0","1","0"
"0.36","82","Galerida theklae","0","0","1","0"
"0.36","82","Ardea alba","0","0","1","0"
"0.36","82","Burhinus oedicnemus","0","0","1","0"
"0.36","82","Loxia curvirostra","0","0","1","0"
"0.36","82","Sternula albifrons","0","0","1","0"
"0.36","82","Cygnus olor","0","0","1","0"
"0.36","82","Phoenicopterus roseus","0","0","1","0"
"0.36","82","Coccothraustes coccothraustes","0","0","1","0"
"0.36","82","Columba oenas","0","0","1","0"
"0.36","82","Emberiza schoeniclus","0","0","1","0"
"0.36","82","Rallus aquaticus","0","0","1","0"
"0.36","82","Plegadis falcinellus","0","0","1","0"
"0.36","82","Strix aluco","0","0","1","0"
"0.36","82","Mareca strepera","0","0","1","0"
"0.36","82","Lanius meridionalis","0","0","1","0"
"0.36","82","Cecropis daurica","0","0","1","0"
"0.36","82","Ichthyaetus melanocephalus","0","0","1","0"
"0.36","82","Platalea leucorodia","0","0","1","0"
"0.36","82","Melanocorypha calandra","0","0","1","0"
"0.36","82","Tringa totanus","0","0","1","0"
"0.36","82","Ficedula hypoleuca","0","0","1","0"
"0.36","82","Saxicola rubetra","0","0","1","0"
"0.36","82","Athene noctua","0","0","1","0"
"0.36","82","Coracias garrulus","0","0","1","0"
"0.36","82","Thalasseus sandvicensis","0","0","1","0"
"0.36","82","Regulus regulus","0","0","1","0"
"0.36","82","Spatula clypeata","0","0","1","0"
"0.36","82","Falco naumanni","0","0","1","0"
"0.36","82","Podiceps nigricollis","0","0","1","0"
"0.36","82","Chlidonias niger","0","0","1","0"
"0.36","82","Phasianus colchicus","0","0","1","0"
"0.36","82","Passer hispaniolensis","0","0","1","0"
"0.36","82","Charadrius hiaticula","0","0","1","0"
"0.36","82","Tyto alba","0","0","1","0"
"0.36","82","Limosa limosa","0","0","1","0"
"0.36","82","Spinus spinus","0","0","1","0"
"0.36","82","Psittacula krameri","0","0","1","0"
"0.36","82","Charadrius alexandrinus","0","0","1","0"
"0.36","82","Pandion haliaetus","0","0","1","0"
"0.36","82","Numenius arquata","0","0","1","0"
"0.36","82","Larus fuscus","0","0","1","0"
"0.36","82","Phylloscopus trochilus","0","0","1","0"
"0.36","82","Otus scops","0","0","1","0"
"0.36","82","Jynx torquilla","0","0","1","0"
"0.36","83","Turdus merula","0","0","1","0"
"0.36","83","Apus apus","0","0","1","0"
"0.36","83","Columba palumbus","0","0","1","0"
"0.36","83","Passer domesticus","0","0","1","0"
"0.36","83","Fringilla coelebs","0","0","1","0"
"0.36","83","Hirundo rustica","0","0","1","0"
"0.36","83","Corvus corone","1","0","0","0"
"0.36","83","Sylvia atricapilla","0","0","0","1"
"0.36","83","Carduelis carduelis","0","0","1","0"
"0.36","83","Delichon urbicum","0","0","1","0"
"0.36","83","Pica pica","0","0","1","0"
"0.36","83","Streptopelia decaocto","0","0","1","0"
"0.36","83","Phoenicurus ochruros","0","0","1","0"
"0.36","83","Parus major","0","0","0","1"
"0.36","83","Serinus serinus","0","0","1","0"
"0.36","83","Milvus migrans","0","0","1","0"
"0.36","83","Motacilla alba","0","0","1","0"
"0.36","83","Gyps fulvus","0","0","1","0"
"0.36","83","Erithacus rubecula","0","0","1","0"
"0.36","83","Garrulus glandarius","0","0","1","0"
"0.36","83","Cyanistes caeruleus","0","0","1","0"
"0.36","83","Buteo buteo","0","0","1","0"
"0.36","83","Columba livia","0","0","1","0"
"0.36","83","Falco tinnunculus","0","0","1","0"
"0.36","83","Chloris chloris","0","0","1","0"
"0.36","83","Emberiza cirlus","0","0","1","0"
"0.36","83","Troglodytes troglodytes","0","0","1","0"
"0.36","83","Oriolus oriolus","0","0","0","1"
"0.36","83","Periparus ater","0","0","1","0"
"0.36","83","Linaria cannabina","0","0","1","0"
"0.36","83","Ptyonoprogne rupestris","0","0","1","0"
"0.36","83","Ardea cinerea","0","0","1","0"
"0.36","83","Certhia brachydactyla","0","0","0","1"
"0.36","83","Sturnus vulgaris","0","0","1","0"
"0.36","83","Larus michahellis","0","0","1","0"
"0.36","83","Dendrocopos major","0","0","1","0"
"0.36","83","Picus viridis","0","0","1","0"
"0.36","83","Anas platyrhynchos","0","0","1","0"
"0.36","83","Merops apiaster","0","0","1","0"
"0.36","83","Phylloscopus bonelli","0","0","1","0"
"0.36","83","Saxicola rubicola","0","0","1","0"
"0.36","83","Streptopelia turtur","0","0","1","0"
"0.36","83","Sitta europaea","0","0","1","0"
"0.36","83","Hippolais polyglotta","0","0","1","0"
"0.36","83","Aegithalos caudatus","0","0","1","0"
"0.36","83","Upupa epops","0","0","1","0"
"0.36","83","Corvus corax","0","0","1","0"
"0.36","83","Phylloscopus collybita","0","0","1","0"
"0.36","83","Regulus ignicapilla","0","0","1","0"
"0.36","83","Lophophanes cristatus","0","0","1","0"
"0.36","83","Luscinia megarhynchos","0","0","1","0"
"0.36","83","Chroicocephalus ridibundus","0","0","1","0"
"0.36","83","Turdus viscivorus","0","0","1","0"
"0.36","83","Fulica atra","0","0","1","0"
"0.36","83","Turdus philomelos","0","0","1","0"
"0.36","83","Egretta garzetta","0","0","1","0"
"0.36","83","Galerida cristata","0","0","1","0"
"0.36","83","Lanius collurio","0","0","1","0"
"0.36","83","Alauda arvensis","0","0","1","0"
"0.36","83","Pyrrhocorax pyrrhocorax","0","0","1","0"
"0.36","83","Circaetus gallicus","0","0","1","0"
"0.36","83","Phalacrocorax carbo","0","0","1","0"
"0.36","83","Lullula arborea","0","0","1","0"
"0.36","83","Gallinula chloropus","0","0","1","0"
"0.36","83","Cisticola juncidis","0","0","1","0"
"0.36","83","Milvus milvus","0","0","1","0"
"0.36","83","Curruca melanocephala","0","0","1","0"
"0.36","83","Cuculus canorus","0","0","1","0"
"0.36","83","Cettia cetti","0","0","1","0"
"0.36","83","Motacilla cinerea","0","0","1","0"
"0.36","83","Hieraaetus pennatus","0","0","1","0"
"0.36","83","Emberiza calandra","0","0","1","0"
"0.36","83","Carduelis citrinella","0","0","1","0"
"0.36","83","Petronia petronia","0","0","1","0"
"0.36","83","Oenanthe oenanthe","0","0","1","0"
"0.36","83","Bubulcus ibis","0","0","1","0"
"0.36","83","Lanius senator","0","0","1","0"
"0.36","83","Ciconia ciconia","0","0","1","0"
"0.36","83","Picus sharpei","0","0","1","0"
"0.36","83","Muscicapa striata","0","0","1","0"
"0.36","83","Coturnix coturnix","0","0","1","0"
"0.36","83","Acrocephalus scirpaceus","0","0","1","0"
"0.36","83","Curruca communis","0","0","0","1"
"0.36","83","Pernis apivorus","0","0","1","0"
"0.36","83","Circus aeruginosus","0","0","1","0"
"0.36","83","Himantopus himantopus","0","0","1","0"
"0.36","83","Phoenicurus phoenicurus","0","0","1","0"
"0.36","83","Prunella modularis","0","0","1","0"
"0.36","83","Alectoris rufa","0","0","1","0"
"0.36","83","Corvus monedula","0","0","1","0"
"0.36","83","Sterna hirundo","0","0","1","0"
"0.36","83","Podiceps cristatus","0","0","1","0"
"0.36","83","Emberiza citrinella","0","0","1","0"
"0.36","83","Emberiza cia","0","0","1","0"
"0.36","83","Curruca iberiae","0","0","1","0"
"0.36","83","Passer montanus","0","0","1","0"
"0.36","83","Motacilla flava","0","0","1","0"
"0.36","83","Tachybaptus ruficollis","0","0","1","0"
"0.36","83","Sturnus unicolor","0","0","1","0"
"0.36","83","Alcedo atthis","0","0","1","0"
"0.36","83","Anthus trivialis","0","0","1","0"
"0.36","83","Ardea purpurea","0","0","1","0"
"0.36","83","Actitis hypoleucos","0","0","1","0"
"0.36","83","Charadrius dubius","0","0","1","0"
"0.36","83","Pyrrhula pyrrhula","0","0","1","0"
"0.36","83","Curruca undata","0","0","1","0"
"0.36","83","Apus melba","0","0","1","0"
"0.36","83","Tringa ochropus","0","0","1","0"
"0.36","83","Falco subbuteo","0","0","1","0"
"0.36","83","Vanellus vanellus","0","0","1","0"
"0.36","83","Recurvirostra avosetta","0","0","1","0"
"0.36","83","Sylvia borin","0","0","1","0"
"0.36","83","Riparia riparia","0","0","1","0"
"0.36","83","Anthus spinoletta","0","0","1","0"
"0.36","83","Cinclus cinclus","0","0","1","0"
"0.36","83","Anthus campestris","0","0","1","0"
"0.36","83","Tadorna tadorna","0","0","1","0"
"0.36","83","Poecile palustris","0","0","1","0"
"0.36","83","Aythya ferina","0","0","1","0"
"0.36","83","Netta rufina","0","0","1","0"
"0.36","83","Acrocephalus arundinaceus","0","0","1","0"
"0.36","83","Circus pygargus","0","0","1","0"
"0.36","83","Accipiter nisus","0","0","1","0"
"0.36","83","Aquila chrysaetos","0","0","1","0"
"0.36","83","Pyrrhocorax graculus","0","0","1","0"
"0.36","83","Nycticorax nycticorax","0","0","1","0"
"0.36","83","Galerida theklae","0","0","1","0"
"0.36","83","Ardea alba","0","0","1","0"
"0.36","83","Burhinus oedicnemus","0","0","1","0"
"0.36","83","Loxia curvirostra","0","0","1","0"
"0.36","83","Sternula albifrons","0","0","1","0"
"0.36","83","Cygnus olor","0","0","1","0"
"0.36","83","Phoenicopterus roseus","0","0","1","0"
"0.36","83","Coccothraustes coccothraustes","0","0","1","0"
"0.36","83","Columba oenas","0","0","1","0"
"0.36","83","Emberiza schoeniclus","0","0","1","0"
"0.36","83","Rallus aquaticus","0","0","1","0"
"0.36","83","Plegadis falcinellus","0","0","1","0"
"0.36","83","Strix aluco","0","0","1","0"
"0.36","83","Mareca strepera","0","0","1","0"
"0.36","83","Lanius meridionalis","0","0","1","0"
"0.36","83","Cecropis daurica","0","0","1","0"
"0.36","83","Ichthyaetus melanocephalus","0","0","1","0"
"0.36","83","Platalea leucorodia","0","0","1","0"
"0.36","83","Melanocorypha calandra","0","0","1","0"
"0.36","83","Tringa totanus","0","0","1","0"
"0.36","83","Ficedula hypoleuca","0","0","1","0"
"0.36","83","Saxicola rubetra","0","0","1","0"
"0.36","83","Athene noctua","0","0","1","0"
"0.36","83","Coracias garrulus","0","0","1","0"
"0.36","83","Thalasseus sandvicensis","0","0","1","0"
"0.36","83","Regulus regulus","0","0","1","0"
"0.36","83","Spatula clypeata","0","0","1","0"
"0.36","83","Falco naumanni","0","0","1","0"
"0.36","83","Podiceps nigricollis","0","0","1","0"
"0.36","83","Chlidonias niger","0","0","1","0"
"0.36","83","Phasianus colchicus","0","0","1","0"
"0.36","83","Passer hispaniolensis","0","0","1","0"
"0.36","83","Charadrius hiaticula","0","0","1","0"
"0.36","83","Tyto alba","0","0","1","0"
"0.36","83","Limosa limosa","0","0","1","0"
"0.36","83","Spinus spinus","0","0","1","0"
"0.36","83","Psittacula krameri","0","0","1","0"
"0.36","83","Charadrius alexandrinus","0","0","1","0"
"0.36","83","Pandion haliaetus","0","0","1","0"
"0.36","83","Numenius arquata","0","0","1","0"
"0.36","83","Larus fuscus","0","0","1","0"
"0.36","83","Phylloscopus trochilus","0","0","1","0"
"0.36","83","Otus scops","0","0","1","0"
"0.36","83","Jynx torquilla","0","0","1","0"
"0.36","84","Turdus merula","0","0","1","0"
"0.36","84","Apus apus","0","0","1","0"
"0.36","84","Columba palumbus","0","0","1","0"
"0.36","84","Passer domesticus","0","0","1","0"
"0.36","84","Fringilla coelebs","0","0","1","0"
"0.36","84","Hirundo rustica","0","0","1","0"
"0.36","84","Corvus corone","0","0","1","0"
"0.36","84","Sylvia atricapilla","1","0","0","0"
"0.36","84","Carduelis carduelis","0","0","1","0"
"0.36","84","Delichon urbicum","0","0","1","0"
"0.36","84","Pica pica","0","0","1","0"
"0.36","84","Streptopelia decaocto","0","0","1","0"
"0.36","84","Phoenicurus ochruros","0","0","1","0"
"0.36","84","Parus major","0","0","1","0"
"0.36","84","Serinus serinus","0","0","1","0"
"0.36","84","Milvus migrans","0","0","1","0"
"0.36","84","Motacilla alba","0","0","1","0"
"0.36","84","Gyps fulvus","0","0","1","0"
"0.36","84","Erithacus rubecula","0","0","1","0"
"0.36","84","Garrulus glandarius","0","0","1","0"
"0.36","84","Cyanistes caeruleus","0","0","1","0"
"0.36","84","Buteo buteo","0","0","1","0"
"0.36","84","Columba livia","0","0","1","0"
"0.36","84","Falco tinnunculus","0","0","1","0"
"0.36","84","Chloris chloris","0","0","1","0"
"0.36","84","Emberiza cirlus","0","0","1","0"
"0.36","84","Troglodytes troglodytes","0","0","1","0"
"0.36","84","Oriolus oriolus","1","0","0","0"
"0.36","84","Periparus ater","0","0","1","0"
"0.36","84","Linaria cannabina","0","0","1","0"
"0.36","84","Ptyonoprogne rupestris","0","0","1","0"
"0.36","84","Ardea cinerea","0","0","1","0"
"0.36","84","Certhia brachydactyla","0","0","1","0"
"0.36","84","Sturnus vulgaris","0","0","1","0"
"0.36","84","Larus michahellis","0","0","1","0"
"0.36","84","Dendrocopos major","0","0","1","0"
"0.36","84","Picus viridis","0","0","1","0"
"0.36","84","Anas platyrhynchos","0","0","1","0"
"0.36","84","Merops apiaster","0","0","1","0"
"0.36","84","Phylloscopus bonelli","0","0","1","0"
"0.36","84","Saxicola rubicola","0","0","1","0"
"0.36","84","Streptopelia turtur","0","0","1","0"
"0.36","84","Sitta europaea","0","0","1","0"
"0.36","84","Hippolais polyglotta","0","0","1","0"
"0.36","84","Aegithalos caudatus","0","0","1","0"
"0.36","84","Upupa epops","0","0","1","0"
"0.36","84","Corvus corax","0","0","1","0"
"0.36","84","Phylloscopus collybita","0","0","1","0"
"0.36","84","Regulus ignicapilla","0","0","1","0"
"0.36","84","Lophophanes cristatus","0","0","1","0"
"0.36","84","Luscinia megarhynchos","0","0","1","0"
"0.36","84","Chroicocephalus ridibundus","0","0","1","0"
"0.36","84","Turdus viscivorus","0","0","1","0"
"0.36","84","Fulica atra","0","0","1","0"
"0.36","84","Turdus philomelos","0","0","1","0"
"0.36","84","Egretta garzetta","0","0","1","0"
"0.36","84","Galerida cristata","0","0","1","0"
"0.36","84","Lanius collurio","0","0","1","0"
"0.36","84","Alauda arvensis","0","0","1","0"
"0.36","84","Pyrrhocorax pyrrhocorax","0","0","1","0"
"0.36","84","Circaetus gallicus","0","0","1","0"
"0.36","84","Phalacrocorax carbo","0","0","1","0"
"0.36","84","Lullula arborea","0","0","1","0"
"0.36","84","Gallinula chloropus","0","0","1","0"
"0.36","84","Cisticola juncidis","0","0","1","0"
"0.36","84","Milvus milvus","0","0","1","0"
"0.36","84","Curruca melanocephala","0","0","1","0"
"0.36","84","Cuculus canorus","0","0","1","0"
"0.36","84","Cettia cetti","0","0","1","0"
"0.36","84","Motacilla cinerea","0","0","1","0"
"0.36","84","Hieraaetus pennatus","0","0","1","0"
"0.36","84","Emberiza calandra","0","0","1","0"
"0.36","84","Carduelis citrinella","0","0","1","0"
"0.36","84","Petronia petronia","0","0","1","0"
"0.36","84","Oenanthe oenanthe","0","0","1","0"
"0.36","84","Bubulcus ibis","0","0","1","0"
"0.36","84","Lanius senator","0","0","1","0"
"0.36","84","Ciconia ciconia","0","0","1","0"
"0.36","84","Picus sharpei","0","0","1","0"
"0.36","84","Muscicapa striata","0","0","1","0"
"0.36","84","Coturnix coturnix","0","0","1","0"
"0.36","84","Acrocephalus scirpaceus","0","0","1","0"
"0.36","84","Curruca communis","0","0","1","0"
"0.36","84","Pernis apivorus","0","0","1","0"
"0.36","84","Circus aeruginosus","0","0","1","0"
"0.36","84","Himantopus himantopus","0","0","1","0"
"0.36","84","Phoenicurus phoenicurus","0","0","1","0"
"0.36","84","Prunella modularis","0","0","1","0"
"0.36","84","Alectoris rufa","0","0","1","0"
"0.36","84","Corvus monedula","0","0","1","0"
"0.36","84","Sterna hirundo","0","0","1","0"
"0.36","84","Podiceps cristatus","0","0","1","0"
"0.36","84","Emberiza citrinella","0","0","1","0"
"0.36","84","Emberiza cia","0","0","1","0"
"0.36","84","Curruca iberiae","0","0","1","0"
"0.36","84","Passer montanus","0","0","1","0"
"0.36","84","Motacilla flava","0","0","1","0"
"0.36","84","Tachybaptus ruficollis","0","0","1","0"
"0.36","84","Sturnus unicolor","0","0","1","0"
"0.36","84","Alcedo atthis","0","0","1","0"
"0.36","84","Anthus trivialis","0","0","1","0"
"0.36","84","Ardea purpurea","0","0","1","0"
"0.36","84","Actitis hypoleucos","0","0","1","0"
"0.36","84","Charadrius dubius","0","0","1","0"
"0.36","84","Pyrrhula pyrrhula","0","0","1","0"
"0.36","84","Curruca undata","0","0","1","0"
"0.36","84","Apus melba","0","0","1","0"
"0.36","84","Tringa ochropus","0","0","1","0"
"0.36","84","Falco subbuteo","0","0","1","0"
"0.36","84","Vanellus vanellus","0","0","1","0"
"0.36","84","Recurvirostra avosetta","0","0","1","0"
"0.36","84","Sylvia borin","0","0","1","0"
"0.36","84","Riparia riparia","0","0","1","0"
"0.36","84","Anthus spinoletta","0","0","1","0"
"0.36","84","Cinclus cinclus","0","0","1","0"
"0.36","84","Anthus campestris","0","0","1","0"
"0.36","84","Tadorna tadorna","0","0","1","0"
"0.36","84","Poecile palustris","0","0","1","0"
"0.36","84","Aythya ferina","0","0","1","0"
"0.36","84","Netta rufina","0","0","1","0"
"0.36","84","Acrocephalus arundinaceus","0","0","1","0"
"0.36","84","Circus pygargus","0","0","1","0"
"0.36","84","Accipiter nisus","0","0","1","0"
"0.36","84","Aquila chrysaetos","0","0","1","0"
"0.36","84","Pyrrhocorax graculus","0","0","1","0"
"0.36","84","Nycticorax nycticorax","0","0","1","0"
"0.36","84","Galerida theklae","0","0","1","0"
"0.36","84","Ardea alba","0","0","1","0"
"0.36","84","Burhinus oedicnemus","0","0","1","0"
"0.36","84","Loxia curvirostra","0","0","1","0"
"0.36","84","Sternula albifrons","0","0","1","0"
"0.36","84","Cygnus olor","0","0","1","0"
"0.36","84","Phoenicopterus roseus","0","0","1","0"
"0.36","84","Coccothraustes coccothraustes","0","0","1","0"
"0.36","84","Columba oenas","0","0","1","0"
"0.36","84","Emberiza schoeniclus","0","0","1","0"
"0.36","84","Rallus aquaticus","0","0","1","0"
"0.36","84","Plegadis falcinellus","0","0","1","0"
"0.36","84","Strix aluco","0","0","1","0"
"0.36","84","Mareca strepera","0","0","1","0"
"0.36","84","Lanius meridionalis","0","0","1","0"
"0.36","84","Cecropis daurica","0","0","1","0"
"0.36","84","Ichthyaetus melanocephalus","0","0","1","0"
"0.36","84","Platalea leucorodia","0","0","1","0"
"0.36","84","Melanocorypha calandra","0","0","1","0"
"0.36","84","Tringa totanus","0","0","1","0"
"0.36","84","Ficedula hypoleuca","0","0","1","0"
"0.36","84","Saxicola rubetra","0","0","1","0"
"0.36","84","Athene noctua","0","0","1","0"
"0.36","84","Coracias garrulus","0","0","1","0"
"0.36","84","Thalasseus sandvicensis","0","0","1","0"
"0.36","84","Regulus regulus","0","0","1","0"
"0.36","84","Spatula clypeata","0","0","1","0"
"0.36","84","Falco naumanni","0","0","1","0"
"0.36","84","Podiceps nigricollis","0","0","1","0"
"0.36","84","Chlidonias niger","0","0","1","0"
"0.36","84","Phasianus colchicus","0","0","1","0"
"0.36","84","Passer hispaniolensis","0","0","1","0"
"0.36","84","Charadrius hiaticula","0","0","1","0"
"0.36","84","Tyto alba","0","0","1","0"
"0.36","84","Limosa limosa","0","0","1","0"
"0.36","84","Spinus spinus","0","0","1","0"
"0.36","84","Psittacula krameri","0","0","1","0"
"0.36","84","Charadrius alexandrinus","0","0","1","0"
"0.36","84","Pandion haliaetus","0","0","1","0"
"0.36","84","Numenius arquata","0","0","1","0"
"0.36","84","Larus fuscus","0","0","1","0"
"0.36","84","Phylloscopus trochilus","0","0","1","0"
"0.36","84","Otus scops","0","0","1","0"
"0.36","84","Jynx torquilla","0","0","1","0"
"0.36","85","Turdus merula","0","0","1","0"
"0.36","85","Apus apus","0","0","1","0"
"0.36","85","Columba palumbus","0","0","1","0"
"0.36","85","Passer domesticus","0","0","1","0"
"0.36","85","Fringilla coelebs","0","0","1","0"
"0.36","85","Hirundo rustica","0","0","1","0"
"0.36","85","Corvus corone","0","0","1","0"
"0.36","85","Sylvia atricapilla","0","0","1","0"
"0.36","85","Carduelis carduelis","0","0","1","0"
"0.36","85","Delichon urbicum","0","0","1","0"
"0.36","85","Pica pica","0","0","1","0"
"0.36","85","Streptopelia decaocto","0","0","1","0"
"0.36","85","Phoenicurus ochruros","0","0","1","0"
"0.36","85","Parus major","0","0","1","0"
"0.36","85","Serinus serinus","0","0","1","0"
"0.36","85","Milvus migrans","0","0","1","0"
"0.36","85","Motacilla alba","0","0","1","0"
"0.36","85","Gyps fulvus","0","0","1","0"
"0.36","85","Erithacus rubecula","0","0","1","0"
"0.36","85","Garrulus glandarius","0","0","1","0"
"0.36","85","Cyanistes caeruleus","0","0","1","0"
"0.36","85","Buteo buteo","0","0","1","0"
"0.36","85","Columba livia","0","0","1","0"
"0.36","85","Falco tinnunculus","0","0","1","0"
"0.36","85","Chloris chloris","0","0","1","0"
"0.36","85","Emberiza cirlus","0","0","1","0"
"0.36","85","Troglodytes troglodytes","0","0","1","0"
"0.36","85","Oriolus oriolus","0","0","1","0"
"0.36","85","Periparus ater","0","0","1","0"
"0.36","85","Linaria cannabina","0","0","1","0"
"0.36","85","Ptyonoprogne rupestris","0","0","1","0"
"0.36","85","Ardea cinerea","0","0","1","0"
"0.36","85","Certhia brachydactyla","0","0","1","0"
"0.36","85","Larus michahellis","0","0","1","0"
"0.36","85","Sturnus vulgaris","0","0","1","0"
"0.36","85","Dendrocopos major","0","0","1","0"
"0.36","85","Picus viridis","0","0","1","0"
"0.36","85","Anas platyrhynchos","0","0","1","0"
"0.36","85","Merops apiaster","0","0","1","0"
"0.36","85","Phylloscopus bonelli","0","0","1","0"
"0.36","85","Saxicola rubicola","0","0","1","0"
"0.36","85","Streptopelia turtur","0","0","1","0"
"0.36","85","Sitta europaea","0","0","1","0"
"0.36","85","Aegithalos caudatus","0","0","1","0"
"0.36","85","Hippolais polyglotta","0","0","1","0"
"0.36","85","Upupa epops","0","0","1","0"
"0.36","85","Corvus corax","0","0","1","0"
"0.36","85","Phylloscopus collybita","0","0","1","0"
"0.36","85","Regulus ignicapilla","0","0","1","0"
"0.36","85","Lophophanes cristatus","0","0","1","0"
"0.36","85","Chroicocephalus ridibundus","0","0","1","0"
"0.36","85","Luscinia megarhynchos","0","0","0","1"
"0.36","85","Fulica atra","0","0","1","0"
"0.36","85","Turdus viscivorus","0","0","1","0"
"0.36","85","Egretta garzetta","0","0","1","0"
"0.36","85","Turdus philomelos","0","0","1","0"
"0.36","85","Galerida cristata","0","0","1","0"
"0.36","85","Lanius collurio","0","0","1","0"
"0.36","85","Alauda arvensis","0","0","1","0"
"0.36","85","Pyrrhocorax pyrrhocorax","0","0","1","0"
"0.36","85","Circaetus gallicus","0","0","1","0"
"0.36","85","Phalacrocorax carbo","0","0","1","0"
"0.36","85","Gallinula chloropus","0","0","1","0"
"0.36","85","Lullula arborea","0","0","1","0"
"0.36","85","Cisticola juncidis","0","0","1","0"
"0.36","85","Curruca melanocephala","0","0","1","0"
"0.36","85","Milvus milvus","0","0","1","0"
"0.36","85","Cuculus canorus","0","0","1","0"
"0.36","85","Cettia cetti","0","0","1","0"
"0.36","85","Motacilla cinerea","0","0","1","0"
"0.36","85","Hieraaetus pennatus","0","0","1","0"
"0.36","85","Carduelis citrinella","0","0","1","0"
"0.36","85","Emberiza calandra","0","0","1","0"
"0.36","85","Petronia petronia","0","0","1","0"
"0.36","85","Oenanthe oenanthe","0","0","1","0"
"0.36","85","Bubulcus ibis","0","0","1","0"
"0.36","85","Lanius senator","0","0","1","0"
"0.36","85","Ciconia ciconia","0","0","1","0"
"0.36","85","Picus sharpei","0","0","1","0"
"0.36","85","Muscicapa striata","0","0","1","0"
"0.36","85","Acrocephalus scirpaceus","0","0","1","0"
"0.36","85","Coturnix coturnix","0","0","1","0"
"0.36","85","Curruca communis","0","0","1","0"
"0.36","85","Pernis apivorus","0","0","1","0"
"0.36","85","Himantopus himantopus","0","0","1","0"
"0.36","85","Circus aeruginosus","0","0","1","0"
"0.36","85","Phoenicurus phoenicurus","0","0","1","0"
"0.36","85","Corvus monedula","0","0","1","0"
"0.36","85","Prunella modularis","0","0","1","0"
"0.36","85","Alectoris rufa","0","0","1","0"
"0.36","85","Sterna hirundo","0","0","1","0"
"0.36","85","Podiceps cristatus","0","0","1","0"
"0.36","85","Emberiza citrinella","0","0","1","0"
"0.36","85","Emberiza cia","0","0","1","0"
"0.36","85","Curruca iberiae","0","0","1","0"
"0.36","85","Passer montanus","0","0","1","0"
"0.36","85","Motacilla flava","0","0","1","0"
"0.36","85","Tachybaptus ruficollis","0","0","1","0"
"0.36","85","Sturnus unicolor","0","0","1","0"
"0.36","85","Alcedo atthis","0","0","1","0"
"0.36","85","Anthus trivialis","0","0","1","0"
"0.36","85","Ardea purpurea","0","0","1","0"
"0.36","85","Actitis hypoleucos","0","0","1","0"
"0.36","85","Charadrius dubius","0","0","1","0"
"0.36","85","Pyrrhula pyrrhula","0","0","1","0"
"0.36","85","Apus melba","0","0","1","0"
"0.36","85","Curruca undata","0","0","1","0"
"0.36","85","Tringa ochropus","0","0","1","0"
"0.36","85","Falco subbuteo","0","0","1","0"
"0.36","85","Recurvirostra avosetta","0","0","1","0"
"0.36","85","Sylvia borin","0","0","1","0"
"0.36","85","Vanellus vanellus","0","0","1","0"
"0.36","85","Anthus spinoletta","0","0","1","0"
"0.36","85","Riparia riparia","0","0","1","0"
"0.36","85","Cinclus cinclus","0","0","1","0"
"0.36","85","Anthus campestris","0","0","1","0"
"0.36","85","Poecile palustris","0","0","1","0"
"0.36","85","Tadorna tadorna","0","0","1","0"
"0.36","85","Aythya ferina","0","0","1","0"
"0.36","85","Netta rufina","0","0","1","0"
"0.36","85","Acrocephalus arundinaceus","0","0","1","0"
"0.36","85","Circus pygargus","0","0","1","0"
"0.36","85","Accipiter nisus","0","0","1","0"
"0.36","85","Aquila chrysaetos","0","0","1","0"
"0.36","85","Pyrrhocorax graculus","0","0","1","0"
"0.36","85","Nycticorax nycticorax","0","0","1","0"
"0.36","85","Galerida theklae","0","0","1","0"
"0.36","85","Ardea alba","0","0","1","0"
"0.36","85","Burhinus oedicnemus","0","0","1","0"
"0.36","85","Loxia curvirostra","0","0","1","0"
"0.36","85","Sternula albifrons","0","0","1","0"
"0.36","85","Cygnus olor","0","0","1","0"
"0.36","85","Phoenicopterus roseus","0","0","1","0"
"0.36","85","Coccothraustes coccothraustes","0","0","1","0"
"0.36","85","Columba oenas","0","0","1","0"
"0.36","85","Emberiza schoeniclus","0","0","1","0"
"0.36","85","Rallus aquaticus","0","0","1","0"
"0.36","85","Plegadis falcinellus","0","0","1","0"
"0.36","85","Strix aluco","0","0","1","0"
"0.36","85","Mareca strepera","0","0","1","0"
"0.36","85","Lanius meridionalis","0","0","1","0"
"0.36","85","Cecropis daurica","0","0","1","0"
"0.36","85","Ichthyaetus melanocephalus","0","0","1","0"
"0.36","85","Platalea leucorodia","0","0","1","0"
"0.36","85","Melanocorypha calandra","0","0","1","0"
"0.36","85","Tringa totanus","0","0","1","0"
"0.36","85","Ficedula hypoleuca","0","0","1","0"
"0.36","85","Saxicola rubetra","0","0","1","0"
"0.36","85","Athene noctua","0","0","1","0"
"0.36","85","Coracias garrulus","0","0","1","0"
"0.36","85","Thalasseus sandvicensis","0","0","1","0"
"0.36","85","Regulus regulus","0","0","1","0"
"0.36","85","Spatula clypeata","0","0","1","0"
"0.36","85","Falco naumanni","0","0","1","0"
"0.36","85","Chlidonias niger","0","0","1","0"
"0.36","85","Podiceps nigricollis","0","0","1","0"
"0.36","85","Phasianus colchicus","0","0","1","0"
"0.36","85","Passer hispaniolensis","0","0","1","0"
"0.36","85","Tyto alba","0","0","1","0"
"0.36","85","Charadrius hiaticula","0","0","1","0"
"0.36","85","Limosa limosa","0","0","1","0"
"0.36","85","Psittacula krameri","0","0","1","0"
"0.36","85","Spinus spinus","0","0","1","0"
"0.36","85","Charadrius alexandrinus","0","0","1","0"
"0.36","85","Numenius arquata","0","0","1","0"
"0.36","85","Pandion haliaetus","0","0","1","0"
"0.36","85","Larus fuscus","0","0","1","0"
"0.36","85","Phylloscopus trochilus","0","0","1","0"
"0.36","85","Otus scops","0","0","1","0"
"0.36","85","Jynx torquilla","0","0","1","0"
"0.36","86","Turdus merula","0","0","0","1"
"0.36","86","Apus apus","0","0","1","0"
"0.36","86","Columba palumbus","0","0","0","1"
"0.36","86","Passer domesticus","0","0","1","0"
"0.36","86","Fringilla coelebs","0","0","1","0"
"0.36","86","Hirundo rustica","0","0","1","0"
"0.36","86","Corvus corone","0","0","1","0"
"0.36","86","Sylvia atricapilla","0","0","0","1"
"0.36","86","Carduelis carduelis","0","0","1","0"
"0.36","86","Delichon urbicum","0","0","1","0"
"0.36","86","Pica pica","0","0","1","0"
"0.36","86","Streptopelia decaocto","0","0","1","0"
"0.36","86","Phoenicurus ochruros","0","0","1","0"
"0.36","86","Parus major","0","0","1","0"
"0.36","86","Serinus serinus","0","0","1","0"
"0.36","86","Milvus migrans","0","0","1","0"
"0.36","86","Motacilla alba","0","0","1","0"
"0.36","86","Gyps fulvus","0","0","1","0"
"0.36","86","Erithacus rubecula","0","0","1","0"
"0.36","86","Garrulus glandarius","0","0","1","0"
"0.36","86","Cyanistes caeruleus","0","0","1","0"
"0.36","86","Buteo buteo","0","0","1","0"
"0.36","86","Columba livia","0","0","1","0"
"0.36","86","Falco tinnunculus","0","0","1","0"
"0.36","86","Chloris chloris","0","0","1","0"
"0.36","86","Emberiza cirlus","0","0","1","0"
"0.36","86","Troglodytes troglodytes","0","0","1","0"
"0.36","86","Oriolus oriolus","0","0","1","0"
"0.36","86","Periparus ater","0","0","1","0"
"0.36","86","Linaria cannabina","0","0","1","0"
"0.36","86","Ptyonoprogne rupestris","0","0","1","0"
"0.36","86","Ardea cinerea","0","0","1","0"
"0.36","86","Certhia brachydactyla","0","0","1","0"
"0.36","86","Larus michahellis","0","0","1","0"
"0.36","86","Sturnus vulgaris","0","0","1","0"
"0.36","86","Dendrocopos major","0","0","1","0"
"0.36","86","Picus viridis","0","0","1","0"
"0.36","86","Anas platyrhynchos","0","0","1","0"
"0.36","86","Merops apiaster","0","0","1","0"
"0.36","86","Phylloscopus bonelli","0","0","1","0"
"0.36","86","Saxicola rubicola","0","0","1","0"
"0.36","86","Streptopelia turtur","1","0","0","0"
"0.36","86","Sitta europaea","0","0","1","0"
"0.36","86","Aegithalos caudatus","0","0","1","0"
"0.36","86","Hippolais polyglotta","0","0","1","0"
"0.36","86","Upupa epops","0","0","1","0"
"0.36","86","Corvus corax","0","0","1","0"
"0.36","86","Phylloscopus collybita","0","0","1","0"
"0.36","86","Regulus ignicapilla","0","0","1","0"
"0.36","86","Lophophanes cristatus","0","0","1","0"
"0.36","86","Chroicocephalus ridibundus","0","0","1","0"
"0.36","86","Luscinia megarhynchos","0","0","0","1"
"0.36","86","Fulica atra","0","0","1","0"
"0.36","86","Turdus viscivorus","0","0","1","0"
"0.36","86","Egretta garzetta","0","0","1","0"
"0.36","86","Turdus philomelos","0","0","1","0"
"0.36","86","Galerida cristata","0","0","1","0"
"0.36","86","Lanius collurio","0","0","1","0"
"0.36","86","Alauda arvensis","0","0","1","0"
"0.36","86","Pyrrhocorax pyrrhocorax","0","0","1","0"
"0.36","86","Circaetus gallicus","0","0","1","0"
"0.36","86","Phalacrocorax carbo","0","0","1","0"
"0.36","86","Gallinula chloropus","0","0","1","0"
"0.36","86","Lullula arborea","0","0","0","1"
"0.36","86","Cisticola juncidis","0","0","1","0"
"0.36","86","Curruca melanocephala","0","0","1","0"
"0.36","86","Milvus milvus","0","0","1","0"
"0.36","86","Cuculus canorus","0","0","1","0"
"0.36","86","Cettia cetti","0","0","1","0"
"0.36","86","Motacilla cinerea","0","0","1","0"
"0.36","86","Hieraaetus pennatus","0","0","1","0"
"0.36","86","Carduelis citrinella","0","0","1","0"
"0.36","86","Emberiza calandra","1","0","0","0"
"0.36","86","Petronia petronia","0","0","1","0"
"0.36","86","Oenanthe oenanthe","0","0","1","0"
"0.36","86","Bubulcus ibis","0","0","1","0"
"0.36","86","Lanius senator","0","0","1","0"
"0.36","86","Ciconia ciconia","0","0","1","0"
"0.36","86","Picus sharpei","0","0","1","0"
"0.36","86","Muscicapa striata","0","0","1","0"
"0.36","86","Acrocephalus scirpaceus","0","0","1","0"
"0.36","86","Coturnix coturnix","0","0","1","0"
"0.36","86","Curruca communis","0","0","0","1"
"0.36","86","Pernis apivorus","0","0","1","0"
"0.36","86","Himantopus himantopus","0","0","1","0"
"0.36","86","Circus aeruginosus","0","0","1","0"
"0.36","86","Phoenicurus phoenicurus","0","0","1","0"
"0.36","86","Corvus monedula","0","0","1","0"
"0.36","86","Prunella modularis","0","0","1","0"
"0.36","86","Alectoris rufa","0","0","1","0"
"0.36","86","Sterna hirundo","0","0","1","0"
"0.36","86","Podiceps cristatus","0","0","1","0"
"0.36","86","Emberiza citrinella","0","0","0","1"
"0.36","86","Emberiza cia","0","0","1","0"
"0.36","86","Curruca iberiae","0","0","1","0"
"0.36","86","Passer montanus","0","0","1","0"
"0.36","86","Motacilla flava","0","0","1","0"
"0.36","86","Tachybaptus ruficollis","0","0","1","0"
"0.36","86","Sturnus unicolor","0","0","1","0"
"0.36","86","Alcedo atthis","0","0","1","0"
"0.36","86","Anthus trivialis","0","0","1","0"
"0.36","86","Ardea purpurea","0","0","1","0"
"0.36","86","Actitis hypoleucos","0","0","1","0"
"0.36","86","Charadrius dubius","0","0","1","0"
"0.36","86","Pyrrhula pyrrhula","0","0","1","0"
"0.36","86","Apus melba","0","0","1","0"
"0.36","86","Curruca undata","0","0","1","0"
"0.36","86","Tringa ochropus","0","0","1","0"
"0.36","86","Falco subbuteo","0","0","1","0"
"0.36","86","Recurvirostra avosetta","0","0","1","0"
"0.36","86","Sylvia borin","0","0","1","0"
"0.36","86","Vanellus vanellus","0","0","1","0"
"0.36","86","Anthus spinoletta","0","0","1","0"
"0.36","86","Riparia riparia","0","0","1","0"
"0.36","86","Cinclus cinclus","0","0","1","0"
"0.36","86","Anthus campestris","0","0","1","0"
"0.36","86","Poecile palustris","0","0","1","0"
"0.36","86","Tadorna tadorna","0","0","1","0"
"0.36","86","Aythya ferina","0","0","1","0"
"0.36","86","Netta rufina","0","0","1","0"
"0.36","86","Acrocephalus arundinaceus","0","0","1","0"
"0.36","86","Circus pygargus","0","0","1","0"
"0.36","86","Accipiter nisus","0","0","1","0"
"0.36","86","Aquila chrysaetos","0","0","1","0"
"0.36","86","Pyrrhocorax graculus","0","0","1","0"
"0.36","86","Nycticorax nycticorax","0","0","1","0"
"0.36","86","Galerida theklae","0","0","1","0"
"0.36","86","Ardea alba","0","0","1","0"
"0.36","86","Burhinus oedicnemus","0","0","1","0"
"0.36","86","Loxia curvirostra","0","0","1","0"
"0.36","86","Sternula albifrons","0","0","1","0"
"0.36","86","Cygnus olor","0","0","1","0"
"0.36","86","Phoenicopterus roseus","0","0","1","0"
"0.36","86","Coccothraustes coccothraustes","0","0","1","0"
"0.36","86","Columba oenas","0","0","1","0"
"0.36","86","Emberiza schoeniclus","0","0","1","0"
"0.36","86","Rallus aquaticus","0","0","1","0"
"0.36","86","Plegadis falcinellus","0","0","1","0"
"0.36","86","Strix aluco","0","0","1","0"
"0.36","86","Mareca strepera","0","0","1","0"
"0.36","86","Lanius meridionalis","0","0","1","0"
"0.36","86","Cecropis daurica","0","0","1","0"
"0.36","86","Ichthyaetus melanocephalus","0","0","1","0"
"0.36","86","Platalea leucorodia","0","0","1","0"
"0.36","86","Melanocorypha calandra","0","0","1","0"
"0.36","86","Tringa totanus","0","0","1","0"
"0.36","86","Ficedula hypoleuca","0","0","1","0"
"0.36","86","Saxicola rubetra","0","0","1","0"
"0.36","86","Athene noctua","0","0","1","0"
"0.36","86","Coracias garrulus","0","0","1","0"
"0.36","86","Thalasseus sandvicensis","0","0","1","0"
"0.36","86","Regulus regulus","0","0","1","0"
"0.36","86","Spatula clypeata","0","0","1","0"
"0.36","86","Falco naumanni","0","0","1","0"
"0.36","86","Chlidonias niger","0","0","1","0"
"0.36","86","Podiceps nigricollis","0","0","1","0"
"0.36","86","Phasianus colchicus","0","0","1","0"
"0.36","86","Passer hispaniolensis","0","0","1","0"
"0.36","86","Tyto alba","0","0","1","0"
"0.36","86","Charadrius hiaticula","0","0","1","0"
"0.36","86","Limosa limosa","0","0","1","0"
"0.36","86","Psittacula krameri","0","0","1","0"
"0.36","86","Spinus spinus","0","0","1","0"
"0.36","86","Charadrius alexandrinus","0","0","1","0"
"0.36","86","Numenius arquata","0","0","1","0"
"0.36","86","Pandion haliaetus","0","0","1","0"
"0.36","86","Larus fuscus","0","0","1","0"
"0.36","86","Phylloscopus trochilus","0","0","1","0"
"0.36","86","Otus scops","0","0","1","0"
"0.36","86","Jynx torquilla","0","0","1","0"
"0.36","87","Turdus merula","0","0","0","1"
"0.36","87","Apus apus","0","0","1","0"
"0.36","87","Columba palumbus","0","0","0","1"
"0.36","87","Passer domesticus","0","0","1","0"
"0.36","87","Fringilla coelebs","0","0","1","0"
"0.36","87","Hirundo rustica","0","0","1","0"
"0.36","87","Corvus corone","0","0","1","0"
"0.36","87","Sylvia atricapilla","1","0","0","0"
"0.36","87","Carduelis carduelis","0","0","1","0"
"0.36","87","Delichon urbicum","0","0","1","0"
"0.36","87","Pica pica","0","0","1","0"
"0.36","87","Streptopelia decaocto","0","0","1","0"
"0.36","87","Phoenicurus ochruros","0","0","1","0"
"0.36","87","Parus major","0","0","1","0"
"0.36","87","Serinus serinus","0","0","1","0"
"0.36","87","Milvus migrans","0","0","1","0"
"0.36","87","Motacilla alba","0","0","1","0"
"0.36","87","Gyps fulvus","0","0","1","0"
"0.36","87","Erithacus rubecula","0","0","1","0"
"0.36","87","Garrulus glandarius","0","0","1","0"
"0.36","87","Cyanistes caeruleus","0","0","1","0"
"0.36","87","Buteo buteo","0","0","1","0"
"0.36","87","Columba livia","0","0","1","0"
"0.36","87","Falco tinnunculus","0","0","1","0"
"0.36","87","Chloris chloris","0","0","1","0"
"0.36","87","Emberiza cirlus","0","0","0","1"
"0.36","87","Troglodytes troglodytes","0","0","1","0"
"0.36","87","Oriolus oriolus","0","0","1","0"
"0.36","87","Periparus ater","0","0","1","0"
"0.36","87","Linaria cannabina","0","0","1","0"
"0.36","87","Ptyonoprogne rupestris","0","0","1","0"
"0.36","87","Ardea cinerea","0","0","1","0"
"0.36","87","Certhia brachydactyla","0","0","1","0"
"0.36","87","Larus michahellis","0","0","1","0"
"0.36","87","Sturnus vulgaris","0","0","1","0"
"0.36","87","Dendrocopos major","0","0","1","0"
"0.36","87","Picus viridis","0","0","1","0"
"0.36","87","Anas platyrhynchos","0","0","1","0"
"0.36","87","Merops apiaster","0","0","1","0"
"0.36","87","Phylloscopus bonelli","0","0","1","0"
"0.36","87","Saxicola rubicola","0","0","1","0"
"0.36","87","Streptopelia turtur","0","0","1","0"
"0.36","87","Sitta europaea","0","0","1","0"
"0.36","87","Aegithalos caudatus","0","0","1","0"
"0.36","87","Hippolais polyglotta","0","0","1","0"
"0.36","87","Upupa epops","0","0","1","0"
"0.36","87","Corvus corax","0","0","1","0"
"0.36","87","Phylloscopus collybita","0","0","1","0"
"0.36","87","Regulus ignicapilla","0","0","1","0"
"0.36","87","Lophophanes cristatus","0","0","1","0"
"0.36","87","Chroicocephalus ridibundus","0","0","1","0"
"0.36","87","Luscinia megarhynchos","0","0","0","1"
"0.36","87","Fulica atra","0","0","1","0"
"0.36","87","Turdus viscivorus","0","0","1","0"
"0.36","87","Egretta garzetta","0","0","1","0"
"0.36","87","Turdus philomelos","0","0","1","0"
"0.36","87","Galerida cristata","0","0","1","0"
"0.36","87","Lanius collurio","0","0","1","0"
"0.36","87","Alauda arvensis","0","0","1","0"
"0.36","87","Pyrrhocorax pyrrhocorax","0","0","1","0"
"0.36","87","Circaetus gallicus","0","0","1","0"
"0.36","87","Phalacrocorax carbo","0","0","1","0"
"0.36","87","Gallinula chloropus","0","0","1","0"
"0.36","87","Lullula arborea","0","0","1","0"
"0.36","87","Cisticola juncidis","0","0","1","0"
"0.36","87","Curruca melanocephala","0","0","1","0"
"0.36","87","Milvus milvus","0","0","1","0"
"0.36","87","Cuculus canorus","0","0","1","0"
"0.36","87","Cettia cetti","0","0","1","0"
"0.36","87","Motacilla cinerea","0","0","1","0"
"0.36","87","Hieraaetus pennatus","0","0","1","0"
"0.36","87","Carduelis citrinella","0","0","1","0"
"0.36","87","Emberiza calandra","0","0","0","1"
"0.36","87","Petronia petronia","0","0","1","0"
"0.36","87","Oenanthe oenanthe","0","0","1","0"
"0.36","87","Bubulcus ibis","0","0","1","0"
"0.36","87","Lanius senator","0","0","1","0"
"0.36","87","Ciconia ciconia","0","0","1","0"
"0.36","87","Picus sharpei","0","0","1","0"
"0.36","87","Muscicapa striata","0","0","1","0"
"0.36","87","Acrocephalus scirpaceus","0","0","1","0"
"0.36","87","Coturnix coturnix","0","0","1","0"
"0.36","87","Curruca communis","0","0","0","1"
"0.36","87","Pernis apivorus","0","0","1","0"
"0.36","87","Himantopus himantopus","0","0","1","0"
"0.36","87","Circus aeruginosus","0","0","1","0"
"0.36","87","Phoenicurus phoenicurus","0","0","1","0"
"0.36","87","Corvus monedula","0","0","1","0"
"0.36","87","Prunella modularis","0","0","1","0"
"0.36","87","Alectoris rufa","0","0","1","0"
"0.36","87","Sterna hirundo","0","0","1","0"
"0.36","87","Podiceps cristatus","0","0","1","0"
"0.36","87","Emberiza citrinella","0","0","0","1"
"0.36","87","Emberiza cia","0","0","1","0"
"0.36","87","Curruca iberiae","0","0","1","0"
"0.36","87","Passer montanus","0","0","1","0"
"0.36","87","Motacilla flava","0","0","1","0"
"0.36","87","Tachybaptus ruficollis","0","0","1","0"
"0.36","87","Sturnus unicolor","0","0","1","0"
"0.36","87","Alcedo atthis","0","0","1","0"
"0.36","87","Anthus trivialis","0","0","1","0"
"0.36","87","Ardea purpurea","0","0","1","0"
"0.36","87","Actitis hypoleucos","0","0","1","0"
"0.36","87","Charadrius dubius","0","0","1","0"
"0.36","87","Pyrrhula pyrrhula","0","0","1","0"
"0.36","87","Apus melba","0","0","1","0"
"0.36","87","Curruca undata","0","0","1","0"
"0.36","87","Tringa ochropus","0","0","1","0"
"0.36","87","Falco subbuteo","0","0","1","0"
"0.36","87","Recurvirostra avosetta","0","0","1","0"
"0.36","87","Sylvia borin","0","0","1","0"
"0.36","87","Vanellus vanellus","0","0","1","0"
"0.36","87","Anthus spinoletta","0","0","1","0"
"0.36","87","Riparia riparia","0","0","1","0"
"0.36","87","Cinclus cinclus","0","0","1","0"
"0.36","87","Anthus campestris","0","0","1","0"
"0.36","87","Poecile palustris","0","0","1","0"
"0.36","87","Tadorna tadorna","0","0","1","0"
"0.36","87","Aythya ferina","0","0","1","0"
"0.36","87","Netta rufina","0","0","1","0"
"0.36","87","Acrocephalus arundinaceus","0","0","1","0"
"0.36","87","Circus pygargus","0","0","1","0"
"0.36","87","Accipiter nisus","0","0","1","0"
"0.36","87","Aquila chrysaetos","0","0","1","0"
"0.36","87","Pyrrhocorax graculus","0","0","1","0"
"0.36","87","Nycticorax nycticorax","0","0","1","0"
"0.36","87","Galerida theklae","0","0","1","0"
"0.36","87","Ardea alba","0","0","1","0"
"0.36","87","Burhinus oedicnemus","0","0","1","0"
"0.36","87","Loxia curvirostra","0","0","1","0"
"0.36","87","Sternula albifrons","0","0","1","0"
"0.36","87","Cygnus olor","0","0","1","0"
"0.36","87","Phoenicopterus roseus","0","0","1","0"
"0.36","87","Coccothraustes coccothraustes","0","0","1","0"
"0.36","87","Columba oenas","0","0","1","0"
"0.36","87","Emberiza schoeniclus","0","0","1","0"
"0.36","87","Rallus aquaticus","0","0","1","0"
"0.36","87","Plegadis falcinellus","0","0","1","0"
"0.36","87","Strix aluco","0","0","1","0"
"0.36","87","Mareca strepera","0","0","1","0"
"0.36","87","Lanius meridionalis","0","0","1","0"
"0.36","87","Cecropis daurica","0","0","1","0"
"0.36","87","Ichthyaetus melanocephalus","0","0","1","0"
"0.36","87","Platalea leucorodia","0","0","1","0"
"0.36","87","Melanocorypha calandra","0","0","1","0"
"0.36","87","Tringa totanus","0","0","1","0"
"0.36","87","Ficedula hypoleuca","0","0","1","0"
"0.36","87","Saxicola rubetra","0","0","1","0"
"0.36","87","Athene noctua","0","0","1","0"
"0.36","87","Coracias garrulus","0","0","1","0"
"0.36","87","Thalasseus sandvicensis","0","0","1","0"
"0.36","87","Regulus regulus","0","0","1","0"
"0.36","87","Spatula clypeata","0","0","1","0"
"0.36","87","Falco naumanni","0","0","1","0"
"0.36","87","Chlidonias niger","0","0","1","0"
"0.36","87","Podiceps nigricollis","0","0","1","0"
"0.36","87","Phasianus colchicus","0","0","1","0"
"0.36","87","Passer hispaniolensis","0","0","1","0"
"0.36","87","Tyto alba","0","0","1","0"
"0.36","87","Charadrius hiaticula","0","0","1","0"
"0.36","87","Limosa limosa","0","0","1","0"
"0.36","87","Psittacula krameri","0","0","1","0"
"0.36","87","Spinus spinus","0","0","1","0"
"0.36","87","Charadrius alexandrinus","0","0","1","0"
"0.36","87","Numenius arquata","0","0","1","0"
"0.36","87","Pandion haliaetus","0","0","1","0"
"0.36","87","Larus fuscus","0","0","1","0"
"0.36","87","Phylloscopus trochilus","0","0","1","0"
"0.36","87","Otus scops","0","0","1","0"
"0.36","87","Jynx torquilla","0","0","1","0"
"0.36","88","Turdus merula","0","0","1","0"
"0.36","88","Apus apus","0","0","1","0"
"0.36","88","Fringilla coelebs","0","0","1","0"
"0.36","88","Columba palumbus","0","0","1","0"
"0.36","88","Hirundo rustica","0","0","1","0"
"0.36","88","Passer domesticus","0","0","1","0"
"0.36","88","Sylvia atricapilla","0","0","1","0"
"0.36","88","Corvus corone","0","0","1","0"
"0.36","88","Pica pica","0","0","1","0"
"0.36","88","Carduelis carduelis","0","0","1","0"
"0.36","88","Serinus serinus","0","0","1","0"
"0.36","88","Streptopelia decaocto","0","0","1","0"
"0.36","88","Parus major","0","0","1","0"
"0.36","88","Milvus migrans","0","0","1","0"
"0.36","88","Delichon urbicum","0","0","1","0"
"0.36","88","Phoenicurus ochruros","0","0","1","0"
"0.36","88","Erithacus rubecula","0","0","1","0"
"0.36","88","Gyps fulvus","0","0","1","0"
"0.36","88","Motacilla alba","0","0","1","0"
"0.36","88","Garrulus glandarius","0","0","1","0"
"0.36","88","Cyanistes caeruleus","0","0","1","0"
"0.36","88","Chloris chloris","0","0","1","0"
"0.36","88","Emberiza cirlus","0","0","1","0"
"0.36","88","Troglodytes troglodytes","0","0","1","0"
"0.36","88","Luscinia megarhynchos","0","0","0","1"
"0.36","88","Oriolus oriolus","0","0","1","0"
"0.36","88","Columba livia","0","0","1","0"
"0.36","88","Falco tinnunculus","0","0","1","0"
"0.36","88","Cuculus canorus","0","0","1","0"
"0.36","88","Buteo buteo","0","0","1","0"
"0.36","88","Sturnus vulgaris","0","0","1","0"
"0.36","88","Phylloscopus bonelli","0","0","1","0"
"0.36","88","Periparus ater","0","0","1","0"
"0.36","88","Linaria cannabina","0","0","1","0"
"0.36","88","Hippolais polyglotta","0","0","1","0"
"0.36","88","Larus michahellis","0","0","1","0"
"0.36","88","Merops apiaster","0","0","1","0"
"0.36","88","Anas platyrhynchos","0","0","1","0"
"0.36","88","Ptyonoprogne rupestris","0","0","1","0"
"0.36","88","Certhia brachydactyla","0","0","1","0"
"0.36","88","Saxicola rubicola","0","0","1","0"
"0.36","88","Ardea cinerea","0","0","1","0"
"0.36","88","Dendrocopos major","0","0","1","0"
"0.36","88","Streptopelia turtur","0","0","1","0"
"0.36","88","Picus viridis","0","0","1","0"
"0.36","88","Upupa epops","0","0","1","0"
"0.36","88","Emberiza calandra","0","0","1","0"
"0.36","88","Regulus ignicapilla","0","0","1","0"
"0.36","88","Corvus corax","0","0","1","0"
"0.36","88","Aegithalos caudatus","0","0","1","0"
"0.36","88","Turdus viscivorus","0","0","1","0"
"0.36","88","Alauda arvensis","0","0","1","0"
"0.36","88","Turdus philomelos","0","0","1","0"
"0.36","88","Sitta europaea","0","0","1","0"
"0.36","88","Lullula arborea","0","0","1","0"
"0.36","88","Pyrrhocorax pyrrhocorax","0","0","1","0"
"0.36","88","Galerida cristata","0","0","1","0"
"0.36","88","Petronia petronia","0","0","1","0"
"0.36","88","Lophophanes cristatus","0","0","1","0"
"0.36","88","Cettia cetti","0","0","1","0"
"0.36","88","Phylloscopus collybita","0","0","1","0"
"0.36","88","Fulica atra","0","0","1","0"
"0.36","88","Curruca melanocephala","0","0","1","0"
"0.36","88","Egretta garzetta","0","0","1","0"
"0.36","88","Lanius collurio","0","0","1","0"
"0.36","88","Cisticola juncidis","0","0","1","0"
"0.36","88","Circaetus gallicus","0","0","1","0"
"0.36","88","Curruca communis","0","0","1","0"
"0.36","88","Carduelis citrinella","0","0","1","0"
"0.36","88","Phalacrocorax carbo","0","0","1","0"
"0.36","88","Gallinula chloropus","0","0","1","0"
"0.36","88","Milvus milvus","0","0","1","0"
"0.36","88","Oenanthe oenanthe","0","0","1","0"
"0.36","88","Hieraaetus pennatus","0","0","1","0"
"0.36","88","Phoenicurus phoenicurus","0","0","1","0"
"0.36","88","Chroicocephalus ridibundus","0","0","1","0"
"0.36","88","Picus sharpei","0","0","1","0"
"0.36","88","Ciconia ciconia","0","0","1","0"
"0.36","88","Corvus monedula","0","0","1","0"
"0.36","88","Motacilla cinerea","0","0","1","0"
"0.36","88","Lanius senator","0","0","1","0"
"0.36","88","Himantopus himantopus","0","0","1","0"
"0.36","88","Acrocephalus scirpaceus","0","0","1","0"
"0.36","88","Emberiza cia","0","0","1","0"
"0.36","88","Bubulcus ibis","0","0","1","0"
"0.36","88","Curruca iberiae","0","0","1","0"
"0.36","88","Alectoris rufa","0","0","1","0"
"0.36","88","Prunella modularis","0","0","1","0"
"0.36","88","Coturnix coturnix","0","0","1","0"
"0.36","88","Circus aeruginosus","0","0","1","0"
"0.36","88","Emberiza citrinella","0","0","1","0"
"0.36","88","Sturnus unicolor","0","0","1","0"
"0.36","88","Motacilla flava","0","0","1","0"
"0.36","88","Muscicapa striata","0","0","1","0"
"0.36","88","Pernis apivorus","0","0","1","0"
"0.36","88","Acrocephalus arundinaceus","0","0","1","0"
"0.36","88","Sterna hirundo","0","0","1","0"
"0.36","88","Passer montanus","0","0","1","0"
"0.36","88","Podiceps cristatus","0","0","1","0"
"0.36","88","Anthus trivialis","0","0","1","0"
"0.36","88","Ardea purpurea","0","0","1","0"
"0.36","88","Sylvia borin","0","0","1","0"
"0.36","88","Tachybaptus ruficollis","0","0","1","0"
"0.36","88","Falco subbuteo","0","0","1","0"
"0.36","88","Charadrius dubius","0","0","1","0"
"0.36","88","Curruca undata","0","0","1","0"
"0.36","88","Apus melba","0","0","1","0"
"0.36","88","Recurvirostra avosetta","0","0","1","0"
"0.36","88","Pyrrhula pyrrhula","0","0","1","0"
"0.36","88","Tadorna tadorna","0","0","1","0"
"0.36","88","Anthus campestris","0","0","1","0"
"0.36","88","Riparia riparia","0","0","1","0"
"0.36","88","Netta rufina","0","0","1","0"
"0.36","88","Circus pygargus","0","0","1","0"
"0.36","88","Cinclus cinclus","0","0","1","0"
"0.36","88","Galerida theklae","0","0","1","0"
"0.36","88","Aquila chrysaetos","0","0","1","0"
"0.36","88","Poecile palustris","0","0","1","0"
"0.36","88","Actitis hypoleucos","0","0","1","0"
"0.36","88","Aythya ferina","0","0","1","0"
"0.36","88","Pyrrhocorax graculus","0","0","1","0"
"0.36","88","Alcedo atthis","0","0","1","0"
"0.36","88","Burhinus oedicnemus","0","0","1","0"
"0.36","88","Sternula albifrons","0","0","1","0"
"0.36","88","Accipiter nisus","0","0","1","0"
"0.36","88","Anthus spinoletta","0","0","1","0"
"0.36","88","Nycticorax nycticorax","0","0","1","0"
"0.36","88","Melanocorypha calandra","0","0","1","0"
"0.36","88","Coccothraustes coccothraustes","0","0","1","0"
"0.36","88","Vanellus vanellus","0","0","1","0"
"0.36","88","Phasianus colchicus","0","0","1","0"
"0.36","88","Saxicola rubetra","0","0","1","0"
"0.36","88","Loxia curvirostra","0","0","1","0"
"0.36","88","Emberiza schoeniclus","0","0","1","0"
"0.36","88","Cygnus olor","0","0","1","0"
"0.36","88","Phoenicopterus roseus","0","0","1","0"
"0.36","88","Mareca strepera","0","0","1","0"
"0.36","88","Tringa ochropus","0","0","1","0"
"0.36","88","Plegadis falcinellus","0","0","1","0"
"0.36","88","Ardea alba","0","0","1","0"
"0.36","88","Columba oenas","0","0","1","0"
"0.36","88","Strix aluco","0","0","1","0"
"0.36","88","Tringa totanus","0","0","1","0"
"0.36","88","Ichthyaetus melanocephalus","0","0","1","0"
"0.36","88","Regulus regulus","0","0","1","0"
"0.36","88","Coracias garrulus","0","0","1","0"
"0.36","88","Passer hispaniolensis","0","0","1","0"
"0.36","88","Cecropis daurica","0","0","1","0"
"0.36","88","Falco naumanni","0","0","1","0"
"0.36","88","Psittacula krameri","0","0","1","0"
"0.36","88","Rallus aquaticus","0","0","1","0"
"0.36","88","Athene noctua","0","0","1","0"
"0.36","88","Platalea leucorodia","0","0","1","0"
"0.36","88","Chlidonias niger","0","0","1","0"
"0.36","88","Lanius meridionalis","0","0","1","0"
"0.36","88","Otus scops","0","0","1","0"
"0.36","88","Jynx torquilla","0","0","1","0"
"0.36","89","Turdus merula","0","0","1","0"
"0.36","89","Apus apus","0","0","1","0"
"0.36","89","Fringilla coelebs","0","0","1","0"
"0.36","89","Columba palumbus","0","0","1","0"
"0.36","89","Hirundo rustica","0","0","1","0"
"0.36","89","Passer domesticus","0","0","1","0"
"0.36","89","Sylvia atricapilla","0","0","0","1"
"0.36","89","Corvus corone","0","0","0","1"
"0.36","89","Pica pica","0","0","1","0"
"0.36","89","Carduelis carduelis","0","0","1","0"
"0.36","89","Serinus serinus","0","0","1","0"
"0.36","89","Streptopelia decaocto","0","0","0","1"
"0.36","89","Parus major","0","0","0","1"
"0.36","89","Milvus migrans","0","0","1","0"
"0.36","89","Delichon urbicum","0","0","1","0"
"0.36","89","Phoenicurus ochruros","0","0","1","0"
"0.36","89","Erithacus rubecula","0","0","1","0"
"0.36","89","Gyps fulvus","0","0","1","0"
"0.36","89","Motacilla alba","0","0","1","0"
"0.36","89","Garrulus glandarius","0","0","1","0"
"0.36","89","Cyanistes caeruleus","0","0","1","0"
"0.36","89","Chloris chloris","0","0","1","0"
"0.36","89","Emberiza cirlus","0","0","1","0"
"0.36","89","Troglodytes troglodytes","0","0","1","0"
"0.36","89","Luscinia megarhynchos","0","0","0","1"
"0.36","89","Oriolus oriolus","0","0","1","0"
"0.36","89","Columba livia","0","0","1","0"
"0.36","89","Falco tinnunculus","0","0","1","0"
"0.36","89","Cuculus canorus","0","0","1","0"
"0.36","89","Buteo buteo","0","0","1","0"
"0.36","89","Sturnus vulgaris","0","0","1","0"
"0.36","89","Phylloscopus bonelli","0","0","1","0"
"0.36","89","Periparus ater","0","0","1","0"
"0.36","89","Linaria cannabina","0","0","1","0"
"0.36","89","Hippolais polyglotta","0","0","1","0"
"0.36","89","Larus michahellis","0","0","1","0"
"0.36","89","Merops apiaster","0","0","1","0"
"0.36","89","Anas platyrhynchos","0","0","1","0"
"0.36","89","Ptyonoprogne rupestris","0","0","1","0"
"0.36","89","Certhia brachydactyla","0","0","1","0"
"0.36","89","Saxicola rubicola","0","0","1","0"
"0.36","89","Ardea cinerea","0","0","1","0"
"0.36","89","Dendrocopos major","0","0","1","0"
"0.36","89","Streptopelia turtur","0","0","1","0"
"0.36","89","Picus viridis","0","0","1","0"
"0.36","89","Upupa epops","0","0","1","0"
"0.36","89","Emberiza calandra","0","0","1","0"
"0.36","89","Regulus ignicapilla","0","0","1","0"
"0.36","89","Corvus corax","0","0","1","0"
"0.36","89","Aegithalos caudatus","0","0","1","0"
"0.36","89","Turdus viscivorus","0","0","1","0"
"0.36","89","Alauda arvensis","0","0","1","0"
"0.36","89","Turdus philomelos","0","0","1","0"
"0.36","89","Sitta europaea","0","0","1","0"
"0.36","89","Lullula arborea","0","0","1","0"
"0.36","89","Pyrrhocorax pyrrhocorax","0","0","1","0"
"0.36","89","Galerida cristata","0","0","1","0"
"0.36","89","Petronia petronia","0","0","1","0"
"0.36","89","Lophophanes cristatus","0","0","1","0"
"0.36","89","Cettia cetti","0","0","1","0"
"0.36","89","Phylloscopus collybita","0","0","1","0"
"0.36","89","Fulica atra","0","0","1","0"
"0.36","89","Curruca melanocephala","0","0","1","0"
"0.36","89","Egretta garzetta","0","0","1","0"
"0.36","89","Lanius collurio","0","0","1","0"
"0.36","89","Cisticola juncidis","0","0","1","0"
"0.36","89","Circaetus gallicus","0","0","1","0"
"0.36","89","Curruca communis","1","0","0","0"
"0.36","89","Carduelis citrinella","0","0","1","0"
"0.36","89","Phalacrocorax carbo","0","0","1","0"
"0.36","89","Gallinula chloropus","0","0","1","0"
"0.36","89","Milvus milvus","0","0","1","0"
"0.36","89","Oenanthe oenanthe","0","0","1","0"
"0.36","89","Hieraaetus pennatus","0","0","1","0"
"0.36","89","Phoenicurus phoenicurus","0","0","1","0"
"0.36","89","Chroicocephalus ridibundus","0","0","1","0"
"0.36","89","Picus sharpei","0","0","1","0"
"0.36","89","Ciconia ciconia","0","0","1","0"
"0.36","89","Corvus monedula","0","0","1","0"
"0.36","89","Motacilla cinerea","0","0","1","0"
"0.36","89","Lanius senator","0","0","1","0"
"0.36","89","Himantopus himantopus","0","0","1","0"
"0.36","89","Acrocephalus scirpaceus","0","0","1","0"
"0.36","89","Emberiza cia","0","0","1","0"
"0.36","89","Bubulcus ibis","0","0","1","0"
"0.36","89","Curruca iberiae","0","0","1","0"
"0.36","89","Alectoris rufa","0","0","1","0"
"0.36","89","Prunella modularis","0","0","1","0"
"0.36","89","Coturnix coturnix","0","0","1","0"
"0.36","89","Circus aeruginosus","0","0","1","0"
"0.36","89","Emberiza citrinella","0","0","1","0"
"0.36","89","Sturnus unicolor","0","0","1","0"
"0.36","89","Motacilla flava","0","0","1","0"
"0.36","89","Muscicapa striata","0","0","1","0"
"0.36","89","Pernis apivorus","0","0","1","0"
"0.36","89","Acrocephalus arundinaceus","0","0","1","0"
"0.36","89","Sterna hirundo","0","0","1","0"
"0.36","89","Passer montanus","0","0","1","0"
"0.36","89","Podiceps cristatus","0","0","1","0"
"0.36","89","Anthus trivialis","0","0","1","0"
"0.36","89","Ardea purpurea","0","0","1","0"
"0.36","89","Sylvia borin","0","0","1","0"
"0.36","89","Tachybaptus ruficollis","0","0","1","0"
"0.36","89","Falco subbuteo","0","0","1","0"
"0.36","89","Charadrius dubius","0","0","1","0"
"0.36","89","Curruca undata","0","0","1","0"
"0.36","89","Apus melba","0","0","1","0"
"0.36","89","Recurvirostra avosetta","0","0","1","0"
"0.36","89","Pyrrhula pyrrhula","0","0","1","0"
"0.36","89","Tadorna tadorna","0","0","1","0"
"0.36","89","Anthus campestris","0","0","1","0"
"0.36","89","Riparia riparia","0","0","1","0"
"0.36","89","Netta rufina","0","0","1","0"
"0.36","89","Circus pygargus","0","0","1","0"
"0.36","89","Cinclus cinclus","0","0","1","0"
"0.36","89","Galerida theklae","0","0","1","0"
"0.36","89","Aquila chrysaetos","0","0","1","0"
"0.36","89","Poecile palustris","0","0","1","0"
"0.36","89","Actitis hypoleucos","0","0","1","0"
"0.36","89","Aythya ferina","0","0","1","0"
"0.36","89","Pyrrhocorax graculus","0","0","1","0"
"0.36","89","Alcedo atthis","0","0","1","0"
"0.36","89","Burhinus oedicnemus","0","0","1","0"
"0.36","89","Sternula albifrons","0","0","1","0"
"0.36","89","Accipiter nisus","0","0","1","0"
"0.36","89","Anthus spinoletta","0","0","1","0"
"0.36","89","Nycticorax nycticorax","0","0","1","0"
"0.36","89","Melanocorypha calandra","0","0","1","0"
"0.36","89","Coccothraustes coccothraustes","0","0","1","0"
"0.36","89","Vanellus vanellus","0","0","1","0"
"0.36","89","Phasianus colchicus","0","0","1","0"
"0.36","89","Saxicola rubetra","0","0","1","0"
"0.36","89","Loxia curvirostra","0","0","1","0"
"0.36","89","Emberiza schoeniclus","0","0","1","0"
"0.36","89","Cygnus olor","0","0","1","0"
"0.36","89","Phoenicopterus roseus","0","0","1","0"
"0.36","89","Mareca strepera","0","0","1","0"
"0.36","89","Tringa ochropus","0","0","1","0"
"0.36","89","Plegadis falcinellus","0","0","1","0"
"0.36","89","Ardea alba","0","0","1","0"
"0.36","89","Columba oenas","0","0","1","0"
"0.36","89","Strix aluco","0","0","1","0"
"0.36","89","Tringa totanus","0","0","1","0"
"0.36","89","Ichthyaetus melanocephalus","0","0","1","0"
"0.36","89","Regulus regulus","0","0","1","0"
"0.36","89","Coracias garrulus","0","0","1","0"
"0.36","89","Passer hispaniolensis","0","0","1","0"
"0.36","89","Cecropis daurica","0","0","1","0"
"0.36","89","Falco naumanni","0","0","1","0"
"0.36","89","Psittacula krameri","0","0","1","0"
"0.36","89","Rallus aquaticus","0","0","1","0"
"0.36","89","Athene noctua","0","0","1","0"
"0.36","89","Platalea leucorodia","0","0","1","0"
"0.36","89","Chlidonias niger","0","0","1","0"
"0.36","89","Lanius meridionalis","0","0","1","0"
"0.36","89","Otus scops","0","0","1","0"
"0.36","89","Jynx torquilla","0","0","1","0"
"0.36","90","Turdus merula","0","0","1","0"
"0.36","90","Apus apus","0","0","1","0"
"0.36","90","Fringilla coelebs","0","0","1","0"
"0.36","90","Columba palumbus","0","0","1","0"
"0.36","90","Hirundo rustica","0","0","1","0"
"0.36","90","Passer domesticus","0","0","1","0"
"0.36","90","Sylvia atricapilla","0","0","0","1"
"0.36","90","Corvus corone","0","0","0","1"
"0.36","90","Pica pica","0","0","1","0"
"0.36","90","Carduelis carduelis","0","0","1","0"
"0.36","90","Serinus serinus","0","0","1","0"
"0.36","90","Streptopelia decaocto","0","0","1","0"
"0.36","90","Parus major","0","0","1","0"
"0.36","90","Milvus migrans","0","0","1","0"
"0.36","90","Delichon urbicum","0","0","1","0"
"0.36","90","Phoenicurus ochruros","0","0","1","0"
"0.36","90","Erithacus rubecula","0","0","1","0"
"0.36","90","Gyps fulvus","0","0","1","0"
"0.36","90","Motacilla alba","0","0","1","0"
"0.36","90","Garrulus glandarius","0","0","1","0"
"0.36","90","Cyanistes caeruleus","0","0","1","0"
"0.36","90","Chloris chloris","0","0","1","0"
"0.36","90","Emberiza cirlus","0","0","1","0"
"0.36","90","Troglodytes troglodytes","0","0","1","0"
"0.36","90","Luscinia megarhynchos","0","0","0","1"
"0.36","90","Oriolus oriolus","0","0","1","0"
"0.36","90","Columba livia","0","0","1","0"
"0.36","90","Falco tinnunculus","0","0","1","0"
"0.36","90","Cuculus canorus","0","0","1","0"
"0.36","90","Buteo buteo","0","0","1","0"
"0.36","90","Sturnus vulgaris","0","0","1","0"
"0.36","90","Phylloscopus bonelli","0","0","1","0"
"0.36","90","Periparus ater","0","0","1","0"
"0.36","90","Linaria cannabina","0","0","1","0"
"0.36","90","Hippolais polyglotta","0","0","1","0"
"0.36","90","Larus michahellis","0","0","1","0"
"0.36","90","Merops apiaster","0","0","1","0"
"0.36","90","Anas platyrhynchos","0","0","1","0"
"0.36","90","Ptyonoprogne rupestris","0","0","1","0"
"0.36","90","Certhia brachydactyla","0","0","1","0"
"0.36","90","Saxicola rubicola","0","0","1","0"
"0.36","90","Ardea cinerea","0","0","1","0"
"0.36","90","Dendrocopos major","0","0","1","0"
"0.36","90","Streptopelia turtur","0","0","1","0"
"0.36","90","Picus viridis","0","0","1","0"
"0.36","90","Upupa epops","0","0","1","0"
"0.36","90","Emberiza calandra","0","0","1","0"
"0.36","90","Regulus ignicapilla","0","0","1","0"
"0.36","90","Corvus corax","0","0","1","0"
"0.36","90","Aegithalos caudatus","0","0","1","0"
"0.36","90","Turdus viscivorus","0","0","1","0"
"0.36","90","Alauda arvensis","0","0","1","0"
"0.36","90","Turdus philomelos","0","0","1","0"
"0.36","90","Sitta europaea","0","0","1","0"
"0.36","90","Lullula arborea","0","0","1","0"
"0.36","90","Pyrrhocorax pyrrhocorax","0","0","1","0"
"0.36","90","Galerida cristata","0","0","1","0"
"0.36","90","Petronia petronia","0","0","1","0"
"0.36","90","Lophophanes cristatus","0","0","1","0"
"0.36","90","Cettia cetti","0","0","1","0"
"0.36","90","Phylloscopus collybita","0","0","1","0"
"0.36","90","Fulica atra","0","0","1","0"
"0.36","90","Curruca melanocephala","0","0","1","0"
"0.36","90","Egretta garzetta","0","0","1","0"
"0.36","90","Lanius collurio","0","0","1","0"
"0.36","90","Cisticola juncidis","0","0","1","0"
"0.36","90","Circaetus gallicus","0","0","1","0"
"0.36","90","Curruca communis","0","0","0","1"
"0.36","90","Carduelis citrinella","0","0","1","0"
"0.36","90","Phalacrocorax carbo","0","0","1","0"
"0.36","90","Gallinula chloropus","0","0","1","0"
"0.36","90","Milvus milvus","0","0","1","0"
"0.36","90","Oenanthe oenanthe","0","0","1","0"
"0.36","90","Hieraaetus pennatus","0","0","1","0"
"0.36","90","Phoenicurus phoenicurus","0","0","1","0"
"0.36","90","Chroicocephalus ridibundus","0","0","1","0"
"0.36","90","Picus sharpei","0","0","1","0"
"0.36","90","Ciconia ciconia","0","0","1","0"
"0.36","90","Corvus monedula","0","0","1","0"
"0.36","90","Motacilla cinerea","0","0","1","0"
"0.36","90","Lanius senator","0","0","1","0"
"0.36","90","Himantopus himantopus","0","0","1","0"
"0.36","90","Acrocephalus scirpaceus","0","0","1","0"
"0.36","90","Emberiza cia","0","0","1","0"
"0.36","90","Bubulcus ibis","0","0","1","0"
"0.36","90","Curruca iberiae","0","0","1","0"
"0.36","90","Alectoris rufa","0","0","1","0"
"0.36","90","Prunella modularis","0","0","1","0"
"0.36","90","Coturnix coturnix","0","0","1","0"
"0.36","90","Circus aeruginosus","0","0","1","0"
"0.36","90","Emberiza citrinella","0","0","1","0"
"0.36","90","Sturnus unicolor","0","0","1","0"
"0.36","90","Motacilla flava","0","0","1","0"
"0.36","90","Muscicapa striata","0","0","1","0"
"0.36","90","Pernis apivorus","0","0","1","0"
"0.36","90","Acrocephalus arundinaceus","0","0","1","0"
"0.36","90","Sterna hirundo","0","0","1","0"
"0.36","90","Passer montanus","0","0","1","0"
"0.36","90","Podiceps cristatus","0","0","1","0"
"0.36","90","Anthus trivialis","0","0","1","0"
"0.36","90","Ardea purpurea","0","0","1","0"
"0.36","90","Sylvia borin","0","0","1","0"
"0.36","90","Tachybaptus ruficollis","0","0","1","0"
"0.36","90","Falco subbuteo","0","0","1","0"
"0.36","90","Charadrius dubius","0","0","1","0"
"0.36","90","Curruca undata","0","0","1","0"
"0.36","90","Apus melba","0","0","1","0"
"0.36","90","Recurvirostra avosetta","0","0","1","0"
"0.36","90","Pyrrhula pyrrhula","0","0","1","0"
"0.36","90","Tadorna tadorna","0","0","1","0"
"0.36","90","Anthus campestris","0","0","1","0"
"0.36","90","Riparia riparia","0","0","1","0"
"0.36","90","Netta rufina","0","0","1","0"
"0.36","90","Circus pygargus","0","0","1","0"
"0.36","90","Cinclus cinclus","0","0","1","0"
"0.36","90","Galerida theklae","0","0","1","0"
"0.36","90","Aquila chrysaetos","0","0","1","0"
"0.36","90","Poecile palustris","0","0","1","0"
"0.36","90","Actitis hypoleucos","0","0","1","0"
"0.36","90","Aythya ferina","0","0","1","0"
"0.36","90","Pyrrhocorax graculus","0","0","1","0"
"0.36","90","Alcedo atthis","0","0","1","0"
"0.36","90","Burhinus oedicnemus","0","0","1","0"
"0.36","90","Sternula albifrons","0","0","1","0"
"0.36","90","Accipiter nisus","0","0","1","0"
"0.36","90","Anthus spinoletta","0","0","1","0"
"0.36","90","Nycticorax nycticorax","0","0","1","0"
"0.36","90","Melanocorypha calandra","0","0","1","0"
"0.36","90","Coccothraustes coccothraustes","0","0","1","0"
"0.36","90","Vanellus vanellus","0","0","1","0"
"0.36","90","Phasianus colchicus","0","0","1","0"
"0.36","90","Saxicola rubetra","0","0","1","0"
"0.36","90","Loxia curvirostra","0","0","1","0"
"0.36","90","Emberiza schoeniclus","0","0","1","0"
"0.36","90","Cygnus olor","0","0","1","0"
"0.36","90","Phoenicopterus roseus","0","0","1","0"
"0.36","90","Mareca strepera","0","0","1","0"
"0.36","90","Tringa ochropus","0","0","1","0"
"0.36","90","Plegadis falcinellus","0","0","1","0"
"0.36","90","Ardea alba","0","0","1","0"
"0.36","90","Columba oenas","0","0","1","0"
"0.36","90","Strix aluco","0","0","1","0"
"0.36","90","Tringa totanus","0","0","1","0"
"0.36","90","Ichthyaetus melanocephalus","0","0","1","0"
"0.36","90","Regulus regulus","0","0","1","0"
"0.36","90","Coracias garrulus","0","0","1","0"
"0.36","90","Passer hispaniolensis","0","0","1","0"
"0.36","90","Cecropis daurica","0","0","1","0"
"0.36","90","Falco naumanni","0","0","1","0"
"0.36","90","Psittacula krameri","0","0","1","0"
"0.36","90","Rallus aquaticus","0","0","1","0"
"0.36","90","Athene noctua","0","0","1","0"
"0.36","90","Platalea leucorodia","0","0","1","0"
"0.36","90","Chlidonias niger","0","0","1","0"
"0.36","90","Lanius meridionalis","0","0","1","0"
"0.36","90","Otus scops","0","0","1","0"
"0.36","90","Jynx torquilla","0","0","1","0"
"0.36","91","Turdus merula","0","0","1","0"
"0.36","91","Apus apus","0","0","1","0"
"0.36","91","Fringilla coelebs","0","0","1","0"
"0.36","91","Hirundo rustica","0","0","1","0"
"0.36","91","Columba palumbus","0","0","1","0"
"0.36","91","Sylvia atricapilla","0","0","1","0"
"0.36","91","Passer domesticus","0","0","1","0"
"0.36","91","Corvus corone","0","0","1","0"
"0.36","91","Pica pica","0","0","1","0"
"0.36","91","Parus major","0","0","1","0"
"0.36","91","Carduelis carduelis","0","0","1","0"
"0.36","91","Serinus serinus","0","0","1","0"
"0.36","91","Milvus migrans","0","0","1","0"
"0.36","91","Streptopelia decaocto","0","0","1","0"
"0.36","91","Phoenicurus ochruros","0","0","1","0"
"0.36","91","Erithacus rubecula","0","0","1","0"
"0.36","91","Delichon urbicum","0","0","1","0"
"0.36","91","Luscinia megarhynchos","0","0","0","1"
"0.36","91","Gyps fulvus","0","0","1","0"
"0.36","91","Cuculus canorus","0","1","0","0"
"0.36","91","Cyanistes caeruleus","0","0","1","0"
"0.36","91","Garrulus glandarius","0","0","1","0"
"0.36","91","Motacilla alba","0","0","1","0"
"0.36","91","Chloris chloris","0","0","1","0"
"0.36","91","Troglodytes troglodytes","0","0","1","0"
"0.36","91","Emberiza cirlus","0","0","1","0"
"0.36","91","Falco tinnunculus","0","0","1","0"
"0.36","91","Columba livia","0","0","1","0"
"0.36","91","Oriolus oriolus","0","0","1","0"
"0.36","91","Buteo buteo","0","0","1","0"
"0.36","91","Sturnus vulgaris","0","0","1","0"
"0.36","91","Phylloscopus bonelli","0","0","1","0"
"0.36","91","Anas platyrhynchos","0","0","1","0"
"0.36","91","Linaria cannabina","0","0","1","0"
"0.36","91","Periparus ater","0","0","1","0"
"0.36","91","Merops apiaster","0","0","1","0"
"0.36","91","Larus michahellis","0","0","1","0"
"0.36","91","Hippolais polyglotta","0","0","1","0"
"0.36","91","Saxicola rubicola","0","0","1","0"
"0.36","91","Certhia brachydactyla","0","0","1","0"
"0.36","91","Upupa epops","0","0","1","0"
"0.36","91","Ardea cinerea","0","0","1","0"
"0.36","91","Ptyonoprogne rupestris","0","0","1","0"
"0.36","91","Dendrocopos major","0","0","1","0"
"0.36","91","Emberiza calandra","0","0","1","0"
"0.36","91","Streptopelia turtur","0","0","1","0"
"0.36","91","Picus viridis","0","0","1","0"
"0.36","91","Regulus ignicapilla","0","0","1","0"
"0.36","91","Corvus corax","0","0","1","0"
"0.36","91","Aegithalos caudatus","0","0","1","0"
"0.36","91","Cettia cetti","0","0","1","0"
"0.36","91","Turdus viscivorus","0","0","1","0"
"0.36","91","Pyrrhocorax pyrrhocorax","0","0","1","0"
"0.36","91","Lullula arborea","0","0","1","0"
"0.36","91","Sitta europaea","0","0","1","0"
"0.36","91","Turdus philomelos","0","0","1","0"
"0.36","91","Galerida cristata","0","0","1","0"
"0.36","91","Alauda arvensis","0","0","1","0"
"0.36","91","Phylloscopus collybita","0","0","1","0"
"0.36","91","Petronia petronia","0","0","1","0"
"0.36","91","Curruca melanocephala","0","0","1","0"
"0.36","91","Egretta garzetta","0","0","1","0"
"0.36","91","Fulica atra","0","0","1","0"
"0.36","91","Lophophanes cristatus","0","0","1","0"
"0.36","91","Phalacrocorax carbo","0","0","1","0"
"0.36","91","Curruca communis","0","0","1","0"
"0.36","91","Cisticola juncidis","0","0","1","0"
"0.36","91","Milvus milvus","0","0","1","0"
"0.36","91","Gallinula chloropus","0","0","1","0"
"0.36","91","Circaetus gallicus","0","0","1","0"
"0.36","91","Oenanthe oenanthe","0","0","1","0"
"0.36","91","Phoenicurus phoenicurus","0","0","1","0"
"0.36","91","Picus sharpei","0","0","1","0"
"0.36","91","Ciconia ciconia","0","0","1","0"
"0.36","91","Hieraaetus pennatus","0","0","1","0"
"0.36","91","Carduelis citrinella","0","0","1","0"
"0.36","91","Corvus monedula","0","0","1","0"
"0.36","91","Lanius collurio","0","0","1","0"
"0.36","91","Motacilla flava","0","0","1","0"
"0.36","91","Circus aeruginosus","0","0","1","0"
"0.36","91","Sturnus unicolor","0","0","1","0"
"0.36","91","Himantopus himantopus","0","0","1","0"
"0.36","91","Motacilla cinerea","0","0","1","0"
"0.36","91","Curruca iberiae","0","0","1","0"
"0.36","91","Lanius senator","0","0","1","0"
"0.36","91","Chroicocephalus ridibundus","0","0","1","0"
"0.36","91","Prunella modularis","0","0","1","0"
"0.36","91","Emberiza cia","0","0","1","0"
"0.36","91","Alectoris rufa","0","0","1","0"
"0.36","91","Acrocephalus scirpaceus","0","0","1","0"
"0.36","91","Bubulcus ibis","0","0","1","0"
"0.36","91","Acrocephalus arundinaceus","0","0","1","0"
"0.36","91","Podiceps cristatus","0","0","1","0"
"0.36","91","Emberiza citrinella","0","0","1","0"
"0.36","91","Anthus trivialis","0","0","1","0"
"0.36","91","Muscicapa striata","0","0","1","0"
"0.36","91","Coturnix coturnix","0","0","1","0"
"0.36","91","Pernis apivorus","0","0","1","0"
"0.36","91","Passer montanus","0","0","1","0"
"0.36","91","Sterna hirundo","0","0","1","0"
"0.36","91","Ardea purpurea","0","0","1","0"
"0.36","91","Tachybaptus ruficollis","0","0","1","0"
"0.36","91","Charadrius dubius","0","0","1","0"
"0.36","91","Sylvia borin","0","0","1","0"
"0.36","91","Tadorna tadorna","0","0","1","0"
"0.36","91","Apus melba","0","0","1","0"
"0.36","91","Falco subbuteo","0","0","1","0"
"0.36","91","Curruca undata","0","0","1","0"
"0.36","91","Riparia riparia","0","0","1","0"
"0.36","91","Pyrrhula pyrrhula","0","0","1","0"
"0.36","91","Actitis hypoleucos","0","0","1","0"
"0.36","91","Recurvirostra avosetta","0","0","1","0"
"0.36","91","Netta rufina","0","0","1","0"
"0.36","91","Circus pygargus","0","0","1","0"
"0.36","91","Anthus campestris","0","0","1","0"
"0.36","91","Poecile palustris","0","0","1","0"
"0.36","91","Pyrrhocorax graculus","0","0","1","0"
"0.36","91","Galerida theklae","0","0","1","0"
"0.36","91","Saxicola rubetra","0","0","1","0"
"0.36","91","Cinclus cinclus","0","0","1","0"
"0.36","91","Aquila chrysaetos","0","0","1","0"
"0.36","91","Accipiter nisus","0","0","1","0"
"0.36","91","Aythya ferina","0","0","1","0"
"0.36","91","Melanocorypha calandra","0","0","1","0"
"0.36","91","Alcedo atthis","0","0","1","0"
"0.36","91","Phasianus colchicus","0","0","1","0"
"0.36","91","Mareca strepera","0","0","1","0"
"0.36","91","Nycticorax nycticorax","0","0","1","0"
"0.36","91","Plegadis falcinellus","0","0","1","0"
"0.36","91","Ardea alba","0","0","1","0"
"0.36","91","Sternula albifrons","0","0","1","0"
"0.36","91","Anthus spinoletta","0","0","1","0"
"0.36","91","Coccothraustes coccothraustes","0","0","1","0"
"0.36","91","Burhinus oedicnemus","0","0","1","0"
"0.36","91","Vanellus vanellus","0","0","1","0"
"0.36","91","Tringa ochropus","0","0","1","0"
"0.36","91","Phoenicopterus roseus","0","0","1","0"
"0.36","91","Cygnus olor","0","0","1","0"
"0.36","91","Tringa totanus","0","0","1","0"
"0.36","91","Loxia curvirostra","0","0","1","0"
"0.36","91","Emberiza schoeniclus","0","0","1","0"
"0.36","91","Regulus regulus","0","0","1","0"
"0.36","91","Psittacula krameri","0","0","1","0"
"0.36","91","Passer hispaniolensis","0","0","1","0"
"0.36","91","Ichthyaetus melanocephalus","0","0","1","0"
"0.36","91","Columba oenas","0","0","1","0"
"0.36","91","Cecropis daurica","0","0","1","0"
"0.36","91","Falco naumanni","0","0","1","0"
"0.36","91","Aegypius monachus","0","0","1","0"
"0.36","91","Spatula clypeata","0","0","1","0"
"0.36","91","Strix aluco","0","1","0","0"
"0.36","91","Podiceps nigricollis","0","0","1","0"
"0.36","91","Rallus aquaticus","0","0","1","0"
"0.36","91","Jynx torquilla","0","0","1","0"
"0.36","91","Phylloscopus trochilus","0","0","1","0"
"0.36","91","Phylloscopus ibericus","0","0","1","0"
"0.36","91","Tringa glareola","0","0","1","0"
"0.36","91","Athene noctua","0","0","1","0"
"0.36","91","Chlidonias hybrida","0","0","1","0"
"0.36","91","Monticola solitarius","0","0","1","0"
"0.36","91","Ficedula hypoleuca","0","0","1","0"
"0.36","91","Coracias garrulus","0","0","1","0"
"0.36","91","Chlidonias niger","0","0","1","0"
"0.36","91","Platalea leucorodia","0","0","1","0"
"0.36","91","Thalasseus sandvicensis","0","0","1","0"
"0.36","91","Morus bassanus","0","0","1","0"
"0.36","91","Ardeola ralloides","0","0","1","0"
"0.36","91","Otus scops","0","0","1","0"
"0.36","92","Turdus merula","0","0","0","1"
"0.36","92","Apus apus","0","0","1","0"
"0.36","92","Fringilla coelebs","1","0","0","0"
"0.36","92","Hirundo rustica","0","0","1","0"
"0.36","92","Columba palumbus","0","0","1","0"
"0.36","92","Sylvia atricapilla","0","0","0","1"
"0.36","92","Passer domesticus","0","0","1","0"
"0.36","92","Corvus corone","0","0","1","0"
"0.36","92","Pica pica","0","0","1","0"
"0.36","92","Parus major","0","0","0","1"
"0.36","92","Carduelis carduelis","0","0","1","0"
"0.36","92","Serinus serinus","0","0","1","0"
"0.36","92","Milvus migrans","0","0","1","0"
"0.36","92","Streptopelia decaocto","0","0","1","0"
"0.36","92","Phoenicurus ochruros","0","0","1","0"
"0.36","92","Erithacus rubecula","0","0","0","1"
"0.36","92","Delichon urbicum","0","0","1","0"
"0.36","92","Luscinia megarhynchos","0","0","1","0"
"0.36","92","Gyps fulvus","0","0","1","0"
"0.36","92","Cuculus canorus","0","0","1","0"
"0.36","92","Cyanistes caeruleus","0","0","0","1"
"0.36","92","Garrulus glandarius","0","0","1","0"
"0.36","92","Motacilla alba","0","0","1","0"
"0.36","92","Chloris chloris","0","0","1","0"
"0.36","92","Troglodytes troglodytes","0","0","1","0"
"0.36","92","Emberiza cirlus","0","0","1","0"
"0.36","92","Falco tinnunculus","0","0","1","0"
"0.36","92","Columba livia","0","0","1","0"
"0.36","92","Oriolus oriolus","0","0","1","0"
"0.36","92","Buteo buteo","0","0","1","0"
"0.36","92","Sturnus vulgaris","0","0","1","0"
"0.36","92","Phylloscopus bonelli","0","0","1","0"
"0.36","92","Anas platyrhynchos","0","0","1","0"
"0.36","92","Linaria cannabina","0","0","1","0"
"0.36","92","Periparus ater","0","0","1","0"
"0.36","92","Merops apiaster","0","0","1","0"
"0.36","92","Larus michahellis","0","0","1","0"
"0.36","92","Hippolais polyglotta","0","0","1","0"
"0.36","92","Saxicola rubicola","0","0","1","0"
"0.36","92","Certhia brachydactyla","0","0","1","0"
"0.36","92","Upupa epops","0","0","1","0"
"0.36","92","Ardea cinerea","0","0","1","0"
"0.36","92","Ptyonoprogne rupestris","0","0","1","0"
"0.36","92","Dendrocopos major","1","0","0","0"
"0.36","92","Emberiza calandra","0","0","1","0"
"0.36","92","Streptopelia turtur","0","0","1","0"
"0.36","92","Picus viridis","0","0","1","0"
"0.36","92","Regulus ignicapilla","0","0","1","0"
"0.36","92","Corvus corax","0","0","1","0"
"0.36","92","Aegithalos caudatus","0","0","1","0"
"0.36","92","Cettia cetti","0","0","1","0"
"0.36","92","Turdus viscivorus","0","0","1","0"
"0.36","92","Pyrrhocorax pyrrhocorax","0","0","1","0"
"0.36","92","Lullula arborea","0","0","1","0"
"0.36","92","Sitta europaea","0","0","1","0"
"0.36","92","Turdus philomelos","0","0","0","1"
"0.36","92","Galerida cristata","0","0","1","0"
"0.36","92","Alauda arvensis","0","0","1","0"
"0.36","92","Phylloscopus collybita","0","0","0","1"
"0.36","92","Petronia petronia","0","0","1","0"
"0.36","92","Curruca melanocephala","0","0","1","0"
"0.36","92","Egretta garzetta","0","0","1","0"
"0.36","92","Fulica atra","0","0","1","0"
"0.36","92","Lophophanes cristatus","0","0","1","0"
"0.36","92","Phalacrocorax carbo","0","0","1","0"
"0.36","92","Curruca communis","0","0","1","0"
"0.36","92","Cisticola juncidis","0","0","1","0"
"0.36","92","Milvus milvus","0","0","1","0"
"0.36","92","Gallinula chloropus","0","0","1","0"
"0.36","92","Circaetus gallicus","0","0","1","0"
"0.36","92","Oenanthe oenanthe","0","0","1","0"
"0.36","92","Phoenicurus phoenicurus","0","0","1","0"
"0.36","92","Picus sharpei","0","0","1","0"
"0.36","92","Ciconia ciconia","0","0","1","0"
"0.36","92","Hieraaetus pennatus","0","0","1","0"
"0.36","92","Carduelis citrinella","0","0","1","0"
"0.36","92","Corvus monedula","0","0","1","0"
"0.36","92","Lanius collurio","0","0","1","0"
"0.36","92","Motacilla flava","0","0","1","0"
"0.36","92","Circus aeruginosus","0","0","1","0"
"0.36","92","Sturnus unicolor","0","0","1","0"
"0.36","92","Himantopus himantopus","0","0","1","0"
"0.36","92","Motacilla cinerea","0","0","1","0"
"0.36","92","Curruca iberiae","0","0","1","0"
"0.36","92","Lanius senator","0","0","1","0"
"0.36","92","Chroicocephalus ridibundus","0","0","1","0"
"0.36","92","Prunella modularis","0","0","1","0"
"0.36","92","Emberiza cia","0","0","1","0"
"0.36","92","Alectoris rufa","0","0","1","0"
"0.36","92","Acrocephalus scirpaceus","0","0","1","0"
"0.36","92","Bubulcus ibis","0","0","1","0"
"0.36","92","Acrocephalus arundinaceus","0","0","1","0"
"0.36","92","Podiceps cristatus","0","0","1","0"
"0.36","92","Emberiza citrinella","0","0","1","0"
"0.36","92","Anthus trivialis","0","0","1","0"
"0.36","92","Muscicapa striata","0","0","1","0"
"0.36","92","Coturnix coturnix","0","0","1","0"
"0.36","92","Pernis apivorus","0","0","1","0"
"0.36","92","Passer montanus","0","0","1","0"
"0.36","92","Sterna hirundo","0","0","1","0"
"0.36","92","Ardea purpurea","0","0","1","0"
"0.36","92","Tachybaptus ruficollis","0","0","1","0"
"0.36","92","Charadrius dubius","0","0","1","0"
"0.36","92","Sylvia borin","0","0","1","0"
"0.36","92","Tadorna tadorna","0","0","1","0"
"0.36","92","Apus melba","0","0","1","0"
"0.36","92","Falco subbuteo","0","0","1","0"
"0.36","92","Curruca undata","0","0","1","0"
"0.36","92","Riparia riparia","0","0","1","0"
"0.36","92","Pyrrhula pyrrhula","0","0","1","0"
"0.36","92","Actitis hypoleucos","0","0","1","0"
"0.36","92","Recurvirostra avosetta","0","0","1","0"
"0.36","92","Netta rufina","0","0","1","0"
"0.36","92","Circus pygargus","0","0","1","0"
"0.36","92","Anthus campestris","0","0","1","0"
"0.36","92","Poecile palustris","0","0","1","0"
"0.36","92","Pyrrhocorax graculus","0","0","1","0"
"0.36","92","Galerida theklae","0","0","1","0"
"0.36","92","Saxicola rubetra","0","0","1","0"
"0.36","92","Cinclus cinclus","0","0","1","0"
"0.36","92","Aquila chrysaetos","0","0","1","0"
"0.36","92","Accipiter nisus","0","0","1","0"
"0.36","92","Aythya ferina","0","0","1","0"
"0.36","92","Melanocorypha calandra","0","0","1","0"
"0.36","92","Alcedo atthis","0","0","1","0"
"0.36","92","Phasianus colchicus","0","0","1","0"
"0.36","92","Mareca strepera","0","0","1","0"
"0.36","92","Nycticorax nycticorax","0","0","1","0"
"0.36","92","Plegadis falcinellus","0","0","1","0"
"0.36","92","Ardea alba","0","0","1","0"
"0.36","92","Sternula albifrons","0","0","1","0"
"0.36","92","Anthus spinoletta","0","0","1","0"
"0.36","92","Coccothraustes coccothraustes","0","0","1","0"
"0.36","92","Burhinus oedicnemus","0","0","1","0"
"0.36","92","Vanellus vanellus","0","0","1","0"
"0.36","92","Tringa ochropus","0","0","1","0"
"0.36","92","Phoenicopterus roseus","0","0","1","0"
"0.36","92","Cygnus olor","0","0","1","0"
"0.36","92","Tringa totanus","0","0","1","0"
"0.36","92","Loxia curvirostra","0","0","1","0"
"0.36","92","Emberiza schoeniclus","0","0","1","0"
"0.36","92","Regulus regulus","0","0","1","0"
"0.36","92","Psittacula krameri","0","0","1","0"
"0.36","92","Passer hispaniolensis","0","0","1","0"
"0.36","92","Ichthyaetus melanocephalus","0","0","1","0"
"0.36","92","Columba oenas","0","0","1","0"
"0.36","92","Cecropis daurica","0","0","1","0"
"0.36","92","Falco naumanni","0","0","1","0"
"0.36","92","Aegypius monachus","0","0","1","0"
"0.36","92","Spatula clypeata","0","0","1","0"
"0.36","92","Strix aluco","0","0","1","0"
"0.36","92","Podiceps nigricollis","0","0","1","0"
"0.36","92","Rallus aquaticus","0","0","1","0"
"0.36","92","Jynx torquilla","0","0","1","0"
"0.36","92","Phylloscopus trochilus","0","0","1","0"
"0.36","92","Phylloscopus ibericus","0","0","1","0"
"0.36","92","Tringa glareola","0","0","1","0"
"0.36","92","Athene noctua","0","0","1","0"
"0.36","92","Chlidonias hybrida","0","0","1","0"
"0.36","92","Monticola solitarius","0","0","1","0"
"0.36","92","Ficedula hypoleuca","0","0","1","0"
"0.36","92","Coracias garrulus","0","0","1","0"
"0.36","92","Chlidonias niger","0","0","1","0"
"0.36","92","Platalea leucorodia","0","0","1","0"
"0.36","92","Thalasseus sandvicensis","0","0","1","0"
"0.36","92","Morus bassanus","0","0","1","0"
"0.36","92","Ardeola ralloides","0","0","1","0"
"0.36","92","Otus scops","0","0","1","0"
"0.36","93","Turdus merula","0","0","0","1"
"0.36","93","Apus apus","0","0","1","0"
"0.36","93","Fringilla coelebs","0","0","0","1"
"0.36","93","Hirundo rustica","0","0","1","0"
"0.36","93","Columba palumbus","0","0","1","0"
"0.36","93","Sylvia atricapilla","1","0","0","0"
"0.36","93","Passer domesticus","0","0","1","0"
"0.36","93","Corvus corone","0","0","1","0"
"0.36","93","Pica pica","0","0","1","0"
"0.36","93","Parus major","0","0","0","1"
"0.36","93","Carduelis carduelis","0","0","1","0"
"0.36","93","Serinus serinus","0","0","1","0"
"0.36","93","Milvus migrans","0","0","1","0"
"0.36","93","Streptopelia decaocto","0","0","1","0"
"0.36","93","Phoenicurus ochruros","0","0","1","0"
"0.36","93","Erithacus rubecula","0","0","0","1"
"0.36","93","Delichon urbicum","0","0","1","0"
"0.36","93","Luscinia megarhynchos","0","0","1","0"
"0.36","93","Gyps fulvus","0","0","1","0"
"0.36","93","Cuculus canorus","0","0","1","0"
"0.36","93","Cyanistes caeruleus","0","0","1","0"
"0.36","93","Garrulus glandarius","0","0","1","0"
"0.36","93","Motacilla alba","0","0","1","0"
"0.36","93","Chloris chloris","0","0","1","0"
"0.36","93","Troglodytes troglodytes","0","0","1","0"
"0.36","93","Emberiza cirlus","0","0","1","0"
"0.36","93","Falco tinnunculus","0","0","1","0"
"0.36","93","Columba livia","0","0","1","0"
"0.36","93","Oriolus oriolus","0","0","1","0"
"0.36","93","Buteo buteo","0","0","1","0"
"0.36","93","Sturnus vulgaris","0","0","1","0"
"0.36","93","Phylloscopus bonelli","0","0","1","0"
"0.36","93","Anas platyrhynchos","0","0","1","0"
"0.36","93","Linaria cannabina","0","0","1","0"
"0.36","93","Periparus ater","0","0","1","0"
"0.36","93","Merops apiaster","0","0","1","0"
"0.36","93","Larus michahellis","0","0","1","0"
"0.36","93","Hippolais polyglotta","0","0","1","0"
"0.36","93","Saxicola rubicola","0","0","1","0"
"0.36","93","Certhia brachydactyla","0","0","1","0"
"0.36","93","Upupa epops","0","0","1","0"
"0.36","93","Ardea cinerea","0","0","1","0"
"0.36","93","Ptyonoprogne rupestris","0","0","1","0"
"0.36","93","Dendrocopos major","0","0","1","0"
"0.36","93","Emberiza calandra","0","0","1","0"
"0.36","93","Streptopelia turtur","0","0","1","0"
"0.36","93","Picus viridis","0","0","1","0"
"0.36","93","Regulus ignicapilla","0","0","1","0"
"0.36","93","Corvus corax","0","0","1","0"
"0.36","93","Aegithalos caudatus","0","0","1","0"
"0.36","93","Cettia cetti","0","0","1","0"
"0.36","93","Turdus viscivorus","0","0","1","0"
"0.36","93","Pyrrhocorax pyrrhocorax","0","0","1","0"
"0.36","93","Lullula arborea","0","0","1","0"
"0.36","93","Sitta europaea","0","0","1","0"
"0.36","93","Turdus philomelos","0","0","0","1"
"0.36","93","Galerida cristata","0","0","1","0"
"0.36","93","Alauda arvensis","0","0","1","0"
"0.36","93","Phylloscopus collybita","1","0","0","0"
"0.36","93","Petronia petronia","0","0","1","0"
"0.36","93","Curruca melanocephala","0","0","1","0"
"0.36","93","Egretta garzetta","0","0","1","0"
"0.36","93","Fulica atra","0","0","1","0"
"0.36","93","Lophophanes cristatus","0","0","1","0"
"0.36","93","Phalacrocorax carbo","0","0","1","0"
"0.36","93","Curruca communis","0","0","1","0"
"0.36","93","Cisticola juncidis","0","0","1","0"
"0.36","93","Milvus milvus","0","0","1","0"
"0.36","93","Gallinula chloropus","0","0","1","0"
"0.36","93","Circaetus gallicus","0","0","1","0"
"0.36","93","Oenanthe oenanthe","0","0","1","0"
"0.36","93","Phoenicurus phoenicurus","0","0","1","0"
"0.36","93","Picus sharpei","0","0","1","0"
"0.36","93","Ciconia ciconia","0","0","1","0"
"0.36","93","Hieraaetus pennatus","0","0","1","0"
"0.36","93","Carduelis citrinella","0","0","1","0"
"0.36","93","Corvus monedula","0","0","1","0"
"0.36","93","Lanius collurio","0","0","1","0"
"0.36","93","Motacilla flava","0","0","1","0"
"0.36","93","Circus aeruginosus","0","0","1","0"
"0.36","93","Sturnus unicolor","0","0","1","0"
"0.36","93","Himantopus himantopus","0","0","1","0"
"0.36","93","Motacilla cinerea","0","0","1","0"
"0.36","93","Curruca iberiae","0","0","1","0"
"0.36","93","Lanius senator","0","0","1","0"
"0.36","93","Chroicocephalus ridibundus","0","0","1","0"
"0.36","93","Prunella modularis","0","0","1","0"
"0.36","93","Emberiza cia","0","0","1","0"
"0.36","93","Alectoris rufa","0","0","1","0"
"0.36","93","Acrocephalus scirpaceus","0","0","1","0"
"0.36","93","Bubulcus ibis","0","0","1","0"
"0.36","93","Acrocephalus arundinaceus","0","0","1","0"
"0.36","93","Podiceps cristatus","0","0","1","0"
"0.36","93","Emberiza citrinella","0","0","1","0"
"0.36","93","Anthus trivialis","0","0","1","0"
"0.36","93","Muscicapa striata","0","0","1","0"
"0.36","93","Coturnix coturnix","0","0","1","0"
"0.36","93","Pernis apivorus","0","0","1","0"
"0.36","93","Passer montanus","0","0","1","0"
"0.36","93","Sterna hirundo","0","0","1","0"
"0.36","93","Ardea purpurea","0","0","1","0"
"0.36","93","Tachybaptus ruficollis","0","0","1","0"
"0.36","93","Charadrius dubius","0","0","1","0"
"0.36","93","Sylvia borin","0","0","1","0"
"0.36","93","Tadorna tadorna","0","0","1","0"
"0.36","93","Apus melba","0","0","1","0"
"0.36","93","Falco subbuteo","0","0","1","0"
"0.36","93","Curruca undata","0","0","1","0"
"0.36","93","Riparia riparia","0","0","1","0"
"0.36","93","Pyrrhula pyrrhula","0","0","1","0"
"0.36","93","Actitis hypoleucos","0","0","1","0"
"0.36","93","Recurvirostra avosetta","0","0","1","0"
"0.36","93","Netta rufina","0","0","1","0"
"0.36","93","Circus pygargus","0","0","1","0"
"0.36","93","Anthus campestris","0","0","1","0"
"0.36","93","Poecile palustris","0","0","1","0"
"0.36","93","Pyrrhocorax graculus","0","0","1","0"
"0.36","93","Galerida theklae","0","0","1","0"
"0.36","93","Saxicola rubetra","0","0","1","0"
"0.36","93","Cinclus cinclus","0","0","1","0"
"0.36","93","Aquila chrysaetos","0","0","1","0"
"0.36","93","Accipiter nisus","0","0","1","0"
"0.36","93","Aythya ferina","0","0","1","0"
"0.36","93","Melanocorypha calandra","0","0","1","0"
"0.36","93","Alcedo atthis","0","0","1","0"
"0.36","93","Phasianus colchicus","0","0","1","0"
"0.36","93","Mareca strepera","0","0","1","0"
"0.36","93","Nycticorax nycticorax","0","0","1","0"
"0.36","93","Plegadis falcinellus","0","0","1","0"
"0.36","93","Ardea alba","0","0","1","0"
"0.36","93","Sternula albifrons","0","0","1","0"
"0.36","93","Anthus spinoletta","0","0","1","0"
"0.36","93","Coccothraustes coccothraustes","0","0","1","0"
"0.36","93","Burhinus oedicnemus","0","0","1","0"
"0.36","93","Vanellus vanellus","0","0","1","0"
"0.36","93","Tringa ochropus","0","0","1","0"
"0.36","93","Phoenicopterus roseus","0","0","1","0"
"0.36","93","Cygnus olor","0","0","1","0"
"0.36","93","Tringa totanus","0","0","1","0"
"0.36","93","Loxia curvirostra","0","0","1","0"
"0.36","93","Emberiza schoeniclus","0","0","1","0"
"0.36","93","Regulus regulus","0","0","1","0"
"0.36","93","Psittacula krameri","0","0","1","0"
"0.36","93","Passer hispaniolensis","0","0","1","0"
"0.36","93","Ichthyaetus melanocephalus","0","0","1","0"
"0.36","93","Columba oenas","0","0","1","0"
"0.36","93","Cecropis daurica","0","0","1","0"
"0.36","93","Falco naumanni","0","0","1","0"
"0.36","93","Aegypius monachus","0","0","1","0"
"0.36","93","Spatula clypeata","0","0","1","0"
"0.36","93","Strix aluco","0","0","1","0"
"0.36","93","Podiceps nigricollis","0","0","1","0"
"0.36","93","Rallus aquaticus","0","0","1","0"
"0.36","93","Jynx torquilla","0","0","1","0"
"0.36","93","Phylloscopus trochilus","0","0","1","0"
"0.36","93","Phylloscopus ibericus","0","0","1","0"
"0.36","93","Tringa glareola","0","0","1","0"
"0.36","93","Athene noctua","0","0","1","0"
"0.36","93","Chlidonias hybrida","0","0","1","0"
"0.36","93","Monticola solitarius","0","0","1","0"
"0.36","93","Ficedula hypoleuca","0","0","1","0"
"0.36","93","Coracias garrulus","0","0","1","0"
"0.36","93","Chlidonias niger","0","0","1","0"
"0.36","93","Platalea leucorodia","0","0","1","0"
"0.36","93","Thalasseus sandvicensis","0","0","1","0"
"0.36","93","Morus bassanus","0","0","1","0"
"0.36","93","Ardeola ralloides","0","0","1","0"
"0.36","93","Otus scops","0","0","1","0"
"0.36","94","Turdus merula","0","0","1","0"
"0.36","94","Hirundo rustica","0","0","1","0"
"0.36","94","Fringilla coelebs","0","0","1","0"
"0.36","94","Columba palumbus","0","0","1","0"
"0.36","94","Corvus corone","0","0","1","0"
"0.36","94","Sylvia atricapilla","0","0","1","0"
"0.36","94","Parus major","0","0","1","0"
"0.36","94","Passer domesticus","0","0","1","0"
"0.36","94","Pica pica","0","0","1","0"
"0.36","94","Apus apus","0","0","1","0"
"0.36","94","Carduelis carduelis","0","0","1","0"
"0.36","94","Erithacus rubecula","0","0","1","0"
"0.36","94","Serinus serinus","0","0","1","0"
"0.36","94","Luscinia megarhynchos","0","0","1","0"
"0.36","94","Streptopelia decaocto","0","0","1","0"
"0.36","94","Milvus migrans","0","0","1","0"
"0.36","94","Cyanistes caeruleus","0","0","1","0"
"0.36","94","Cuculus canorus","0","0","1","0"
"0.36","94","Phoenicurus ochruros","0","0","1","0"
"0.36","94","Anas platyrhynchos","0","0","1","0"
"0.36","94","Garrulus glandarius","0","0","1","0"
"0.36","94","Delichon urbicum","0","0","1","0"
"0.36","94","Chloris chloris","0","0","1","0"
"0.36","94","Motacilla alba","0","0","1","0"
"0.36","94","Troglodytes troglodytes","0","0","1","0"
"0.36","94","Gyps fulvus","0","0","1","0"
"0.36","94","Falco tinnunculus","0","0","1","0"
"0.36","94","Sturnus vulgaris","0","0","1","0"
"0.36","94","Columba livia","0","0","1","0"
"0.36","94","Buteo buteo","0","0","1","0"
"0.36","94","Emberiza cirlus","0","0","1","0"
"0.36","94","Larus michahellis","0","0","1","0"
"0.36","94","Linaria cannabina","0","0","1","0"
"0.36","94","Phylloscopus bonelli","0","0","1","0"
"0.36","94","Periparus ater","0","0","1","0"
"0.36","94","Merops apiaster","0","0","1","0"
"0.36","94","Ardea cinerea","0","0","1","0"
"0.36","94","Certhia brachydactyla","0","0","1","0"
"0.36","94","Aegithalos caudatus","0","0","1","0"
"0.36","94","Saxicola rubicola","0","0","1","0"
"0.36","94","Corvus corax","0","0","1","0"
"0.36","94","Upupa epops","0","0","1","0"
"0.36","94","Cettia cetti","0","0","1","0"
"0.36","94","Dendrocopos major","0","0","1","0"
"0.36","94","Regulus ignicapilla","0","0","1","0"
"0.36","94","Oriolus oriolus","0","0","1","0"
"0.36","94","Emberiza calandra","0","0","1","0"
"0.36","94","Hippolais polyglotta","0","0","1","0"
"0.36","94","Picus viridis","0","0","1","0"
"0.36","94","Motacilla flava","0","0","1","0"
"0.36","94","Ptyonoprogne rupestris","0","0","1","0"
"0.36","94","Sitta europaea","0","0","1","0"
"0.36","94","Phalacrocorax carbo","0","0","1","0"
"0.36","94","Egretta garzetta","0","0","1","0"
"0.36","94","Turdus viscivorus","0","0","1","0"
"0.36","94","Fulica atra","0","0","1","0"
"0.36","94","Gallinula chloropus","0","0","1","0"
"0.36","94","Curruca melanocephala","0","0","1","0"
"0.36","94","Phylloscopus collybita","0","0","1","0"
"0.36","94","Galerida cristata","0","0","1","0"
"0.36","94","Lullula arborea","0","0","1","0"
"0.36","94","Oenanthe oenanthe","0","0","1","0"
"0.36","94","Circus aeruginosus","0","0","1","0"
"0.36","94","Turdus philomelos","0","0","1","0"
"0.36","94","Pyrrhocorax pyrrhocorax","0","0","1","0"
"0.36","94","Milvus milvus","0","0","1","0"
"0.36","94","Lophophanes cristatus","0","0","1","0"
"0.36","94","Picus sharpei","0","0","1","0"
"0.36","94","Curruca communis","0","0","1","0"
"0.36","94","Streptopelia turtur","0","0","1","0"
"0.36","94","Cisticola juncidis","0","0","1","0"
"0.36","94","Circaetus gallicus","0","0","1","0"
"0.36","94","Phoenicurus phoenicurus","0","0","1","0"
"0.36","94","Corvus monedula","0","0","1","0"
"0.36","94","Alauda arvensis","0","0","1","0"
"0.36","94","Petronia petronia","0","0","1","0"
"0.36","94","Ciconia ciconia","0","0","1","0"
"0.36","94","Hieraaetus pennatus","0","0","1","0"
"0.36","94","Sturnus unicolor","0","0","1","0"
"0.36","94","Himantopus himantopus","0","0","1","0"
"0.36","94","Prunella modularis","0","0","1","0"
"0.36","94","Curruca iberiae","0","0","1","0"
"0.36","94","Podiceps cristatus","0","0","1","0"
"0.36","94","Motacilla cinerea","0","0","1","0"
"0.36","94","Actitis hypoleucos","0","0","1","0"
"0.36","94","Lanius senator","0","0","1","0"
"0.36","94","Anthus trivialis","0","0","1","0"
"0.36","94","Bubulcus ibis","0","0","1","0"
"0.36","94","Alectoris rufa","0","0","1","0"
"0.36","94","Carduelis citrinella","0","0","1","0"
"0.36","94","Emberiza cia","0","0","1","0"
"0.36","94","Acrocephalus scirpaceus","0","0","1","0"
"0.36","94","Tachybaptus ruficollis","0","0","1","0"
"0.36","94","Chroicocephalus ridibundus","0","0","1","0"
"0.36","94","Ardea purpurea","0","0","1","0"
"0.36","94","Charadrius dubius","0","0","1","0"
"0.36","94","Saxicola rubetra","0","0","1","0"
"0.36","94","Tadorna tadorna","0","0","1","0"
"0.36","94","Muscicapa striata","0","0","1","0"
"0.36","94","Pernis apivorus","0","0","1","0"
"0.36","94","Passer montanus","0","0","1","0"
"0.36","94","Ficedula hypoleuca","0","0","1","0"
"0.36","94","Acrocephalus arundinaceus","0","0","1","0"
"0.36","94","Phylloscopus trochilus","0","0","1","0"
"0.36","94","Riparia riparia","0","0","1","0"
"0.36","94","Ardea alba","0","0","1","0"
"0.36","94","Lanius collurio","0","0","1","0"
"0.36","94","Netta rufina","0","0","1","0"
"0.36","94","Poecile palustris","0","0","1","0"
"0.36","94","Mareca strepera","0","0","1","0"
"0.36","94","Pyrrhula pyrrhula","0","0","1","0"
"0.36","94","Curruca undata","0","0","1","0"
"0.36","94","Accipiter nisus","0","0","1","0"
"0.36","94","Emberiza citrinella","0","0","1","0"
"0.36","94","Tringa glareola","0","0","1","0"
"0.36","94","Sterna hirundo","0","0","1","0"
"0.36","94","Apus melba","0","0","1","0"
"0.36","94","Recurvirostra avosetta","0","0","1","0"
"0.36","94","Falco subbuteo","0","0","1","0"
"0.36","94","Spatula clypeata","0","0","1","0"
"0.36","94","Plegadis falcinellus","0","0","1","0"
"0.36","94","Phasianus colchicus","0","0","1","0"
"0.36","94","Tringa ochropus","0","0","1","0"
"0.36","94","Circus pygargus","0","0","1","0"
"0.36","94","Alcedo atthis","0","0","1","0"
"0.36","94","Coturnix coturnix","0","0","1","0"
"0.36","94","Aythya ferina","0","0","1","0"
"0.36","94","Melanocorypha calandra","0","0","1","0"
"0.36","94","Sylvia borin","0","0","1","0"
"0.36","94","Tringa totanus","0","0","1","0"
"0.36","94","Jynx torquilla","0","0","1","0"
"0.36","94","Cinclus cinclus","0","0","1","0"
"0.36","94","Aquila chrysaetos","0","0","1","0"
"0.36","94","Tringa nebularia","0","0","1","0"
"0.36","94","Coccothraustes coccothraustes","0","0","1","0"
"0.36","94","Psittacula krameri","0","0","1","0"
"0.36","94","Pyrrhocorax graculus","0","0","1","0"
"0.36","94","Vanellus vanellus","0","0","1","0"
"0.36","94","Cygnus olor","0","0","1","0"
"0.36","94","Regulus regulus","0","0","1","0"
"0.36","94","Phoenicopterus roseus","0","0","1","0"
"0.36","94","Anthus spinoletta","0","0","1","0"
"0.36","94","Podiceps nigricollis","0","0","1","0"
"0.36","94","Loxia curvirostra","0","0","1","0"
"0.36","94","Morus bassanus","0","0","1","0"
"0.36","94","Rallus aquaticus","0","0","1","0"
"0.36","94","Anthus pratensis","0","0","1","0"
"0.36","94","Falco peregrinus","0","0","1","0"
"0.36","94","Emberiza schoeniclus","0","0","1","0"
"0.36","94","Calidris pugnax","0","0","1","0"
"0.36","94","Anthus campestris","0","0","1","0"
"0.36","94","Nycticorax nycticorax","0","0","1","0"
"0.36","94","Anas crecca","0","0","1","0"
"0.36","94","Falco naumanni","0","0","1","0"
"0.36","94","Ichthyaetus melanocephalus","0","0","1","0"
"0.36","94","Passer hispaniolensis","0","0","1","0"
"0.36","94","Galerida theklae","0","0","1","0"
"0.36","94","Burhinus oedicnemus","0","0","1","0"
"0.36","94","Cecropis daurica","0","0","1","0"
"0.36","94","Pandion haliaetus","0","0","1","0"
"0.36","94","Limosa limosa","0","0","1","0"
"0.36","94","Aegypius monachus","0","0","1","0"
"0.36","94","Columba oenas","0","0","1","0"
"0.36","94","Gelochelidon nilotica","0","0","1","0"
"0.36","94","Thalasseus sandvicensis","0","0","1","0"
"0.36","94","Spatula querquedula","0","0","1","0"
"0.36","94","Charadrius hiaticula","0","0","1","0"
"0.36","94","Monticola solitarius","0","0","1","0"
"0.36","94","Chlidonias hybrida","0","0","1","0"
"0.36","94","Calidris alpina","0","0","1","0"
"0.36","94","Dryocopus martius","0","0","1","0"
"0.36","94","Gallinago gallinago","0","0","1","0"
"0.36","94","Phylloscopus ibericus","0","0","1","0"
"0.36","94","Sternula albifrons","0","0","1","0"
"0.36","94","Spinus spinus","0","0","1","0"
"0.36","94","Ardeola ralloides","0","0","1","0"
"0.36","94","Strix aluco","0","0","1","0"
"0.36","94","Platalea leucorodia","0","0","1","0"
"0.36","94","Athene noctua","0","0","1","0"
"0.36","94","Branta canadensis","0","0","1","0"
"0.36","94","Certhia familiaris","0","0","1","0"
"0.36","94","Otus scops","0","0","1","0"
"0.36","95","Turdus merula","0","0","0","1"
"0.36","95","Hirundo rustica","0","0","1","0"
"0.36","95","Fringilla coelebs","0","0","0","1"
"0.36","95","Columba palumbus","0","0","1","0"
"0.36","95","Corvus corone","0","0","1","0"
"0.36","95","Sylvia atricapilla","0","0","1","0"
"0.36","95","Parus major","0","0","1","0"
"0.36","95","Passer domesticus","0","0","1","0"
"0.36","95","Pica pica","0","0","1","0"
"0.36","95","Apus apus","0","0","1","0"
"0.36","95","Carduelis carduelis","0","0","1","0"
"0.36","95","Erithacus rubecula","0","0","0","1"
"0.36","95","Serinus serinus","0","0","1","0"
"0.36","95","Luscinia megarhynchos","0","0","1","0"
"0.36","95","Streptopelia decaocto","0","0","1","0"
"0.36","95","Milvus migrans","0","0","1","0"
"0.36","95","Cyanistes caeruleus","0","0","0","1"
"0.36","95","Cuculus canorus","0","0","1","0"
"0.36","95","Phoenicurus ochruros","0","0","1","0"
"0.36","95","Anas platyrhynchos","0","0","1","0"
"0.36","95","Garrulus glandarius","0","0","1","0"
"0.36","95","Delichon urbicum","0","0","1","0"
"0.36","95","Chloris chloris","0","0","1","0"
"0.36","95","Motacilla alba","0","0","1","0"
"0.36","95","Troglodytes troglodytes","0","0","0","1"
"0.36","95","Gyps fulvus","0","0","1","0"
"0.36","95","Falco tinnunculus","0","0","1","0"
"0.36","95","Sturnus vulgaris","0","0","1","0"
"0.36","95","Columba livia","0","0","1","0"
"0.36","95","Buteo buteo","0","0","1","0"
"0.36","95","Emberiza cirlus","0","0","1","0"
"0.36","95","Larus michahellis","0","0","1","0"
"0.36","95","Linaria cannabina","0","0","1","0"
"0.36","95","Phylloscopus bonelli","0","0","1","0"
"0.36","95","Periparus ater","0","0","1","0"
"0.36","95","Merops apiaster","0","0","1","0"
"0.36","95","Ardea cinerea","0","0","1","0"
"0.36","95","Certhia brachydactyla","0","0","1","0"
"0.36","95","Aegithalos caudatus","0","0","1","0"
"0.36","95","Saxicola rubicola","0","0","1","0"
"0.36","95","Corvus corax","0","0","1","0"
"0.36","95","Upupa epops","0","0","1","0"
"0.36","95","Cettia cetti","0","0","1","0"
"0.36","95","Dendrocopos major","0","0","0","1"
"0.36","95","Regulus ignicapilla","0","0","1","0"
"0.36","95","Oriolus oriolus","0","0","1","0"
"0.36","95","Emberiza calandra","0","0","1","0"
"0.36","95","Hippolais polyglotta","0","0","1","0"
"0.36","95","Picus viridis","0","0","1","0"
"0.36","95","Motacilla flava","0","0","1","0"
"0.36","95","Ptyonoprogne rupestris","0","0","1","0"
"0.36","95","Sitta europaea","0","0","1","0"
"0.36","95","Phalacrocorax carbo","0","0","1","0"
"0.36","95","Egretta garzetta","0","0","1","0"
"0.36","95","Turdus viscivorus","0","0","1","0"
"0.36","95","Fulica atra","0","0","1","0"
"0.36","95","Gallinula chloropus","0","0","1","0"
"0.36","95","Curruca melanocephala","0","0","1","0"
"0.36","95","Phylloscopus collybita","0","0","0","1"
"0.36","95","Galerida cristata","0","0","1","0"
"0.36","95","Lullula arborea","0","0","1","0"
"0.36","95","Oenanthe oenanthe","0","0","1","0"
"0.36","95","Circus aeruginosus","0","0","1","0"
"0.36","95","Turdus philomelos","1","0","0","0"
"0.36","95","Pyrrhocorax pyrrhocorax","0","0","1","0"
"0.36","95","Milvus milvus","0","0","1","0"
"0.36","95","Lophophanes cristatus","0","0","1","0"
"0.36","95","Picus sharpei","0","0","1","0"
"0.36","95","Curruca communis","0","0","1","0"
"0.36","95","Streptopelia turtur","0","0","1","0"
"0.36","95","Cisticola juncidis","0","0","1","0"
"0.36","95","Circaetus gallicus","0","0","1","0"
"0.36","95","Phoenicurus phoenicurus","0","0","1","0"
"0.36","95","Corvus monedula","0","0","1","0"
"0.36","95","Alauda arvensis","0","0","1","0"
"0.36","95","Petronia petronia","0","0","1","0"
"0.36","95","Ciconia ciconia","0","0","1","0"
"0.36","95","Hieraaetus pennatus","0","0","1","0"
"0.36","95","Sturnus unicolor","0","0","1","0"
"0.36","95","Himantopus himantopus","0","0","1","0"
"0.36","95","Prunella modularis","0","0","1","0"
"0.36","95","Curruca iberiae","0","0","1","0"
"0.36","95","Podiceps cristatus","0","0","1","0"
"0.36","95","Motacilla cinerea","0","0","1","0"
"0.36","95","Actitis hypoleucos","0","0","1","0"
"0.36","95","Lanius senator","0","0","1","0"
"0.36","95","Anthus trivialis","0","0","1","0"
"0.36","95","Bubulcus ibis","0","0","1","0"
"0.36","95","Alectoris rufa","0","0","1","0"
"0.36","95","Carduelis citrinella","0","0","1","0"
"0.36","95","Emberiza cia","0","0","1","0"
"0.36","95","Acrocephalus scirpaceus","0","0","1","0"
"0.36","95","Tachybaptus ruficollis","0","0","1","0"
"0.36","95","Chroicocephalus ridibundus","0","0","1","0"
"0.36","95","Ardea purpurea","0","0","1","0"
"0.36","95","Charadrius dubius","0","0","1","0"
"0.36","95","Saxicola rubetra","0","0","1","0"
"0.36","95","Tadorna tadorna","0","0","1","0"
"0.36","95","Muscicapa striata","0","0","1","0"
"0.36","95","Pernis apivorus","0","0","1","0"
"0.36","95","Passer montanus","0","0","1","0"
"0.36","95","Ficedula hypoleuca","0","0","1","0"
"0.36","95","Acrocephalus arundinaceus","0","0","1","0"
"0.36","95","Phylloscopus trochilus","0","0","1","0"
"0.36","95","Riparia riparia","0","0","1","0"
"0.36","95","Ardea alba","0","0","1","0"
"0.36","95","Lanius collurio","0","0","1","0"
"0.36","95","Netta rufina","0","0","1","0"
"0.36","95","Poecile palustris","0","0","1","0"
"0.36","95","Mareca strepera","0","0","1","0"
"0.36","95","Pyrrhula pyrrhula","0","0","1","0"
"0.36","95","Curruca undata","0","0","1","0"
"0.36","95","Accipiter nisus","0","0","1","0"
"0.36","95","Emberiza citrinella","0","0","1","0"
"0.36","95","Tringa glareola","0","0","1","0"
"0.36","95","Sterna hirundo","0","0","1","0"
"0.36","95","Apus melba","0","0","1","0"
"0.36","95","Recurvirostra avosetta","0","0","1","0"
"0.36","95","Falco subbuteo","0","0","1","0"
"0.36","95","Spatula clypeata","0","0","1","0"
"0.36","95","Plegadis falcinellus","0","0","1","0"
"0.36","95","Phasianus colchicus","0","0","1","0"
"0.36","95","Tringa ochropus","0","0","1","0"
"0.36","95","Circus pygargus","0","0","1","0"
"0.36","95","Alcedo atthis","0","0","1","0"
"0.36","95","Coturnix coturnix","0","0","1","0"
"0.36","95","Aythya ferina","0","0","1","0"
"0.36","95","Melanocorypha calandra","0","0","1","0"
"0.36","95","Sylvia borin","0","0","1","0"
"0.36","95","Tringa totanus","0","0","1","0"
"0.36","95","Jynx torquilla","0","0","1","0"
"0.36","95","Cinclus cinclus","0","0","1","0"
"0.36","95","Aquila chrysaetos","0","0","1","0"
"0.36","95","Tringa nebularia","0","0","1","0"
"0.36","95","Coccothraustes coccothraustes","0","0","1","0"
"0.36","95","Psittacula krameri","0","0","1","0"
"0.36","95","Pyrrhocorax graculus","0","0","1","0"
"0.36","95","Vanellus vanellus","0","0","1","0"
"0.36","95","Cygnus olor","0","0","1","0"
"0.36","95","Regulus regulus","0","0","1","0"
"0.36","95","Phoenicopterus roseus","0","0","1","0"
"0.36","95","Anthus spinoletta","0","0","1","0"
"0.36","95","Podiceps nigricollis","0","0","1","0"
"0.36","95","Loxia curvirostra","0","0","1","0"
"0.36","95","Morus bassanus","0","0","1","0"
"0.36","95","Rallus aquaticus","0","0","1","0"
"0.36","95","Anthus pratensis","0","0","1","0"
"0.36","95","Falco peregrinus","0","0","1","0"
"0.36","95","Emberiza schoeniclus","0","0","1","0"
"0.36","95","Calidris pugnax","0","0","1","0"
"0.36","95","Anthus campestris","0","0","1","0"
"0.36","95","Nycticorax nycticorax","0","0","1","0"
"0.36","95","Anas crecca","0","0","1","0"
"0.36","95","Falco naumanni","0","0","1","0"
"0.36","95","Ichthyaetus melanocephalus","0","0","1","0"
"0.36","95","Passer hispaniolensis","0","0","1","0"
"0.36","95","Galerida theklae","0","0","1","0"
"0.36","95","Burhinus oedicnemus","0","0","1","0"
"0.36","95","Cecropis daurica","0","0","1","0"
"0.36","95","Pandion haliaetus","0","0","1","0"
"0.36","95","Limosa limosa","0","0","1","0"
"0.36","95","Aegypius monachus","0","0","1","0"
"0.36","95","Columba oenas","0","0","1","0"
"0.36","95","Gelochelidon nilotica","0","0","1","0"
"0.36","95","Thalasseus sandvicensis","0","0","1","0"
"0.36","95","Spatula querquedula","0","0","1","0"
"0.36","95","Charadrius hiaticula","0","0","1","0"
"0.36","95","Monticola solitarius","0","0","1","0"
"0.36","95","Chlidonias hybrida","0","0","1","0"
"0.36","95","Calidris alpina","0","0","1","0"
"0.36","95","Dryocopus martius","0","0","1","0"
"0.36","95","Gallinago gallinago","0","0","1","0"
"0.36","95","Phylloscopus ibericus","0","0","1","0"
"0.36","95","Sternula albifrons","0","0","1","0"
"0.36","95","Spinus spinus","0","0","1","0"
"0.36","95","Ardeola ralloides","0","0","1","0"
"0.36","95","Strix aluco","0","0","1","0"
"0.36","95","Platalea leucorodia","0","0","1","0"
"0.36","95","Athene noctua","0","0","1","0"
"0.36","95","Branta canadensis","0","0","1","0"
"0.36","95","Certhia familiaris","0","0","1","0"
"0.36","95","Otus scops","0","0","1","0"
"0.36","96","Turdus merula","0","0","1","0"
"0.36","96","Hirundo rustica","0","0","1","0"
"0.36","96","Fringilla coelebs","0","0","1","0"
"0.36","96","Columba palumbus","0","0","1","0"
"0.36","96","Corvus corone","0","0","1","0"
"0.36","96","Sylvia atricapilla","0","0","1","0"
"0.36","96","Parus major","0","0","1","0"
"0.36","96","Passer domesticus","0","0","1","0"
"0.36","96","Pica pica","0","0","1","0"
"0.36","96","Apus apus","0","0","1","0"
"0.36","96","Carduelis carduelis","0","0","1","0"
"0.36","96","Erithacus rubecula","1","0","0","0"
"0.36","96","Serinus serinus","0","0","1","0"
"0.36","96","Luscinia megarhynchos","0","0","1","0"
"0.36","96","Streptopelia decaocto","0","0","1","0"
"0.36","96","Milvus migrans","0","0","1","0"
"0.36","96","Cyanistes caeruleus","0","0","1","0"
"0.36","96","Cuculus canorus","0","0","1","0"
"0.36","96","Phoenicurus ochruros","0","0","1","0"
"0.36","96","Anas platyrhynchos","0","0","1","0"
"0.36","96","Garrulus glandarius","0","0","1","0"
"0.36","96","Delichon urbicum","0","0","1","0"
"0.36","96","Chloris chloris","0","0","1","0"
"0.36","96","Motacilla alba","0","0","1","0"
"0.36","96","Troglodytes troglodytes","0","0","1","0"
"0.36","96","Gyps fulvus","0","0","1","0"
"0.36","96","Falco tinnunculus","0","0","1","0"
"0.36","96","Sturnus vulgaris","0","0","1","0"
"0.36","96","Columba livia","0","0","1","0"
"0.36","96","Buteo buteo","0","0","1","0"
"0.36","96","Emberiza cirlus","0","0","1","0"
"0.36","96","Larus michahellis","0","0","1","0"
"0.36","96","Linaria cannabina","0","0","1","0"
"0.36","96","Phylloscopus bonelli","0","0","1","0"
"0.36","96","Periparus ater","0","0","1","0"
"0.36","96","Merops apiaster","0","0","1","0"
"0.36","96","Ardea cinerea","0","0","1","0"
"0.36","96","Certhia brachydactyla","0","0","1","0"
"0.36","96","Aegithalos caudatus","0","0","1","0"
"0.36","96","Saxicola rubicola","0","0","1","0"
"0.36","96","Corvus corax","0","0","1","0"
"0.36","96","Upupa epops","0","0","1","0"
"0.36","96","Cettia cetti","0","0","1","0"
"0.36","96","Dendrocopos major","0","0","1","0"
"0.36","96","Regulus ignicapilla","0","0","0","1"
"0.36","96","Oriolus oriolus","0","0","1","0"
"0.36","96","Emberiza calandra","0","0","1","0"
"0.36","96","Hippolais polyglotta","0","0","1","0"
"0.36","96","Picus viridis","0","0","1","0"
"0.36","96","Motacilla flava","0","0","1","0"
"0.36","96","Ptyonoprogne rupestris","0","0","1","0"
"0.36","96","Sitta europaea","0","0","1","0"
"0.36","96","Phalacrocorax carbo","0","0","1","0"
"0.36","96","Egretta garzetta","0","0","1","0"
"0.36","96","Turdus viscivorus","0","0","1","0"
"0.36","96","Fulica atra","0","0","1","0"
"0.36","96","Gallinula chloropus","0","0","1","0"
"0.36","96","Curruca melanocephala","0","0","1","0"
"0.36","96","Phylloscopus collybita","0","0","1","0"
"0.36","96","Galerida cristata","0","0","1","0"
"0.36","96","Lullula arborea","0","0","1","0"
"0.36","96","Oenanthe oenanthe","0","0","1","0"
"0.36","96","Circus aeruginosus","0","0","1","0"
"0.36","96","Turdus philomelos","0","0","1","0"
"0.36","96","Pyrrhocorax pyrrhocorax","0","0","1","0"
"0.36","96","Milvus milvus","0","0","1","0"
"0.36","96","Lophophanes cristatus","0","0","1","0"
"0.36","96","Picus sharpei","0","0","1","0"
"0.36","96","Curruca communis","0","0","1","0"
"0.36","96","Streptopelia turtur","0","0","1","0"
"0.36","96","Cisticola juncidis","0","0","1","0"
"0.36","96","Circaetus gallicus","0","0","1","0"
"0.36","96","Phoenicurus phoenicurus","0","0","1","0"
"0.36","96","Corvus monedula","0","0","1","0"
"0.36","96","Alauda arvensis","0","0","1","0"
"0.36","96","Petronia petronia","0","0","1","0"
"0.36","96","Ciconia ciconia","0","0","1","0"
"0.36","96","Hieraaetus pennatus","0","0","1","0"
"0.36","96","Sturnus unicolor","0","0","1","0"
"0.36","96","Himantopus himantopus","0","0","1","0"
"0.36","96","Prunella modularis","0","0","1","0"
"0.36","96","Curruca iberiae","0","0","1","0"
"0.36","96","Podiceps cristatus","0","0","1","0"
"0.36","96","Motacilla cinerea","0","0","1","0"
"0.36","96","Actitis hypoleucos","0","0","1","0"
"0.36","96","Lanius senator","0","0","1","0"
"0.36","96","Anthus trivialis","0","0","1","0"
"0.36","96","Bubulcus ibis","0","0","1","0"
"0.36","96","Alectoris rufa","0","0","1","0"
"0.36","96","Carduelis citrinella","0","0","1","0"
"0.36","96","Emberiza cia","0","0","1","0"
"0.36","96","Acrocephalus scirpaceus","0","0","1","0"
"0.36","96","Tachybaptus ruficollis","0","0","1","0"
"0.36","96","Chroicocephalus ridibundus","0","0","1","0"
"0.36","96","Ardea purpurea","0","0","1","0"
"0.36","96","Charadrius dubius","0","0","1","0"
"0.36","96","Saxicola rubetra","0","0","1","0"
"0.36","96","Tadorna tadorna","0","0","1","0"
"0.36","96","Muscicapa striata","0","0","1","0"
"0.36","96","Pernis apivorus","0","0","1","0"
"0.36","96","Passer montanus","0","0","1","0"
"0.36","96","Ficedula hypoleuca","0","0","1","0"
"0.36","96","Acrocephalus arundinaceus","0","0","1","0"
"0.36","96","Phylloscopus trochilus","0","0","1","0"
"0.36","96","Riparia riparia","0","0","1","0"
"0.36","96","Ardea alba","0","0","1","0"
"0.36","96","Lanius collurio","0","0","1","0"
"0.36","96","Netta rufina","0","0","1","0"
"0.36","96","Poecile palustris","0","0","1","0"
"0.36","96","Mareca strepera","0","0","1","0"
"0.36","96","Pyrrhula pyrrhula","0","0","1","0"
"0.36","96","Curruca undata","0","0","1","0"
"0.36","96","Accipiter nisus","0","0","1","0"
"0.36","96","Emberiza citrinella","0","0","1","0"
"0.36","96","Tringa glareola","0","0","1","0"
"0.36","96","Sterna hirundo","0","0","1","0"
"0.36","96","Apus melba","0","0","1","0"
"0.36","96","Recurvirostra avosetta","0","0","1","0"
"0.36","96","Falco subbuteo","0","0","1","0"
"0.36","96","Spatula clypeata","0","0","1","0"
"0.36","96","Plegadis falcinellus","0","0","1","0"
"0.36","96","Phasianus colchicus","0","0","1","0"
"0.36","96","Tringa ochropus","0","0","1","0"
"0.36","96","Circus pygargus","0","0","1","0"
"0.36","96","Alcedo atthis","0","0","1","0"
"0.36","96","Coturnix coturnix","0","0","1","0"
"0.36","96","Aythya ferina","0","0","1","0"
"0.36","96","Melanocorypha calandra","0","0","1","0"
"0.36","96","Sylvia borin","0","0","1","0"
"0.36","96","Tringa totanus","0","0","1","0"
"0.36","96","Jynx torquilla","0","0","1","0"
"0.36","96","Cinclus cinclus","0","0","1","0"
"0.36","96","Aquila chrysaetos","0","0","1","0"
"0.36","96","Tringa nebularia","0","0","1","0"
"0.36","96","Coccothraustes coccothraustes","0","0","1","0"
"0.36","96","Psittacula krameri","0","0","1","0"
"0.36","96","Pyrrhocorax graculus","0","0","1","0"
"0.36","96","Vanellus vanellus","0","0","1","0"
"0.36","96","Cygnus olor","0","0","1","0"
"0.36","96","Regulus regulus","0","0","1","0"
"0.36","96","Phoenicopterus roseus","0","0","1","0"
"0.36","96","Anthus spinoletta","0","0","1","0"
"0.36","96","Podiceps nigricollis","0","0","1","0"
"0.36","96","Loxia curvirostra","0","0","1","0"
"0.36","96","Morus bassanus","0","0","1","0"
"0.36","96","Rallus aquaticus","0","0","1","0"
"0.36","96","Anthus pratensis","0","0","1","0"
"0.36","96","Falco peregrinus","0","0","1","0"
"0.36","96","Emberiza schoeniclus","0","0","1","0"
"0.36","96","Calidris pugnax","0","0","1","0"
"0.36","96","Anthus campestris","0","0","1","0"
"0.36","96","Nycticorax nycticorax","0","0","1","0"
"0.36","96","Anas crecca","0","0","1","0"
"0.36","96","Falco naumanni","0","0","1","0"
"0.36","96","Ichthyaetus melanocephalus","0","0","1","0"
"0.36","96","Passer hispaniolensis","0","0","1","0"
"0.36","96","Galerida theklae","0","0","1","0"
"0.36","96","Burhinus oedicnemus","0","0","1","0"
"0.36","96","Cecropis daurica","0","0","1","0"
"0.36","96","Pandion haliaetus","0","0","1","0"
"0.36","96","Limosa limosa","0","0","1","0"
"0.36","96","Aegypius monachus","0","0","1","0"
"0.36","96","Columba oenas","0","0","1","0"
"0.36","96","Gelochelidon nilotica","0","0","1","0"
"0.36","96","Thalasseus sandvicensis","0","0","1","0"
"0.36","96","Spatula querquedula","0","0","1","0"
"0.36","96","Charadrius hiaticula","0","0","1","0"
"0.36","96","Monticola solitarius","0","0","1","0"
"0.36","96","Chlidonias hybrida","0","0","1","0"
"0.36","96","Calidris alpina","0","0","1","0"
"0.36","96","Dryocopus martius","0","0","1","0"
"0.36","96","Gallinago gallinago","0","0","1","0"
"0.36","96","Phylloscopus ibericus","0","0","1","0"
"0.36","96","Sternula albifrons","0","0","1","0"
"0.36","96","Spinus spinus","0","0","1","0"
"0.36","96","Ardeola ralloides","0","0","1","0"
"0.36","96","Strix aluco","0","1","0","0"
"0.36","96","Platalea leucorodia","0","0","1","0"
"0.36","96","Athene noctua","0","0","1","0"
"0.36","96","Branta canadensis","0","0","1","0"
"0.36","96","Certhia familiaris","0","0","1","0"
"0.36","96","Otus scops","0","0","1","0"
"0.36","97","Turdus merula","0","0","1","0"
"0.36","97","Apus apus","0","0","1","0"
"0.36","97","Columba palumbus","0","0","1","0"
"0.36","97","Passer domesticus","0","0","1","0"
"0.36","97","Fringilla coelebs","0","0","1","0"
"0.36","97","Hirundo rustica","0","0","1","0"
"0.36","97","Corvus corone","0","0","1","0"
"0.36","97","Sylvia atricapilla","0","0","1","0"
"0.36","97","Carduelis carduelis","0","0","1","0"
"0.36","97","Delichon urbicum","0","0","1","0"
"0.36","97","Pica pica","0","0","1","0"
"0.36","97","Streptopelia decaocto","0","0","1","0"
"0.36","97","Phoenicurus ochruros","0","0","1","0"
"0.36","97","Parus major","0","0","1","0"
"0.36","97","Serinus serinus","0","0","1","0"
"0.36","97","Milvus migrans","0","0","1","0"
"0.36","97","Gyps fulvus","0","0","1","0"
"0.36","97","Motacilla alba","0","0","1","0"
"0.36","97","Erithacus rubecula","0","0","1","0"
"0.36","97","Garrulus glandarius","0","0","1","0"
"0.36","97","Cyanistes caeruleus","0","0","1","0"
"0.36","97","Buteo buteo","0","0","1","0"
"0.36","97","Columba livia","0","0","1","0"
"0.36","97","Falco tinnunculus","0","0","1","0"
"0.36","97","Chloris chloris","0","0","1","0"
"0.36","97","Emberiza cirlus","0","0","1","0"
"0.36","97","Troglodytes troglodytes","0","0","1","0"
"0.36","97","Oriolus oriolus","0","0","1","0"
"0.36","97","Periparus ater","0","0","1","0"
"0.36","97","Linaria cannabina","0","0","1","0"
"0.36","97","Ptyonoprogne rupestris","0","0","1","0"
"0.36","97","Ardea cinerea","0","0","1","0"
"0.36","97","Certhia brachydactyla","0","0","1","0"
"0.36","97","Sturnus vulgaris","0","0","1","0"
"0.36","97","Larus michahellis","0","0","1","0"
"0.36","97","Dendrocopos major","0","0","1","0"
"0.36","97","Anas platyrhynchos","0","0","1","0"
"0.36","97","Picus viridis","0","0","1","0"
"0.36","97","Merops apiaster","0","0","1","0"
"0.36","97","Phylloscopus bonelli","0","0","1","0"
"0.36","97","Saxicola rubicola","0","0","1","0"
"0.36","97","Streptopelia turtur","0","0","1","0"
"0.36","97","Sitta europaea","0","0","1","0"
"0.36","97","Hippolais polyglotta","0","0","1","0"
"0.36","97","Aegithalos caudatus","0","0","1","0"
"0.36","97","Upupa epops","0","0","1","0"
"0.36","97","Corvus corax","0","0","1","0"
"0.36","97","Phylloscopus collybita","0","0","1","0"
"0.36","97","Regulus ignicapilla","0","0","1","0"
"0.36","97","Lophophanes cristatus","0","0","1","0"
"0.36","97","Luscinia megarhynchos","1","0","0","0"
"0.36","97","Chroicocephalus ridibundus","0","0","1","0"
"0.36","97","Turdus viscivorus","0","0","1","0"
"0.36","97","Fulica atra","0","0","1","0"
"0.36","97","Turdus philomelos","0","0","1","0"
"0.36","97","Egretta garzetta","0","0","1","0"
"0.36","97","Galerida cristata","0","0","1","0"
"0.36","97","Lanius collurio","0","0","1","0"
"0.36","97","Alauda arvensis","0","0","1","0"
"0.36","97","Pyrrhocorax pyrrhocorax","0","0","1","0"
"0.36","97","Circaetus gallicus","0","0","1","0"
"0.36","97","Phalacrocorax carbo","0","0","1","0"
"0.36","97","Lullula arborea","0","0","1","0"
"0.36","97","Gallinula chloropus","0","0","1","0"
"0.36","97","Cisticola juncidis","0","0","1","0"
"0.36","97","Milvus milvus","0","0","1","0"
"0.36","97","Curruca melanocephala","0","0","1","0"
"0.36","97","Cuculus canorus","0","0","1","0"
"0.36","97","Cettia cetti","0","0","1","0"
"0.36","97","Motacilla cinerea","0","0","1","0"
"0.36","97","Hieraaetus pennatus","0","0","1","0"
"0.36","97","Emberiza calandra","0","0","1","0"
"0.36","97","Carduelis citrinella","0","0","1","0"
"0.36","97","Petronia petronia","0","0","1","0"
"0.36","97","Oenanthe oenanthe","0","0","1","0"
"0.36","97","Bubulcus ibis","0","0","1","0"
"0.36","97","Lanius senator","0","0","1","0"
"0.36","97","Ciconia ciconia","0","0","1","0"
"0.36","97","Picus sharpei","0","0","1","0"
"0.36","97","Muscicapa striata","0","0","1","0"
"0.36","97","Coturnix coturnix","1","0","0","0"
"0.36","97","Acrocephalus scirpaceus","0","0","1","0"
"0.36","97","Curruca communis","0","0","1","0"
"0.36","97","Circus aeruginosus","0","0","1","0"
"0.36","97","Pernis apivorus","0","0","1","0"
"0.36","97","Himantopus himantopus","0","0","1","0"
"0.36","97","Phoenicurus phoenicurus","0","0","1","0"
"0.36","97","Prunella modularis","0","0","1","0"
"0.36","97","Alectoris rufa","0","0","1","0"
"0.36","97","Corvus monedula","0","0","1","0"
"0.36","97","Sterna hirundo","0","0","1","0"
"0.36","97","Podiceps cristatus","0","0","1","0"
"0.36","97","Emberiza cia","0","0","1","0"
"0.36","97","Emberiza citrinella","0","0","1","0"
"0.36","97","Curruca iberiae","0","0","1","0"
"0.36","97","Passer montanus","0","0","1","0"
"0.36","97","Motacilla flava","0","0","1","0"
"0.36","97","Sturnus unicolor","0","0","1","0"
"0.36","97","Tachybaptus ruficollis","0","0","1","0"
"0.36","97","Alcedo atthis","0","0","1","0"
"0.36","97","Anthus trivialis","0","0","1","0"
"0.36","97","Ardea purpurea","0","0","1","0"
"0.36","97","Actitis hypoleucos","0","0","1","0"
"0.36","97","Charadrius dubius","0","0","1","0"
"0.36","97","Curruca undata","0","0","1","0"
"0.36","97","Pyrrhula pyrrhula","0","0","1","0"
"0.36","97","Apus melba","0","0","1","0"
"0.36","97","Tringa ochropus","0","0","1","0"
"0.36","97","Falco subbuteo","0","0","1","0"
"0.36","97","Vanellus vanellus","0","0","1","0"
"0.36","97","Recurvirostra avosetta","0","0","1","0"
"0.36","97","Sylvia borin","0","0","1","0"
"0.36","97","Riparia riparia","0","0","1","0"
"0.36","97","Anthus spinoletta","0","0","1","0"
"0.36","97","Cinclus cinclus","0","0","1","0"
"0.36","97","Anthus campestris","0","0","1","0"
"0.36","97","Tadorna tadorna","0","0","1","0"
"0.36","97","Poecile palustris","0","0","1","0"
"0.36","97","Aythya ferina","0","0","1","0"
"0.36","97","Netta rufina","0","0","1","0"
"0.36","97","Acrocephalus arundinaceus","0","0","1","0"
"0.36","97","Circus pygargus","0","0","1","0"
"0.36","97","Accipiter nisus","0","0","1","0"
"0.36","97","Aquila chrysaetos","0","0","1","0"
"0.36","97","Pyrrhocorax graculus","0","0","1","0"
"0.36","97","Galerida theklae","0","0","1","0"
"0.36","97","Nycticorax nycticorax","0","0","1","0"
"0.36","97","Ardea alba","0","0","1","0"
"0.36","97","Burhinus oedicnemus","0","0","1","0"
"0.36","97","Loxia curvirostra","0","0","1","0"
"0.36","97","Sternula albifrons","0","0","1","0"
"0.36","97","Cygnus olor","0","0","1","0"
"0.36","97","Phoenicopterus roseus","0","0","1","0"
"0.36","97","Coccothraustes coccothraustes","0","0","1","0"
"0.36","97","Columba oenas","0","0","1","0"
"0.36","97","Emberiza schoeniclus","0","0","1","0"
"0.36","97","Rallus aquaticus","0","0","1","0"
"0.36","97","Plegadis falcinellus","0","0","1","0"
"0.36","97","Strix aluco","0","0","1","0"
"0.36","97","Mareca strepera","0","0","1","0"
"0.36","97","Lanius meridionalis","0","0","1","0"
"0.36","97","Cecropis daurica","0","0","1","0"
"0.36","97","Ichthyaetus melanocephalus","0","0","1","0"
"0.36","97","Platalea leucorodia","0","0","1","0"
"0.36","97","Melanocorypha calandra","0","0","1","0"
"0.36","97","Tringa totanus","0","0","1","0"
"0.36","97","Ficedula hypoleuca","0","0","1","0"
"0.36","97","Saxicola rubetra","0","0","1","0"
"0.36","97","Athene noctua","0","0","1","0"
"0.36","97","Coracias garrulus","0","0","1","0"
"0.36","97","Thalasseus sandvicensis","0","0","1","0"
"0.36","97","Regulus regulus","0","0","1","0"
"0.36","97","Spatula clypeata","0","0","1","0"
"0.36","97","Falco naumanni","0","0","1","0"
"0.36","97","Podiceps nigricollis","0","0","1","0"
"0.36","97","Chlidonias niger","0","0","1","0"
"0.36","97","Passer hispaniolensis","0","0","1","0"
"0.36","97","Phasianus colchicus","0","0","1","0"
"0.36","97","Charadrius hiaticula","0","0","1","0"
"0.36","97","Tyto alba","0","0","1","0"
"0.36","97","Limosa limosa","0","0","1","0"
"0.36","97","Spinus spinus","0","0","1","0"
"0.36","97","Psittacula krameri","0","0","1","0"
"0.36","97","Charadrius alexandrinus","0","0","1","0"
"0.36","97","Pandion haliaetus","0","0","1","0"
"0.36","97","Numenius arquata","0","0","1","0"
"0.36","97","Larus fuscus","0","0","1","0"
"0.36","97","Phylloscopus trochilus","0","0","1","0"
"0.36","97","Otus scops","0","0","1","0"
"0.36","97","Jynx torquilla","0","0","1","0"
"0.36","98","Turdus merula","0","0","0","1"
"0.36","98","Apus apus","0","0","1","0"
"0.36","98","Columba palumbus","0","0","0","1"
"0.36","98","Passer domesticus","0","0","1","0"
"0.36","98","Fringilla coelebs","0","0","1","0"
"0.36","98","Hirundo rustica","0","0","1","0"
"0.36","98","Corvus corone","0","0","1","0"
"0.36","98","Sylvia atricapilla","1","0","0","0"
"0.36","98","Carduelis carduelis","0","0","1","0"
"0.36","98","Delichon urbicum","0","0","1","0"
"0.36","98","Pica pica","0","0","0","1"
"0.36","98","Streptopelia decaocto","0","0","0","1"
"0.36","98","Phoenicurus ochruros","0","0","1","0"
"0.36","98","Parus major","0","0","1","0"
"0.36","98","Serinus serinus","0","0","1","0"
"0.36","98","Milvus migrans","0","0","1","0"
"0.36","98","Gyps fulvus","0","0","1","0"
"0.36","98","Motacilla alba","0","0","1","0"
"0.36","98","Erithacus rubecula","0","0","1","0"
"0.36","98","Garrulus glandarius","0","0","1","0"
"0.36","98","Cyanistes caeruleus","0","0","0","1"
"0.36","98","Buteo buteo","0","0","1","0"
"0.36","98","Columba livia","0","0","1","0"
"0.36","98","Falco tinnunculus","0","0","1","0"
"0.36","98","Chloris chloris","0","0","1","0"
"0.36","98","Emberiza cirlus","1","0","0","0"
"0.36","98","Troglodytes troglodytes","0","0","1","0"
"0.36","98","Oriolus oriolus","0","0","1","0"
"0.36","98","Periparus ater","0","0","1","0"
"0.36","98","Linaria cannabina","0","0","1","0"
"0.36","98","Ptyonoprogne rupestris","0","0","1","0"
"0.36","98","Ardea cinerea","0","0","1","0"
"0.36","98","Certhia brachydactyla","0","0","1","0"
"0.36","98","Sturnus vulgaris","0","0","1","0"
"0.36","98","Larus michahellis","0","0","1","0"
"0.36","98","Dendrocopos major","0","0","1","0"
"0.36","98","Anas platyrhynchos","0","0","1","0"
"0.36","98","Picus viridis","0","0","1","0"
"0.36","98","Merops apiaster","0","0","1","0"
"0.36","98","Phylloscopus bonelli","0","0","1","0"
"0.36","98","Saxicola rubicola","0","0","1","0"
"0.36","98","Streptopelia turtur","0","0","1","0"
"0.36","98","Sitta europaea","0","0","1","0"
"0.36","98","Hippolais polyglotta","0","1","0","0"
"0.36","98","Aegithalos caudatus","0","0","1","0"
"0.36","98","Upupa epops","0","0","1","0"
"0.36","98","Corvus corax","0","0","1","0"
"0.36","98","Phylloscopus collybita","1","0","0","0"
"0.36","98","Regulus ignicapilla","0","0","1","0"
"0.36","98","Lophophanes cristatus","0","0","1","0"
"0.36","98","Luscinia megarhynchos","0","0","1","0"
"0.36","98","Chroicocephalus ridibundus","0","0","1","0"
"0.36","98","Turdus viscivorus","0","0","1","0"
"0.36","98","Fulica atra","0","0","1","0"
"0.36","98","Turdus philomelos","0","0","1","0"
"0.36","98","Egretta garzetta","0","0","1","0"
"0.36","98","Galerida cristata","0","0","1","0"
"0.36","98","Lanius collurio","0","0","1","0"
"0.36","98","Alauda arvensis","0","0","1","0"
"0.36","98","Pyrrhocorax pyrrhocorax","0","0","1","0"
"0.36","98","Circaetus gallicus","0","0","1","0"
"0.36","98","Phalacrocorax carbo","0","0","1","0"
"0.36","98","Lullula arborea","0","0","1","0"
"0.36","98","Gallinula chloropus","0","0","1","0"
"0.36","98","Cisticola juncidis","0","0","1","0"
"0.36","98","Milvus milvus","0","0","1","0"
"0.36","98","Curruca melanocephala","0","0","1","0"
"0.36","98","Cuculus canorus","0","0","1","0"
"0.36","98","Cettia cetti","0","0","1","0"
"0.36","98","Motacilla cinerea","0","0","1","0"
"0.36","98","Hieraaetus pennatus","0","0","1","0"
"0.36","98","Emberiza calandra","0","0","1","0"
"0.36","98","Carduelis citrinella","0","0","1","0"
"0.36","98","Petronia petronia","0","0","1","0"
"0.36","98","Oenanthe oenanthe","0","0","1","0"
"0.36","98","Bubulcus ibis","0","0","1","0"
"0.36","98","Lanius senator","0","0","1","0"
"0.36","98","Ciconia ciconia","0","0","1","0"
"0.36","98","Picus sharpei","0","0","1","0"
"0.36","98","Muscicapa striata","0","0","1","0"
"0.36","98","Coturnix coturnix","0","0","0","1"
"0.36","98","Acrocephalus scirpaceus","0","0","1","0"
"0.36","98","Curruca communis","1","0","0","0"
"0.36","98","Circus aeruginosus","0","0","1","0"
"0.36","98","Pernis apivorus","0","0","1","0"
"0.36","98","Himantopus himantopus","0","0","1","0"
"0.36","98","Phoenicurus phoenicurus","0","0","1","0"
"0.36","98","Prunella modularis","0","0","1","0"
"0.36","98","Alectoris rufa","0","0","1","0"
"0.36","98","Corvus monedula","0","0","1","0"
"0.36","98","Sterna hirundo","0","0","1","0"
"0.36","98","Podiceps cristatus","0","0","1","0"
"0.36","98","Emberiza cia","0","0","1","0"
"0.36","98","Emberiza citrinella","0","0","1","0"
"0.36","98","Curruca iberiae","0","0","1","0"
"0.36","98","Passer montanus","0","0","1","0"
"0.36","98","Motacilla flava","0","0","1","0"
"0.36","98","Sturnus unicolor","0","0","1","0"
"0.36","98","Tachybaptus ruficollis","0","0","1","0"
"0.36","98","Alcedo atthis","0","0","1","0"
"0.36","98","Anthus trivialis","1","0","0","0"
"0.36","98","Ardea purpurea","0","0","1","0"
"0.36","98","Actitis hypoleucos","0","0","1","0"
"0.36","98","Charadrius dubius","0","0","1","0"
"0.36","98","Curruca undata","0","0","1","0"
"0.36","98","Pyrrhula pyrrhula","0","0","1","0"
"0.36","98","Apus melba","0","0","1","0"
"0.36","98","Tringa ochropus","0","0","1","0"
"0.36","98","Falco subbuteo","0","0","1","0"
"0.36","98","Vanellus vanellus","0","0","1","0"
"0.36","98","Recurvirostra avosetta","0","0","1","0"
"0.36","98","Sylvia borin","0","0","1","0"
"0.36","98","Riparia riparia","0","0","1","0"
"0.36","98","Anthus spinoletta","0","0","1","0"
"0.36","98","Cinclus cinclus","0","0","1","0"
"0.36","98","Anthus campestris","0","0","1","0"
"0.36","98","Tadorna tadorna","0","0","1","0"
"0.36","98","Poecile palustris","0","0","1","0"
"0.36","98","Aythya ferina","0","0","1","0"
"0.36","98","Netta rufina","0","0","1","0"
"0.36","98","Acrocephalus arundinaceus","0","0","1","0"
"0.36","98","Circus pygargus","0","0","1","0"
"0.36","98","Accipiter nisus","0","0","1","0"
"0.36","98","Aquila chrysaetos","0","0","1","0"
"0.36","98","Pyrrhocorax graculus","0","0","1","0"
"0.36","98","Galerida theklae","0","0","1","0"
"0.36","98","Nycticorax nycticorax","0","0","1","0"
"0.36","98","Ardea alba","0","0","1","0"
"0.36","98","Burhinus oedicnemus","0","0","1","0"
"0.36","98","Loxia curvirostra","0","0","1","0"
"0.36","98","Sternula albifrons","0","0","1","0"
"0.36","98","Cygnus olor","0","0","1","0"
"0.36","98","Phoenicopterus roseus","0","0","1","0"
"0.36","98","Coccothraustes coccothraustes","0","0","1","0"
"0.36","98","Columba oenas","0","0","1","0"
"0.36","98","Emberiza schoeniclus","0","0","1","0"
"0.36","98","Rallus aquaticus","0","0","1","0"
"0.36","98","Plegadis falcinellus","0","0","1","0"
"0.36","98","Strix aluco","0","0","1","0"
"0.36","98","Mareca strepera","0","0","1","0"
"0.36","98","Lanius meridionalis","0","0","1","0"
"0.36","98","Cecropis daurica","0","0","1","0"
"0.36","98","Ichthyaetus melanocephalus","0","0","1","0"
"0.36","98","Platalea leucorodia","0","0","1","0"
"0.36","98","Melanocorypha calandra","0","0","1","0"
"0.36","98","Tringa totanus","0","0","1","0"
"0.36","98","Ficedula hypoleuca","0","0","1","0"
"0.36","98","Saxicola rubetra","0","0","1","0"
"0.36","98","Athene noctua","0","0","1","0"
"0.36","98","Coracias garrulus","0","0","1","0"
"0.36","98","Thalasseus sandvicensis","0","0","1","0"
"0.36","98","Regulus regulus","0","0","1","0"
"0.36","98","Spatula clypeata","0","0","1","0"
"0.36","98","Falco naumanni","0","0","1","0"
"0.36","98","Podiceps nigricollis","0","0","1","0"
"0.36","98","Chlidonias niger","0","0","1","0"
"0.36","98","Passer hispaniolensis","0","0","1","0"
"0.36","98","Phasianus colchicus","0","0","0","1"
"0.36","98","Charadrius hiaticula","0","0","1","0"
"0.36","98","Tyto alba","0","0","1","0"
"0.36","98","Limosa limosa","0","0","1","0"
"0.36","98","Spinus spinus","0","0","1","0"
"0.36","98","Psittacula krameri","0","0","1","0"
"0.36","98","Charadrius alexandrinus","0","0","1","0"
"0.36","98","Pandion haliaetus","0","0","1","0"
"0.36","98","Numenius arquata","0","0","1","0"
"0.36","98","Larus fuscus","0","0","1","0"
"0.36","98","Phylloscopus trochilus","0","0","1","0"
"0.36","98","Otus scops","0","0","1","0"
"0.36","98","Jynx torquilla","0","0","1","0"
"0.36","99","Turdus merula","0","0","1","0"
"0.36","99","Apus apus","0","0","1","0"
"0.36","99","Columba palumbus","0","0","1","0"
"0.36","99","Passer domesticus","0","0","1","0"
"0.36","99","Fringilla coelebs","0","0","1","0"
"0.36","99","Hirundo rustica","0","0","1","0"
"0.36","99","Corvus corone","0","0","1","0"
"0.36","99","Sylvia atricapilla","0","0","0","1"
"0.36","99","Carduelis carduelis","0","0","1","0"
"0.36","99","Delichon urbicum","0","0","1","0"
"0.36","99","Pica pica","0","0","1","0"
"0.36","99","Streptopelia decaocto","0","0","1","0"
"0.36","99","Phoenicurus ochruros","0","0","1","0"
"0.36","99","Parus major","0","0","0","1"
"0.36","99","Serinus serinus","0","0","1","0"
"0.36","99","Milvus migrans","0","0","1","0"
"0.36","99","Gyps fulvus","0","0","1","0"
"0.36","99","Motacilla alba","0","0","1","0"
"0.36","99","Erithacus rubecula","0","0","1","0"
"0.36","99","Garrulus glandarius","0","0","1","0"
"0.36","99","Cyanistes caeruleus","0","0","1","0"
"0.36","99","Buteo buteo","0","0","1","0"
"0.36","99","Columba livia","0","0","1","0"
"0.36","99","Falco tinnunculus","0","0","1","0"
"0.36","99","Chloris chloris","0","0","1","0"
"0.36","99","Emberiza cirlus","0","0","1","0"
"0.36","99","Troglodytes troglodytes","0","0","1","0"
"0.36","99","Oriolus oriolus","0","0","1","0"
"0.36","99","Periparus ater","0","0","1","0"
"0.36","99","Linaria cannabina","0","0","1","0"
"0.36","99","Ptyonoprogne rupestris","0","0","1","0"
"0.36","99","Ardea cinerea","0","0","1","0"
"0.36","99","Certhia brachydactyla","0","0","1","0"
"0.36","99","Sturnus vulgaris","0","0","1","0"
"0.36","99","Larus michahellis","0","0","1","0"
"0.36","99","Dendrocopos major","0","0","1","0"
"0.36","99","Anas platyrhynchos","0","0","1","0"
"0.36","99","Picus viridis","0","0","1","0"
"0.36","99","Merops apiaster","0","0","1","0"
"0.36","99","Phylloscopus bonelli","0","0","1","0"
"0.36","99","Saxicola rubicola","0","0","1","0"
"0.36","99","Streptopelia turtur","0","0","1","0"
"0.36","99","Sitta europaea","0","0","1","0"
"0.36","99","Hippolais polyglotta","0","0","1","0"
"0.36","99","Aegithalos caudatus","0","0","1","0"
"0.36","99","Upupa epops","0","0","1","0"
"0.36","99","Corvus corax","0","0","1","0"
"0.36","99","Phylloscopus collybita","1","0","0","0"
"0.36","99","Regulus ignicapilla","0","0","1","0"
"0.36","99","Lophophanes cristatus","0","0","1","0"
"0.36","99","Luscinia megarhynchos","0","0","1","0"
"0.36","99","Chroicocephalus ridibundus","0","0","1","0"
"0.36","99","Turdus viscivorus","0","0","1","0"
"0.36","99","Fulica atra","0","0","1","0"
"0.36","99","Turdus philomelos","0","0","1","0"
"0.36","99","Egretta garzetta","0","0","1","0"
"0.36","99","Galerida cristata","0","0","1","0"
"0.36","99","Lanius collurio","0","0","1","0"
"0.36","99","Alauda arvensis","0","0","1","0"
"0.36","99","Pyrrhocorax pyrrhocorax","0","0","1","0"
"0.36","99","Circaetus gallicus","0","0","1","0"
"0.36","99","Phalacrocorax carbo","0","0","1","0"
"0.36","99","Lullula arborea","0","0","1","0"
"0.36","99","Gallinula chloropus","0","0","1","0"
"0.36","99","Cisticola juncidis","0","0","1","0"
"0.36","99","Milvus milvus","0","0","1","0"
"0.36","99","Curruca melanocephala","0","0","1","0"
"0.36","99","Cuculus canorus","0","0","1","0"
"0.36","99","Cettia cetti","0","0","1","0"
"0.36","99","Motacilla cinerea","0","0","1","0"
"0.36","99","Hieraaetus pennatus","0","0","1","0"
"0.36","99","Emberiza calandra","0","0","1","0"
"0.36","99","Carduelis citrinella","0","0","1","0"
"0.36","99","Petronia petronia","0","0","1","0"
"0.36","99","Oenanthe oenanthe","0","0","1","0"
"0.36","99","Bubulcus ibis","0","0","1","0"
"0.36","99","Lanius senator","0","0","1","0"
"0.36","99","Ciconia ciconia","0","0","1","0"
"0.36","99","Picus sharpei","0","0","1","0"
"0.36","99","Muscicapa striata","0","0","1","0"
"0.36","99","Coturnix coturnix","0","0","1","0"
"0.36","99","Acrocephalus scirpaceus","0","0","1","0"
"0.36","99","Curruca communis","0","0","1","0"
"0.36","99","Circus aeruginosus","0","0","1","0"
"0.36","99","Pernis apivorus","0","0","1","0"
"0.36","99","Himantopus himantopus","0","0","1","0"
"0.36","99","Phoenicurus phoenicurus","0","0","1","0"
"0.36","99","Prunella modularis","0","0","1","0"
"0.36","99","Alectoris rufa","0","0","1","0"
"0.36","99","Corvus monedula","0","0","1","0"
"0.36","99","Sterna hirundo","0","0","1","0"
"0.36","99","Podiceps cristatus","0","0","1","0"
"0.36","99","Emberiza cia","0","0","1","0"
"0.36","99","Emberiza citrinella","0","0","1","0"
"0.36","99","Curruca iberiae","0","0","1","0"
"0.36","99","Passer montanus","0","0","1","0"
"0.36","99","Motacilla flava","0","0","1","0"
"0.36","99","Sturnus unicolor","0","0","1","0"
"0.36","99","Tachybaptus ruficollis","0","0","1","0"
"0.36","99","Alcedo atthis","0","0","1","0"
"0.36","99","Anthus trivialis","1","0","0","0"
"0.36","99","Ardea purpurea","0","0","1","0"
"0.36","99","Actitis hypoleucos","0","0","1","0"
"0.36","99","Charadrius dubius","0","0","1","0"
"0.36","99","Curruca undata","0","0","1","0"
"0.36","99","Pyrrhula pyrrhula","0","0","1","0"
"0.36","99","Apus melba","0","0","1","0"
"0.36","99","Tringa ochropus","0","0","1","0"
"0.36","99","Falco subbuteo","0","0","1","0"
"0.36","99","Vanellus vanellus","0","0","1","0"
"0.36","99","Recurvirostra avosetta","0","0","1","0"
"0.36","99","Sylvia borin","0","0","1","0"
"0.36","99","Riparia riparia","0","0","1","0"
"0.36","99","Anthus spinoletta","0","0","1","0"
"0.36","99","Cinclus cinclus","0","0","1","0"
"0.36","99","Anthus campestris","0","0","1","0"
"0.36","99","Tadorna tadorna","0","0","1","0"
"0.36","99","Poecile palustris","0","0","1","0"
"0.36","99","Aythya ferina","0","0","1","0"
"0.36","99","Netta rufina","0","0","1","0"
"0.36","99","Acrocephalus arundinaceus","0","0","1","0"
"0.36","99","Circus pygargus","0","0","1","0"
"0.36","99","Accipiter nisus","0","0","1","0"
"0.36","99","Aquila chrysaetos","0","0","1","0"
"0.36","99","Pyrrhocorax graculus","0","0","1","0"
"0.36","99","Galerida theklae","0","0","1","0"
"0.36","99","Nycticorax nycticorax","0","0","1","0"
"0.36","99","Ardea alba","0","0","1","0"
"0.36","99","Burhinus oedicnemus","0","0","1","0"
"0.36","99","Loxia curvirostra","0","0","1","0"
"0.36","99","Sternula albifrons","0","0","1","0"
"0.36","99","Cygnus olor","0","0","1","0"
"0.36","99","Phoenicopterus roseus","0","0","1","0"
"0.36","99","Coccothraustes coccothraustes","0","0","1","0"
"0.36","99","Columba oenas","0","0","1","0"
"0.36","99","Emberiza schoeniclus","0","0","1","0"
"0.36","99","Rallus aquaticus","0","0","1","0"
"0.36","99","Plegadis falcinellus","0","0","1","0"
"0.36","99","Strix aluco","0","0","1","0"
"0.36","99","Mareca strepera","0","0","1","0"
"0.36","99","Lanius meridionalis","0","0","1","0"
"0.36","99","Cecropis daurica","0","0","1","0"
"0.36","99","Ichthyaetus melanocephalus","0","0","1","0"
"0.36","99","Platalea leucorodia","0","0","1","0"
"0.36","99","Melanocorypha calandra","0","0","1","0"
"0.36","99","Tringa totanus","0","0","1","0"
"0.36","99","Ficedula hypoleuca","0","0","1","0"
"0.36","99","Saxicola rubetra","0","0","1","0"
"0.36","99","Athene noctua","0","0","1","0"
"0.36","99","Coracias garrulus","0","0","1","0"
"0.36","99","Thalasseus sandvicensis","0","0","1","0"
"0.36","99","Regulus regulus","0","0","1","0"
"0.36","99","Spatula clypeata","0","0","1","0"
"0.36","99","Falco naumanni","0","0","1","0"
"0.36","99","Podiceps nigricollis","0","0","1","0"
"0.36","99","Chlidonias niger","0","0","1","0"
"0.36","99","Passer hispaniolensis","0","0","1","0"
"0.36","99","Phasianus colchicus","0","0","1","0"
"0.36","99","Charadrius hiaticula","0","0","1","0"
"0.36","99","Tyto alba","0","0","1","0"
"0.36","99","Limosa limosa","0","0","1","0"
"0.36","99","Spinus spinus","0","0","1","0"
"0.36","99","Psittacula krameri","0","0","1","0"
"0.36","99","Charadrius alexandrinus","0","0","1","0"
"0.36","99","Pandion haliaetus","0","0","1","0"
"0.36","99","Numenius arquata","0","0","1","0"
"0.36","99","Larus fuscus","0","0","1","0"
"0.36","99","Phylloscopus trochilus","0","0","1","0"
"0.36","99","Otus scops","0","0","1","0"
"0.36","99","Jynx torquilla","0","0","1","0"
"0.36","100","Turdus merula","0","0","1","0"
"0.36","100","Apus apus","0","0","1","0"
"0.36","100","Columba palumbus","0","0","1","0"
"0.36","100","Passer domesticus","0","0","1","0"
"0.36","100","Fringilla coelebs","0","0","1","0"
"0.36","100","Hirundo rustica","0","0","1","0"
"0.36","100","Corvus corone","0","0","1","0"
"0.36","100","Sylvia atricapilla","0","0","1","0"
"0.36","100","Carduelis carduelis","0","0","1","0"
"0.36","100","Delichon urbicum","0","0","1","0"
"0.36","100","Pica pica","0","0","1","0"
"0.36","100","Streptopelia decaocto","0","0","1","0"
"0.36","100","Phoenicurus ochruros","0","0","1","0"
"0.36","100","Parus major","0","0","1","0"
"0.36","100","Serinus serinus","0","0","1","0"
"0.36","100","Milvus migrans","0","0","1","0"
"0.36","100","Motacilla alba","0","0","1","0"
"0.36","100","Gyps fulvus","0","0","1","0"
"0.36","100","Erithacus rubecula","0","0","1","0"
"0.36","100","Garrulus glandarius","0","0","1","0"
"0.36","100","Cyanistes caeruleus","0","0","1","0"
"0.36","100","Buteo buteo","0","0","1","0"
"0.36","100","Columba livia","0","0","1","0"
"0.36","100","Falco tinnunculus","0","0","1","0"
"0.36","100","Chloris chloris","0","0","1","0"
"0.36","100","Emberiza cirlus","0","0","1","0"
"0.36","100","Troglodytes troglodytes","0","0","1","0"
"0.36","100","Oriolus oriolus","0","0","1","0"
"0.36","100","Periparus ater","0","0","1","0"
"0.36","100","Linaria cannabina","0","0","1","0"
"0.36","100","Ptyonoprogne rupestris","0","0","1","0"
"0.36","100","Ardea cinerea","0","0","1","0"
"0.36","100","Certhia brachydactyla","0","0","1","0"
"0.36","100","Larus michahellis","0","0","1","0"
"0.36","100","Sturnus vulgaris","0","0","1","0"
"0.36","100","Dendrocopos major","0","0","1","0"
"0.36","100","Picus viridis","0","0","1","0"
"0.36","100","Anas platyrhynchos","0","0","1","0"
"0.36","100","Merops apiaster","0","0","1","0"
"0.36","100","Phylloscopus bonelli","0","0","1","0"
"0.36","100","Saxicola rubicola","0","0","1","0"
"0.36","100","Streptopelia turtur","0","0","1","0"
"0.36","100","Sitta europaea","0","0","1","0"
"0.36","100","Hippolais polyglotta","0","0","1","0"
"0.36","100","Aegithalos caudatus","0","0","1","0"
"0.36","100","Upupa epops","0","0","1","0"
"0.36","100","Corvus corax","0","0","1","0"
"0.36","100","Phylloscopus collybita","0","0","1","0"
"0.36","100","Regulus ignicapilla","0","0","1","0"
"0.36","100","Lophophanes cristatus","0","0","1","0"
"0.36","100","Luscinia megarhynchos","0","0","1","0"
"0.36","100","Chroicocephalus ridibundus","0","0","1","0"
"0.36","100","Fulica atra","0","0","1","0"
"0.36","100","Turdus viscivorus","0","0","1","0"
"0.36","100","Turdus philomelos","0","0","1","0"
"0.36","100","Egretta garzetta","0","0","1","0"
"0.36","100","Galerida cristata","0","0","1","0"
"0.36","100","Lanius collurio","0","0","1","0"
"0.36","100","Alauda arvensis","0","0","1","0"
"0.36","100","Pyrrhocorax pyrrhocorax","0","0","1","0"
"0.36","100","Circaetus gallicus","0","0","1","0"
"0.36","100","Phalacrocorax carbo","0","0","1","0"
"0.36","100","Lullula arborea","0","0","1","0"
"0.36","100","Gallinula chloropus","0","0","1","0"
"0.36","100","Cisticola juncidis","0","0","1","0"
"0.36","100","Curruca melanocephala","0","0","1","0"
"0.36","100","Milvus milvus","0","0","1","0"
"0.36","100","Cuculus canorus","0","0","1","0"
"0.36","100","Cettia cetti","0","0","1","0"
"0.36","100","Motacilla cinerea","0","0","1","0"
"0.36","100","Hieraaetus pennatus","0","0","1","0"
"0.36","100","Emberiza calandra","0","0","1","0"
"0.36","100","Carduelis citrinella","0","0","1","0"
"0.36","100","Petronia petronia","0","0","1","0"
"0.36","100","Oenanthe oenanthe","0","0","1","0"
"0.36","100","Bubulcus ibis","0","0","1","0"
"0.36","100","Lanius senator","0","0","1","0"
"0.36","100","Ciconia ciconia","0","0","1","0"
"0.36","100","Picus sharpei","0","0","1","0"
"0.36","100","Muscicapa striata","0","0","1","0"
"0.36","100","Coturnix coturnix","0","0","1","0"
"0.36","100","Acrocephalus scirpaceus","0","0","1","0"
"0.36","100","Curruca communis","0","0","1","0"
"0.36","100","Pernis apivorus","0","0","1","0"
"0.36","100","Himantopus himantopus","0","0","1","0"
"0.36","100","Circus aeruginosus","0","0","1","0"
"0.36","100","Phoenicurus phoenicurus","0","0","1","0"
"0.36","100","Prunella modularis","0","0","1","0"
"0.36","100","Corvus monedula","0","0","1","0"
"0.36","100","Alectoris rufa","0","0","1","0"
"0.36","100","Sterna hirundo","0","0","1","0"
"0.36","100","Podiceps cristatus","0","0","1","0"
"0.36","100","Emberiza citrinella","0","0","1","0"
"0.36","100","Emberiza cia","0","0","1","0"
"0.36","100","Curruca iberiae","0","0","1","0"
"0.36","100","Passer montanus","0","0","1","0"
"0.36","100","Motacilla flava","0","0","1","0"
"0.36","100","Tachybaptus ruficollis","0","0","1","0"
"0.36","100","Sturnus unicolor","0","0","1","0"
"0.36","100","Alcedo atthis","0","0","1","0"
"0.36","100","Anthus trivialis","0","0","1","0"
"0.36","100","Ardea purpurea","0","0","1","0"
"0.36","100","Actitis hypoleucos","0","0","1","0"
"0.36","100","Charadrius dubius","0","0","1","0"
"0.36","100","Pyrrhula pyrrhula","0","0","1","0"
"0.36","100","Apus melba","0","0","1","0"
"0.36","100","Curruca undata","0","0","1","0"
"0.36","100","Tringa ochropus","0","0","1","0"
"0.36","100","Falco subbuteo","0","0","1","0"
"0.36","100","Recurvirostra avosetta","0","0","1","0"
"0.36","100","Sylvia borin","0","0","1","0"
"0.36","100","Vanellus vanellus","0","0","1","0"
"0.36","100","Anthus spinoletta","0","0","1","0"
"0.36","100","Riparia riparia","0","0","1","0"
"0.36","100","Cinclus cinclus","0","0","1","0"
"0.36","100","Anthus campestris","0","0","1","0"
"0.36","100","Tadorna tadorna","0","0","1","0"
"0.36","100","Poecile palustris","0","0","1","0"
"0.36","100","Aythya ferina","0","0","1","0"
"0.36","100","Netta rufina","0","0","1","0"
"0.36","100","Acrocephalus arundinaceus","0","0","1","0"
"0.36","100","Circus pygargus","0","0","1","0"
"0.36","100","Accipiter nisus","0","0","1","0"
"0.36","100","Aquila chrysaetos","0","0","1","0"
"0.36","100","Pyrrhocorax graculus","0","0","1","0"
"0.36","100","Nycticorax nycticorax","0","0","1","0"
"0.36","100","Galerida theklae","0","0","1","0"
"0.36","100","Ardea alba","0","0","1","0"
"0.36","100","Burhinus oedicnemus","0","0","1","0"
"0.36","100","Loxia curvirostra","0","0","1","0"
"0.36","100","Sternula albifrons","0","0","1","0"
"0.36","100","Cygnus olor","0","0","1","0"
"0.36","100","Phoenicopterus roseus","0","0","1","0"
"0.36","100","Coccothraustes coccothraustes","0","0","1","0"
"0.36","100","Columba oenas","0","0","1","0"
"0.36","100","Emberiza schoeniclus","0","0","1","0"
"0.36","100","Rallus aquaticus","0","0","1","0"
"0.36","100","Plegadis falcinellus","0","0","1","0"
"0.36","100","Strix aluco","0","0","1","0"
"0.36","100","Mareca strepera","0","0","1","0"
"0.36","100","Lanius meridionalis","0","0","1","0"
"0.36","100","Cecropis daurica","0","0","1","0"
"0.36","100","Ichthyaetus melanocephalus","0","0","1","0"
"0.36","100","Platalea leucorodia","0","0","1","0"
"0.36","100","Melanocorypha calandra","0","0","1","0"
"0.36","100","Tringa totanus","0","0","1","0"
"0.36","100","Ficedula hypoleuca","0","0","1","0"
"0.36","100","Saxicola rubetra","0","0","1","0"
"0.36","100","Athene noctua","0","0","1","0"
"0.36","100","Coracias garrulus","0","0","1","0"
"0.36","100","Thalasseus sandvicensis","0","0","1","0"
"0.36","100","Regulus regulus","0","0","1","0"
"0.36","100","Spatula clypeata","0","0","1","0"
"0.36","100","Falco naumanni","0","0","1","0"
"0.36","100","Podiceps nigricollis","0","0","1","0"
"0.36","100","Chlidonias niger","0","0","1","0"
"0.36","100","Phasianus colchicus","0","0","1","0"
"0.36","100","Passer hispaniolensis","0","0","1","0"
"0.36","100","Charadrius hiaticula","0","0","1","0"
"0.36","100","Tyto alba","0","0","1","0"
"0.36","100","Limosa limosa","0","0","1","0"
"0.36","100","Psittacula krameri","0","0","1","0"
"0.36","100","Spinus spinus","0","0","1","0"
"0.36","100","Charadrius alexandrinus","0","0","1","0"
"0.36","100","Numenius arquata","0","0","1","0"
"0.36","100","Pandion haliaetus","0","0","1","0"
"0.36","100","Larus fuscus","0","0","1","0"
"0.36","100","Phylloscopus trochilus","0","0","1","0"
"0.36","100","Otus scops","0","0","1","0"
"0.36","100","Jynx torquilla","0","0","1","0"
"0.36","101","Turdus merula","0","0","0","1"
"0.36","101","Apus apus","0","0","1","0"
"0.36","101","Columba palumbus","0","0","0","1"
"0.36","101","Passer domesticus","0","0","1","0"
"0.36","101","Fringilla coelebs","0","0","1","0"
"0.36","101","Hirundo rustica","0","0","1","0"
"0.36","101","Corvus corone","0","0","0","1"
"0.36","101","Sylvia atricapilla","0","0","0","1"
"0.36","101","Carduelis carduelis","0","0","1","0"
"0.36","101","Delichon urbicum","0","0","1","0"
"0.36","101","Pica pica","0","0","1","0"
"0.36","101","Streptopelia decaocto","0","0","1","0"
"0.36","101","Phoenicurus ochruros","0","0","1","0"
"0.36","101","Parus major","0","0","1","0"
"0.36","101","Serinus serinus","0","0","1","0"
"0.36","101","Milvus migrans","0","0","1","0"
"0.36","101","Motacilla alba","0","0","1","0"
"0.36","101","Gyps fulvus","0","0","1","0"
"0.36","101","Erithacus rubecula","0","0","1","0"
"0.36","101","Garrulus glandarius","0","0","1","0"
"0.36","101","Cyanistes caeruleus","0","0","1","0"
"0.36","101","Buteo buteo","0","0","1","0"
"0.36","101","Columba livia","0","0","1","0"
"0.36","101","Falco tinnunculus","0","0","1","0"
"0.36","101","Chloris chloris","0","0","1","0"
"0.36","101","Emberiza cirlus","0","0","0","1"
"0.36","101","Troglodytes troglodytes","0","0","1","0"
"0.36","101","Oriolus oriolus","0","0","1","0"
"0.36","101","Periparus ater","0","0","1","0"
"0.36","101","Linaria cannabina","0","0","1","0"
"0.36","101","Ptyonoprogne rupestris","0","0","1","0"
"0.36","101","Ardea cinerea","0","0","1","0"
"0.36","101","Certhia brachydactyla","0","0","0","1"
"0.36","101","Larus michahellis","0","0","1","0"
"0.36","101","Sturnus vulgaris","0","0","1","0"
"0.36","101","Dendrocopos major","0","0","1","0"
"0.36","101","Picus viridis","0","0","1","0"
"0.36","101","Anas platyrhynchos","0","0","1","0"
"0.36","101","Merops apiaster","0","0","1","0"
"0.36","101","Phylloscopus bonelli","0","0","1","0"
"0.36","101","Saxicola rubicola","0","0","1","0"
"0.36","101","Streptopelia turtur","1","0","0","0"
"0.36","101","Sitta europaea","0","0","1","0"
"0.36","101","Hippolais polyglotta","0","0","1","0"
"0.36","101","Aegithalos caudatus","0","0","1","0"
"0.36","101","Upupa epops","0","0","1","0"
"0.36","101","Corvus corax","0","0","1","0"
"0.36","101","Phylloscopus collybita","0","0","1","0"
"0.36","101","Regulus ignicapilla","0","0","1","0"
"0.36","101","Lophophanes cristatus","0","0","1","0"
"0.36","101","Luscinia megarhynchos","0","0","1","0"
"0.36","101","Chroicocephalus ridibundus","0","0","1","0"
"0.36","101","Fulica atra","0","0","1","0"
"0.36","101","Turdus viscivorus","0","0","1","0"
"0.36","101","Turdus philomelos","0","0","1","0"
"0.36","101","Egretta garzetta","0","0","1","0"
"0.36","101","Galerida cristata","0","0","1","0"
"0.36","101","Lanius collurio","0","0","1","0"
"0.36","101","Alauda arvensis","0","0","1","0"
"0.36","101","Pyrrhocorax pyrrhocorax","0","0","1","0"
"0.36","101","Circaetus gallicus","0","0","1","0"
"0.36","101","Phalacrocorax carbo","0","0","1","0"
"0.36","101","Lullula arborea","0","0","1","0"
"0.36","101","Gallinula chloropus","0","0","1","0"
"0.36","101","Cisticola juncidis","1","0","0","0"
"0.36","101","Curruca melanocephala","0","0","1","0"
"0.36","101","Milvus milvus","0","0","1","0"
"0.36","101","Cuculus canorus","0","0","1","0"
"0.36","101","Cettia cetti","0","0","1","0"
"0.36","101","Motacilla cinerea","0","0","1","0"
"0.36","101","Hieraaetus pennatus","0","0","1","0"
"0.36","101","Emberiza calandra","0","0","1","0"
"0.36","101","Carduelis citrinella","0","0","1","0"
"0.36","101","Petronia petronia","0","0","1","0"
"0.36","101","Oenanthe oenanthe","0","0","1","0"
"0.36","101","Bubulcus ibis","0","0","1","0"
"0.36","101","Lanius senator","0","0","1","0"
"0.36","101","Ciconia ciconia","0","0","1","0"
"0.36","101","Picus sharpei","0","0","1","0"
"0.36","101","Muscicapa striata","0","0","1","0"
"0.36","101","Coturnix coturnix","0","0","1","0"
"0.36","101","Acrocephalus scirpaceus","0","0","1","0"
"0.36","101","Curruca communis","1","0","0","0"
"0.36","101","Pernis apivorus","0","0","1","0"
"0.36","101","Himantopus himantopus","0","0","1","0"
"0.36","101","Circus aeruginosus","0","0","1","0"
"0.36","101","Phoenicurus phoenicurus","0","0","1","0"
"0.36","101","Prunella modularis","0","0","1","0"
"0.36","101","Corvus monedula","0","0","1","0"
"0.36","101","Alectoris rufa","0","0","1","0"
"0.36","101","Sterna hirundo","0","0","1","0"
"0.36","101","Podiceps cristatus","0","0","1","0"
"0.36","101","Emberiza citrinella","0","0","1","0"
"0.36","101","Emberiza cia","0","0","1","0"
"0.36","101","Curruca iberiae","0","0","1","0"
"0.36","101","Passer montanus","0","0","1","0"
"0.36","101","Motacilla flava","0","0","1","0"
"0.36","101","Tachybaptus ruficollis","0","0","1","0"
"0.36","101","Sturnus unicolor","0","0","1","0"
"0.36","101","Alcedo atthis","0","0","1","0"
"0.36","101","Anthus trivialis","0","0","1","0"
"0.36","101","Ardea purpurea","0","0","1","0"
"0.36","101","Actitis hypoleucos","0","0","1","0"
"0.36","101","Charadrius dubius","0","0","1","0"
"0.36","101","Pyrrhula pyrrhula","0","0","1","0"
"0.36","101","Apus melba","0","0","1","0"
"0.36","101","Curruca undata","0","0","1","0"
"0.36","101","Tringa ochropus","0","0","1","0"
"0.36","101","Falco subbuteo","0","0","1","0"
"0.36","101","Recurvirostra avosetta","0","0","1","0"
"0.36","101","Sylvia borin","0","0","1","0"
"0.36","101","Vanellus vanellus","0","0","1","0"
"0.36","101","Anthus spinoletta","0","0","1","0"
"0.36","101","Riparia riparia","0","0","1","0"
"0.36","101","Cinclus cinclus","0","0","1","0"
"0.36","101","Anthus campestris","0","0","1","0"
"0.36","101","Tadorna tadorna","0","0","1","0"
"0.36","101","Poecile palustris","0","0","1","0"
"0.36","101","Aythya ferina","0","0","1","0"
"0.36","101","Netta rufina","0","0","1","0"
"0.36","101","Acrocephalus arundinaceus","0","0","1","0"
"0.36","101","Circus pygargus","0","0","1","0"
"0.36","101","Accipiter nisus","0","0","1","0"
"0.36","101","Aquila chrysaetos","0","0","1","0"
"0.36","101","Pyrrhocorax graculus","0","0","1","0"
"0.36","101","Nycticorax nycticorax","0","0","1","0"
"0.36","101","Galerida theklae","0","0","1","0"
"0.36","101","Ardea alba","0","0","1","0"
"0.36","101","Burhinus oedicnemus","0","0","1","0"
"0.36","101","Loxia curvirostra","0","0","1","0"
"0.36","101","Sternula albifrons","0","0","1","0"
"0.36","101","Cygnus olor","0","0","1","0"
"0.36","101","Phoenicopterus roseus","0","0","1","0"
"0.36","101","Coccothraustes coccothraustes","0","0","1","0"
"0.36","101","Columba oenas","0","0","1","0"
"0.36","101","Emberiza schoeniclus","0","0","1","0"
"0.36","101","Rallus aquaticus","0","0","1","0"
"0.36","101","Plegadis falcinellus","0","0","1","0"
"0.36","101","Strix aluco","0","0","1","0"
"0.36","101","Mareca strepera","0","0","1","0"
"0.36","101","Lanius meridionalis","0","0","1","0"
"0.36","101","Cecropis daurica","0","0","1","0"
"0.36","101","Ichthyaetus melanocephalus","0","0","1","0"
"0.36","101","Platalea leucorodia","0","0","1","0"
"0.36","101","Melanocorypha calandra","0","0","1","0"
"0.36","101","Tringa totanus","0","0","1","0"
"0.36","101","Ficedula hypoleuca","0","0","1","0"
"0.36","101","Saxicola rubetra","0","0","1","0"
"0.36","101","Athene noctua","0","0","1","0"
"0.36","101","Coracias garrulus","0","0","1","0"
"0.36","101","Thalasseus sandvicensis","0","0","1","0"
"0.36","101","Regulus regulus","0","0","1","0"
"0.36","101","Spatula clypeata","0","0","1","0"
"0.36","101","Falco naumanni","0","0","1","0"
"0.36","101","Podiceps nigricollis","0","0","1","0"
"0.36","101","Chlidonias niger","0","0","1","0"
"0.36","101","Phasianus colchicus","0","0","1","0"
"0.36","101","Passer hispaniolensis","0","0","1","0"
"0.36","101","Charadrius hiaticula","0","0","1","0"
"0.36","101","Tyto alba","0","0","1","0"
"0.36","101","Limosa limosa","0","0","1","0"
"0.36","101","Psittacula krameri","0","0","1","0"
"0.36","101","Spinus spinus","0","0","1","0"
"0.36","101","Charadrius alexandrinus","0","0","1","0"
"0.36","101","Numenius arquata","0","0","1","0"
"0.36","101","Pandion haliaetus","0","0","1","0"
"0.36","101","Larus fuscus","0","0","1","0"
"0.36","101","Phylloscopus trochilus","0","0","1","0"
"0.36","101","Otus scops","0","0","1","0"
"0.36","101","Jynx torquilla","0","0","1","0"
"0.36","102","Turdus merula","0","0","0","1"
"0.36","102","Apus apus","0","0","1","0"
"0.36","102","Columba palumbus","0","0","1","0"
"0.36","102","Passer domesticus","0","0","1","0"
"0.36","102","Fringilla coelebs","0","0","1","0"
"0.36","102","Hirundo rustica","0","0","1","0"
"0.36","102","Corvus corone","0","0","1","0"
"0.36","102","Sylvia atricapilla","0","1","0","0"
"0.36","102","Carduelis carduelis","0","0","1","0"
"0.36","102","Delichon urbicum","0","0","1","0"
"0.36","102","Pica pica","0","0","1","0"
"0.36","102","Streptopelia decaocto","0","0","1","0"
"0.36","102","Phoenicurus ochruros","0","0","1","0"
"0.36","102","Parus major","0","0","1","0"
"0.36","102","Serinus serinus","0","0","1","0"
"0.36","102","Milvus migrans","0","0","1","0"
"0.36","102","Motacilla alba","0","0","1","0"
"0.36","102","Gyps fulvus","0","0","1","0"
"0.36","102","Erithacus rubecula","0","0","1","0"
"0.36","102","Garrulus glandarius","0","0","1","0"
"0.36","102","Cyanistes caeruleus","0","0","1","0"
"0.36","102","Buteo buteo","0","0","1","0"
"0.36","102","Columba livia","0","0","1","0"
"0.36","102","Falco tinnunculus","0","0","1","0"
"0.36","102","Chloris chloris","0","0","1","0"
"0.36","102","Emberiza cirlus","0","0","1","0"
"0.36","102","Troglodytes troglodytes","0","0","1","0"
"0.36","102","Oriolus oriolus","0","0","1","0"
"0.36","102","Periparus ater","0","0","1","0"
"0.36","102","Linaria cannabina","0","0","1","0"
"0.36","102","Ptyonoprogne rupestris","0","0","1","0"
"0.36","102","Ardea cinerea","0","0","1","0"
"0.36","102","Certhia brachydactyla","0","0","1","0"
"0.36","102","Larus michahellis","0","0","1","0"
"0.36","102","Sturnus vulgaris","0","0","1","0"
"0.36","102","Dendrocopos major","0","0","1","0"
"0.36","102","Picus viridis","0","0","1","0"
"0.36","102","Anas platyrhynchos","0","0","1","0"
"0.36","102","Merops apiaster","0","0","1","0"
"0.36","102","Phylloscopus bonelli","0","0","1","0"
"0.36","102","Saxicola rubicola","0","0","1","0"
"0.36","102","Streptopelia turtur","0","0","1","0"
"0.36","102","Sitta europaea","0","0","1","0"
"0.36","102","Hippolais polyglotta","0","0","1","0"
"0.36","102","Aegithalos caudatus","0","0","1","0"
"0.36","102","Upupa epops","0","0","1","0"
"0.36","102","Corvus corax","0","0","1","0"
"0.36","102","Phylloscopus collybita","0","0","1","0"
"0.36","102","Regulus ignicapilla","0","0","1","0"
"0.36","102","Lophophanes cristatus","0","0","1","0"
"0.36","102","Luscinia megarhynchos","0","0","1","0"
"0.36","102","Chroicocephalus ridibundus","0","0","1","0"
"0.36","102","Fulica atra","0","0","1","0"
"0.36","102","Turdus viscivorus","0","0","1","0"
"0.36","102","Turdus philomelos","0","0","1","0"
"0.36","102","Egretta garzetta","0","0","1","0"
"0.36","102","Galerida cristata","0","0","1","0"
"0.36","102","Lanius collurio","0","0","1","0"
"0.36","102","Alauda arvensis","0","0","1","0"
"0.36","102","Pyrrhocorax pyrrhocorax","0","0","1","0"
"0.36","102","Circaetus gallicus","0","0","1","0"
"0.36","102","Phalacrocorax carbo","0","0","1","0"
"0.36","102","Lullula arborea","0","0","1","0"
"0.36","102","Gallinula chloropus","0","0","1","0"
"0.36","102","Cisticola juncidis","0","0","1","0"
"0.36","102","Curruca melanocephala","0","0","1","0"
"0.36","102","Milvus milvus","0","0","1","0"
"0.36","102","Cuculus canorus","0","0","1","0"
"0.36","102","Cettia cetti","0","0","1","0"
"0.36","102","Motacilla cinerea","0","0","1","0"
"0.36","102","Hieraaetus pennatus","0","0","1","0"
"0.36","102","Emberiza calandra","0","0","1","0"
"0.36","102","Carduelis citrinella","0","0","1","0"
"0.36","102","Petronia petronia","0","0","1","0"
"0.36","102","Oenanthe oenanthe","0","0","1","0"
"0.36","102","Bubulcus ibis","0","0","1","0"
"0.36","102","Lanius senator","0","0","1","0"
"0.36","102","Ciconia ciconia","0","0","1","0"
"0.36","102","Picus sharpei","0","0","1","0"
"0.36","102","Muscicapa striata","0","0","1","0"
"0.36","102","Coturnix coturnix","0","0","1","0"
"0.36","102","Acrocephalus scirpaceus","0","0","1","0"
"0.36","102","Curruca communis","1","0","0","0"
"0.36","102","Pernis apivorus","0","0","1","0"
"0.36","102","Himantopus himantopus","0","0","1","0"
"0.36","102","Circus aeruginosus","0","0","1","0"
"0.36","102","Phoenicurus phoenicurus","0","0","1","0"
"0.36","102","Prunella modularis","0","0","1","0"
"0.36","102","Corvus monedula","0","0","1","0"
"0.36","102","Alectoris rufa","0","0","1","0"
"0.36","102","Sterna hirundo","0","0","1","0"
"0.36","102","Podiceps cristatus","0","0","1","0"
"0.36","102","Emberiza citrinella","0","0","1","0"
"0.36","102","Emberiza cia","0","0","1","0"
"0.36","102","Curruca iberiae","0","0","1","0"
"0.36","102","Passer montanus","0","0","1","0"
"0.36","102","Motacilla flava","0","0","1","0"
"0.36","102","Tachybaptus ruficollis","0","0","1","0"
"0.36","102","Sturnus unicolor","0","0","1","0"
"0.36","102","Alcedo atthis","0","0","1","0"
"0.36","102","Anthus trivialis","0","0","1","0"
"0.36","102","Ardea purpurea","0","0","1","0"
"0.36","102","Actitis hypoleucos","0","0","1","0"
"0.36","102","Charadrius dubius","0","0","1","0"
"0.36","102","Pyrrhula pyrrhula","0","0","1","0"
"0.36","102","Apus melba","0","0","1","0"
"0.36","102","Curruca undata","0","0","1","0"
"0.36","102","Tringa ochropus","0","0","1","0"
"0.36","102","Falco subbuteo","0","0","1","0"
"0.36","102","Recurvirostra avosetta","0","0","1","0"
"0.36","102","Sylvia borin","0","0","1","0"
"0.36","102","Vanellus vanellus","0","0","1","0"
"0.36","102","Anthus spinoletta","0","0","1","0"
"0.36","102","Riparia riparia","0","0","1","0"
"0.36","102","Cinclus cinclus","0","0","1","0"
"0.36","102","Anthus campestris","0","0","1","0"
"0.36","102","Tadorna tadorna","0","0","1","0"
"0.36","102","Poecile palustris","0","0","1","0"
"0.36","102","Aythya ferina","0","0","1","0"
"0.36","102","Netta rufina","0","0","1","0"
"0.36","102","Acrocephalus arundinaceus","0","0","1","0"
"0.36","102","Circus pygargus","0","0","1","0"
"0.36","102","Accipiter nisus","0","0","1","0"
"0.36","102","Aquila chrysaetos","0","0","1","0"
"0.36","102","Pyrrhocorax graculus","0","0","1","0"
"0.36","102","Nycticorax nycticorax","0","0","1","0"
"0.36","102","Galerida theklae","0","0","1","0"
"0.36","102","Ardea alba","0","0","1","0"
"0.36","102","Burhinus oedicnemus","0","0","1","0"
"0.36","102","Loxia curvirostra","0","0","1","0"
"0.36","102","Sternula albifrons","0","0","1","0"
"0.36","102","Cygnus olor","0","0","1","0"
"0.36","102","Phoenicopterus roseus","0","0","1","0"
"0.36","102","Coccothraustes coccothraustes","0","0","1","0"
"0.36","102","Columba oenas","0","0","1","0"
"0.36","102","Emberiza schoeniclus","0","0","1","0"
"0.36","102","Rallus aquaticus","0","0","1","0"
"0.36","102","Plegadis falcinellus","0","0","1","0"
"0.36","102","Strix aluco","0","0","1","0"
"0.36","102","Mareca strepera","0","0","1","0"
"0.36","102","Lanius meridionalis","0","0","1","0"
"0.36","102","Cecropis daurica","0","0","1","0"
"0.36","102","Ichthyaetus melanocephalus","0","0","1","0"
"0.36","102","Platalea leucorodia","0","0","1","0"
"0.36","102","Melanocorypha calandra","0","0","1","0"
"0.36","102","Tringa totanus","0","0","1","0"
"0.36","102","Ficedula hypoleuca","0","0","1","0"
"0.36","102","Saxicola rubetra","0","0","1","0"
"0.36","102","Athene noctua","0","0","1","0"
"0.36","102","Coracias garrulus","0","0","1","0"
"0.36","102","Thalasseus sandvicensis","0","0","1","0"
"0.36","102","Regulus regulus","0","0","1","0"
"0.36","102","Spatula clypeata","0","0","1","0"
"0.36","102","Falco naumanni","0","0","1","0"
"0.36","102","Podiceps nigricollis","0","0","1","0"
"0.36","102","Chlidonias niger","0","0","1","0"
"0.36","102","Phasianus colchicus","0","0","1","0"
"0.36","102","Passer hispaniolensis","0","0","1","0"
"0.36","102","Charadrius hiaticula","0","0","1","0"
"0.36","102","Tyto alba","0","0","1","0"
"0.36","102","Limosa limosa","0","0","1","0"
"0.36","102","Psittacula krameri","0","0","1","0"
"0.36","102","Spinus spinus","0","0","1","0"
"0.36","102","Charadrius alexandrinus","0","0","1","0"
"0.36","102","Numenius arquata","0","0","1","0"
"0.36","102","Pandion haliaetus","0","0","1","0"
"0.36","102","Larus fuscus","0","0","1","0"
"0.36","102","Phylloscopus trochilus","0","0","1","0"
"0.36","102","Otus scops","0","0","1","0"
"0.36","102","Jynx torquilla","0","0","1","0"
"0.36","103","Turdus merula","0","0","1","0"
"0.36","103","Apus apus","0","0","1","0"
"0.36","103","Fringilla coelebs","0","0","1","0"
"0.36","103","Columba palumbus","0","0","1","0"
"0.36","103","Hirundo rustica","0","0","1","0"
"0.36","103","Passer domesticus","0","0","1","0"
"0.36","103","Sylvia atricapilla","0","0","1","0"
"0.36","103","Corvus corone","0","0","1","0"
"0.36","103","Pica pica","0","0","1","0"
"0.36","103","Carduelis carduelis","0","0","1","0"
"0.36","103","Serinus serinus","0","0","1","0"
"0.36","103","Streptopelia decaocto","0","0","1","0"
"0.36","103","Parus major","0","0","1","0"
"0.36","103","Milvus migrans","0","0","1","0"
"0.36","103","Delichon urbicum","0","0","1","0"
"0.36","103","Phoenicurus ochruros","0","0","1","0"
"0.36","103","Erithacus rubecula","0","0","1","0"
"0.36","103","Gyps fulvus","0","0","1","0"
"0.36","103","Motacilla alba","0","0","1","0"
"0.36","103","Garrulus glandarius","0","0","1","0"
"0.36","103","Cyanistes caeruleus","0","0","1","0"
"0.36","103","Chloris chloris","0","0","1","0"
"0.36","103","Emberiza cirlus","0","0","1","0"
"0.36","103","Troglodytes troglodytes","0","0","1","0"
"0.36","103","Luscinia megarhynchos","0","0","1","0"
"0.36","103","Oriolus oriolus","0","0","1","0"
"0.36","103","Columba livia","0","0","1","0"
"0.36","103","Falco tinnunculus","0","0","1","0"
"0.36","103","Cuculus canorus","0","0","1","0"
"0.36","103","Buteo buteo","0","0","1","0"
"0.36","103","Sturnus vulgaris","0","0","1","0"
"0.36","103","Phylloscopus bonelli","0","0","1","0"
"0.36","103","Periparus ater","0","0","1","0"
"0.36","103","Linaria cannabina","0","0","1","0"
"0.36","103","Hippolais polyglotta","0","0","1","0"
"0.36","103","Larus michahellis","0","0","1","0"
"0.36","103","Merops apiaster","0","0","1","0"
"0.36","103","Anas platyrhynchos","0","0","1","0"
"0.36","103","Ptyonoprogne rupestris","0","0","1","0"
"0.36","103","Certhia brachydactyla","0","0","1","0"
"0.36","103","Saxicola rubicola","0","0","1","0"
"0.36","103","Ardea cinerea","0","0","1","0"
"0.36","103","Dendrocopos major","0","0","1","0"
"0.36","103","Streptopelia turtur","0","0","1","0"
"0.36","103","Picus viridis","0","0","1","0"
"0.36","103","Upupa epops","0","0","1","0"
"0.36","103","Emberiza calandra","0","0","1","0"
"0.36","103","Regulus ignicapilla","0","0","1","0"
"0.36","103","Corvus corax","0","0","1","0"
"0.36","103","Aegithalos caudatus","0","0","1","0"
"0.36","103","Turdus viscivorus","0","0","1","0"
"0.36","103","Alauda arvensis","0","0","1","0"
"0.36","103","Turdus philomelos","0","0","1","0"
"0.36","103","Sitta europaea","0","0","1","0"
"0.36","103","Lullula arborea","0","0","1","0"
"0.36","103","Pyrrhocorax pyrrhocorax","0","0","1","0"
"0.36","103","Galerida cristata","0","0","1","0"
"0.36","103","Petronia petronia","0","0","1","0"
"0.36","103","Lophophanes cristatus","0","0","1","0"
"0.36","103","Cettia cetti","0","0","1","0"
"0.36","103","Phylloscopus collybita","0","0","1","0"
"0.36","103","Fulica atra","0","0","1","0"
"0.36","103","Curruca melanocephala","0","0","1","0"
"0.36","103","Egretta garzetta","0","0","1","0"
"0.36","103","Lanius collurio","0","0","1","0"
"0.36","103","Cisticola juncidis","0","0","1","0"
"0.36","103","Circaetus gallicus","0","0","1","0"
"0.36","103","Curruca communis","0","0","1","0"
"0.36","103","Carduelis citrinella","0","0","1","0"
"0.36","103","Phalacrocorax carbo","0","0","1","0"
"0.36","103","Gallinula chloropus","0","0","1","0"
"0.36","103","Milvus milvus","0","0","1","0"
"0.36","103","Oenanthe oenanthe","0","0","1","0"
"0.36","103","Hieraaetus pennatus","0","0","1","0"
"0.36","103","Phoenicurus phoenicurus","0","0","1","0"
"0.36","103","Picus sharpei","0","0","1","0"
"0.36","103","Chroicocephalus ridibundus","0","0","1","0"
"0.36","103","Ciconia ciconia","0","0","1","0"
"0.36","103","Corvus monedula","0","0","1","0"
"0.36","103","Motacilla cinerea","0","0","1","0"
"0.36","103","Lanius senator","0","0","1","0"
"0.36","103","Himantopus himantopus","0","0","1","0"
"0.36","103","Acrocephalus scirpaceus","0","0","1","0"
"0.36","103","Emberiza cia","0","0","1","0"
"0.36","103","Bubulcus ibis","0","0","1","0"
"0.36","103","Alectoris rufa","0","0","1","0"
"0.36","103","Curruca iberiae","0","0","1","0"
"0.36","103","Coturnix coturnix","0","0","1","0"
"0.36","103","Prunella modularis","0","0","1","0"
"0.36","103","Circus aeruginosus","0","0","1","0"
"0.36","103","Emberiza citrinella","0","0","1","0"
"0.36","103","Sturnus unicolor","0","0","1","0"
"0.36","103","Motacilla flava","0","0","1","0"
"0.36","103","Muscicapa striata","0","0","1","0"
"0.36","103","Pernis apivorus","0","0","1","0"
"0.36","103","Acrocephalus arundinaceus","0","0","1","0"
"0.36","103","Sterna hirundo","0","0","1","0"
"0.36","103","Passer montanus","0","0","1","0"
"0.36","103","Podiceps cristatus","0","0","1","0"
"0.36","103","Anthus trivialis","0","0","1","0"
"0.36","103","Ardea purpurea","0","0","1","0"
"0.36","103","Sylvia borin","0","0","1","0"
"0.36","103","Tachybaptus ruficollis","0","0","1","0"
"0.36","103","Falco subbuteo","0","0","1","0"
"0.36","103","Charadrius dubius","0","0","1","0"
"0.36","103","Curruca undata","0","0","1","0"
"0.36","103","Apus melba","0","0","1","0"
"0.36","103","Recurvirostra avosetta","0","0","1","0"
"0.36","103","Pyrrhula pyrrhula","0","0","1","0"
"0.36","103","Tadorna tadorna","0","0","1","0"
"0.36","103","Anthus campestris","0","0","1","0"
"0.36","103","Riparia riparia","0","0","1","0"
"0.36","103","Netta rufina","0","0","1","0"
"0.36","103","Circus pygargus","0","0","1","0"
"0.36","103","Cinclus cinclus","0","0","1","0"
"0.36","103","Galerida theklae","0","0","1","0"
"0.36","103","Aquila chrysaetos","0","0","1","0"
"0.36","103","Poecile palustris","0","0","1","0"
"0.36","103","Actitis hypoleucos","0","0","1","0"
"0.36","103","Aythya ferina","0","0","1","0"
"0.36","103","Pyrrhocorax graculus","0","0","1","0"
"0.36","103","Alcedo atthis","0","0","1","0"
"0.36","103","Burhinus oedicnemus","0","0","1","0"
"0.36","103","Sternula albifrons","0","0","1","0"
"0.36","103","Accipiter nisus","0","0","1","0"
"0.36","103","Anthus spinoletta","0","0","1","0"
"0.36","103","Nycticorax nycticorax","0","0","1","0"
"0.36","103","Melanocorypha calandra","0","0","1","0"
"0.36","103","Coccothraustes coccothraustes","0","0","1","0"
"0.36","103","Vanellus vanellus","0","0","1","0"
"0.36","103","Phasianus colchicus","0","0","1","0"
"0.36","103","Saxicola rubetra","0","0","1","0"
"0.36","103","Loxia curvirostra","0","0","1","0"
"0.36","103","Emberiza schoeniclus","0","0","1","0"
"0.36","103","Phoenicopterus roseus","0","0","1","0"
"0.36","103","Mareca strepera","0","0","1","0"
"0.36","103","Tringa ochropus","0","0","1","0"
"0.36","103","Cygnus olor","0","0","1","0"
"0.36","103","Plegadis falcinellus","0","0","1","0"
"0.36","103","Ardea alba","0","0","1","0"
"0.36","103","Columba oenas","0","0","1","0"
"0.36","103","Strix aluco","0","0","1","0"
"0.36","103","Tringa totanus","0","0","1","0"
"0.36","103","Ichthyaetus melanocephalus","0","0","1","0"
"0.36","103","Regulus regulus","0","0","1","0"
"0.36","103","Coracias garrulus","0","0","1","0"
"0.36","103","Passer hispaniolensis","0","0","1","0"
"0.36","103","Cecropis daurica","0","0","1","0"
"0.36","103","Falco naumanni","0","0","1","0"
"0.36","103","Psittacula krameri","0","0","1","0"
"0.36","103","Rallus aquaticus","0","0","1","0"
"0.36","103","Athene noctua","0","0","1","0"
"0.36","103","Platalea leucorodia","0","0","1","0"
"0.36","103","Chlidonias niger","0","0","1","0"
"0.36","103","Lanius meridionalis","0","0","1","0"
"0.36","103","Otus scops","0","0","1","0"
"0.36","103","Jynx torquilla","0","0","1","0"
"0.36","104","Turdus merula","0","0","1","0"
"0.36","104","Apus apus","0","0","1","0"
"0.36","104","Fringilla coelebs","0","0","1","0"
"0.36","104","Columba palumbus","0","0","1","0"
"0.36","104","Hirundo rustica","0","0","0","1"
"0.36","104","Passer domesticus","0","0","1","0"
"0.36","104","Sylvia atricapilla","0","0","1","0"
"0.36","104","Corvus corone","0","0","1","0"
"0.36","104","Pica pica","0","0","1","0"
"0.36","104","Carduelis carduelis","0","0","1","0"
"0.36","104","Serinus serinus","0","0","1","0"
"0.36","104","Streptopelia decaocto","0","0","0","1"
"0.36","104","Parus major","0","0","1","0"
"0.36","104","Milvus migrans","0","0","1","0"
"0.36","104","Delichon urbicum","0","0","1","0"
"0.36","104","Phoenicurus ochruros","0","0","1","0"
"0.36","104","Erithacus rubecula","0","0","1","0"
"0.36","104","Gyps fulvus","0","0","1","0"
"0.36","104","Motacilla alba","0","0","1","0"
"0.36","104","Garrulus glandarius","0","0","1","0"
"0.36","104","Cyanistes caeruleus","0","0","1","0"
"0.36","104","Chloris chloris","0","0","1","0"
"0.36","104","Emberiza cirlus","0","0","1","0"
"0.36","104","Troglodytes troglodytes","0","0","0","1"
"0.36","104","Luscinia megarhynchos","0","0","1","0"
"0.36","104","Oriolus oriolus","0","0","1","0"
"0.36","104","Columba livia","0","0","1","0"
"0.36","104","Falco tinnunculus","0","0","1","0"
"0.36","104","Cuculus canorus","0","0","1","0"
"0.36","104","Buteo buteo","0","0","1","0"
"0.36","104","Sturnus vulgaris","0","0","1","0"
"0.36","104","Phylloscopus bonelli","0","0","1","0"
"0.36","104","Periparus ater","0","0","1","0"
"0.36","104","Linaria cannabina","0","0","1","0"
"0.36","104","Hippolais polyglotta","0","0","1","0"
"0.36","104","Larus michahellis","0","0","1","0"
"0.36","104","Merops apiaster","0","0","1","0"
"0.36","104","Anas platyrhynchos","0","0","1","0"
"0.36","104","Ptyonoprogne rupestris","0","0","1","0"
"0.36","104","Certhia brachydactyla","0","0","1","0"
"0.36","104","Saxicola rubicola","0","0","1","0"
"0.36","104","Ardea cinerea","0","0","1","0"
"0.36","104","Dendrocopos major","0","0","1","0"
"0.36","104","Streptopelia turtur","0","0","1","0"
"0.36","104","Picus viridis","0","0","1","0"
"0.36","104","Upupa epops","0","0","1","0"
"0.36","104","Emberiza calandra","0","0","1","0"
"0.36","104","Regulus ignicapilla","0","0","1","0"
"0.36","104","Corvus corax","0","0","1","0"
"0.36","104","Aegithalos caudatus","0","0","1","0"
"0.36","104","Turdus viscivorus","0","0","1","0"
"0.36","104","Alauda arvensis","0","0","1","0"
"0.36","104","Turdus philomelos","0","0","1","0"
"0.36","104","Sitta europaea","0","0","1","0"
"0.36","104","Lullula arborea","0","0","1","0"
"0.36","104","Pyrrhocorax pyrrhocorax","0","0","1","0"
"0.36","104","Galerida cristata","0","0","1","0"
"0.36","104","Petronia petronia","0","0","1","0"
"0.36","104","Lophophanes cristatus","0","0","1","0"
"0.36","104","Cettia cetti","0","0","1","0"
"0.36","104","Phylloscopus collybita","0","0","1","0"
"0.36","104","Fulica atra","0","0","1","0"
"0.36","104","Curruca melanocephala","0","0","1","0"
"0.36","104","Egretta garzetta","0","0","1","0"
"0.36","104","Lanius collurio","0","0","1","0"
"0.36","104","Cisticola juncidis","0","0","1","0"
"0.36","104","Circaetus gallicus","0","0","1","0"
"0.36","104","Curruca communis","0","0","1","0"
"0.36","104","Carduelis citrinella","0","0","1","0"
"0.36","104","Phalacrocorax carbo","0","0","1","0"
"0.36","104","Gallinula chloropus","0","0","1","0"
"0.36","104","Milvus milvus","0","0","1","0"
"0.36","104","Oenanthe oenanthe","0","0","1","0"
"0.36","104","Hieraaetus pennatus","0","0","1","0"
"0.36","104","Phoenicurus phoenicurus","0","0","1","0"
"0.36","104","Picus sharpei","0","0","1","0"
"0.36","104","Chroicocephalus ridibundus","0","0","1","0"
"0.36","104","Ciconia ciconia","0","0","1","0"
"0.36","104","Corvus monedula","0","0","1","0"
"0.36","104","Motacilla cinerea","0","0","1","0"
"0.36","104","Lanius senator","0","0","1","0"
"0.36","104","Himantopus himantopus","0","0","1","0"
"0.36","104","Acrocephalus scirpaceus","0","0","1","0"
"0.36","104","Emberiza cia","0","0","1","0"
"0.36","104","Bubulcus ibis","0","0","1","0"
"0.36","104","Alectoris rufa","0","0","1","0"
"0.36","104","Curruca iberiae","0","0","1","0"
"0.36","104","Coturnix coturnix","0","0","1","0"
"0.36","104","Prunella modularis","0","0","1","0"
"0.36","104","Circus aeruginosus","0","0","1","0"
"0.36","104","Emberiza citrinella","0","0","1","0"
"0.36","104","Sturnus unicolor","0","0","1","0"
"0.36","104","Motacilla flava","0","0","1","0"
"0.36","104","Muscicapa striata","0","0","1","0"
"0.36","104","Pernis apivorus","0","0","1","0"
"0.36","104","Acrocephalus arundinaceus","0","0","1","0"
"0.36","104","Sterna hirundo","0","0","1","0"
"0.36","104","Passer montanus","0","0","1","0"
"0.36","104","Podiceps cristatus","0","0","1","0"
"0.36","104","Anthus trivialis","0","0","1","0"
"0.36","104","Ardea purpurea","0","0","1","0"
"0.36","104","Sylvia borin","0","0","1","0"
"0.36","104","Tachybaptus ruficollis","0","0","1","0"
"0.36","104","Falco subbuteo","0","0","1","0"
"0.36","104","Charadrius dubius","0","0","1","0"
"0.36","104","Curruca undata","0","0","1","0"
"0.36","104","Apus melba","0","0","1","0"
"0.36","104","Recurvirostra avosetta","0","0","1","0"
"0.36","104","Pyrrhula pyrrhula","0","0","1","0"
"0.36","104","Tadorna tadorna","0","0","1","0"
"0.36","104","Anthus campestris","0","0","1","0"
"0.36","104","Riparia riparia","0","0","1","0"
"0.36","104","Netta rufina","0","0","1","0"
"0.36","104","Circus pygargus","0","0","1","0"
"0.36","104","Cinclus cinclus","0","0","1","0"
"0.36","104","Galerida theklae","0","0","1","0"
"0.36","104","Aquila chrysaetos","0","0","1","0"
"0.36","104","Poecile palustris","0","0","1","0"
"0.36","104","Actitis hypoleucos","0","0","1","0"
"0.36","104","Aythya ferina","0","0","1","0"
"0.36","104","Pyrrhocorax graculus","0","0","1","0"
"0.36","104","Alcedo atthis","0","0","1","0"
"0.36","104","Burhinus oedicnemus","0","0","1","0"
"0.36","104","Sternula albifrons","0","0","1","0"
"0.36","104","Accipiter nisus","0","0","1","0"
"0.36","104","Anthus spinoletta","0","0","1","0"
"0.36","104","Nycticorax nycticorax","0","0","1","0"
"0.36","104","Melanocorypha calandra","0","0","1","0"
"0.36","104","Coccothraustes coccothraustes","0","0","1","0"
"0.36","104","Vanellus vanellus","0","0","1","0"
"0.36","104","Phasianus colchicus","0","0","1","0"
"0.36","104","Saxicola rubetra","0","0","1","0"
"0.36","104","Loxia curvirostra","0","0","1","0"
"0.36","104","Emberiza schoeniclus","0","0","1","0"
"0.36","104","Phoenicopterus roseus","0","0","1","0"
"0.36","104","Mareca strepera","0","0","1","0"
"0.36","104","Tringa ochropus","0","0","1","0"
"0.36","104","Cygnus olor","0","0","1","0"
"0.36","104","Plegadis falcinellus","0","0","1","0"
"0.36","104","Ardea alba","0","0","1","0"
"0.36","104","Columba oenas","0","0","1","0"
"0.36","104","Strix aluco","0","0","1","0"
"0.36","104","Tringa totanus","0","0","1","0"
"0.36","104","Ichthyaetus melanocephalus","0","0","1","0"
"0.36","104","Regulus regulus","0","0","1","0"
"0.36","104","Coracias garrulus","0","0","1","0"
"0.36","104","Passer hispaniolensis","0","0","1","0"
"0.36","104","Cecropis daurica","0","0","1","0"
"0.36","104","Falco naumanni","0","0","1","0"
"0.36","104","Psittacula krameri","0","0","1","0"
"0.36","104","Rallus aquaticus","0","0","1","0"
"0.36","104","Athene noctua","0","0","1","0"
"0.36","104","Platalea leucorodia","0","0","1","0"
"0.36","104","Chlidonias niger","0","0","1","0"
"0.36","104","Lanius meridionalis","0","0","1","0"
"0.36","104","Otus scops","0","0","1","0"
"0.36","104","Jynx torquilla","0","0","1","0"
"0.36","105","Turdus merula","0","0","0","1"
"0.36","105","Apus apus","0","0","1","0"
"0.36","105","Fringilla coelebs","0","0","1","0"
"0.36","105","Columba palumbus","0","0","1","0"
"0.36","105","Hirundo rustica","0","0","1","0"
"0.36","105","Passer domesticus","0","0","1","0"
"0.36","105","Sylvia atricapilla","0","0","1","0"
"0.36","105","Corvus corone","0","0","1","0"
"0.36","105","Pica pica","0","0","1","0"
"0.36","105","Carduelis carduelis","0","0","1","0"
"0.36","105","Serinus serinus","0","0","1","0"
"0.36","105","Streptopelia decaocto","0","0","1","0"
"0.36","105","Parus major","0","0","1","0"
"0.36","105","Milvus migrans","0","0","1","0"
"0.36","105","Delichon urbicum","0","0","1","0"
"0.36","105","Phoenicurus ochruros","0","0","1","0"
"0.36","105","Erithacus rubecula","0","0","1","0"
"0.36","105","Gyps fulvus","0","0","1","0"
"0.36","105","Motacilla alba","0","0","1","0"
"0.36","105","Garrulus glandarius","0","0","1","0"
"0.36","105","Cyanistes caeruleus","0","0","1","0"
"0.36","105","Chloris chloris","0","0","1","0"
"0.36","105","Emberiza cirlus","0","0","1","0"
"0.36","105","Troglodytes troglodytes","0","0","1","0"
"0.36","105","Luscinia megarhynchos","0","0","1","0"
"0.36","105","Oriolus oriolus","0","0","0","1"
"0.36","105","Columba livia","0","0","1","0"
"0.36","105","Falco tinnunculus","0","0","1","0"
"0.36","105","Cuculus canorus","0","0","1","0"
"0.36","105","Buteo buteo","0","0","1","0"
"0.36","105","Sturnus vulgaris","0","0","1","0"
"0.36","105","Phylloscopus bonelli","0","0","1","0"
"0.36","105","Periparus ater","0","0","1","0"
"0.36","105","Linaria cannabina","0","0","1","0"
"0.36","105","Hippolais polyglotta","0","0","1","0"
"0.36","105","Larus michahellis","0","0","1","0"
"0.36","105","Merops apiaster","0","0","1","0"
"0.36","105","Anas platyrhynchos","0","0","1","0"
"0.36","105","Ptyonoprogne rupestris","0","0","1","0"
"0.36","105","Certhia brachydactyla","0","0","1","0"
"0.36","105","Saxicola rubicola","0","0","1","0"
"0.36","105","Ardea cinerea","0","0","1","0"
"0.36","105","Dendrocopos major","0","0","1","0"
"0.36","105","Streptopelia turtur","0","0","1","0"
"0.36","105","Picus viridis","0","0","1","0"
"0.36","105","Upupa epops","0","0","1","0"
"0.36","105","Emberiza calandra","0","0","1","0"
"0.36","105","Regulus ignicapilla","0","0","1","0"
"0.36","105","Corvus corax","0","0","1","0"
"0.36","105","Aegithalos caudatus","0","0","1","0"
"0.36","105","Turdus viscivorus","0","0","1","0"
"0.36","105","Alauda arvensis","0","0","1","0"
"0.36","105","Turdus philomelos","0","0","1","0"
"0.36","105","Sitta europaea","0","0","1","0"
"0.36","105","Lullula arborea","0","0","1","0"
"0.36","105","Pyrrhocorax pyrrhocorax","0","0","1","0"
"0.36","105","Galerida cristata","0","0","1","0"
"0.36","105","Petronia petronia","0","0","1","0"
"0.36","105","Lophophanes cristatus","0","0","1","0"
"0.36","105","Cettia cetti","0","0","1","0"
"0.36","105","Phylloscopus collybita","0","0","1","0"
"0.36","105","Fulica atra","0","0","1","0"
"0.36","105","Curruca melanocephala","0","0","1","0"
"0.36","105","Egretta garzetta","0","0","1","0"
"0.36","105","Lanius collurio","0","0","1","0"
"0.36","105","Cisticola juncidis","0","0","1","0"
"0.36","105","Circaetus gallicus","0","0","1","0"
"0.36","105","Curruca communis","0","0","1","0"
"0.36","105","Carduelis citrinella","0","0","1","0"
"0.36","105","Phalacrocorax carbo","0","0","1","0"
"0.36","105","Gallinula chloropus","0","0","1","0"
"0.36","105","Milvus milvus","0","0","1","0"
"0.36","105","Oenanthe oenanthe","0","0","1","0"
"0.36","105","Hieraaetus pennatus","0","0","1","0"
"0.36","105","Phoenicurus phoenicurus","0","0","1","0"
"0.36","105","Picus sharpei","0","0","1","0"
"0.36","105","Chroicocephalus ridibundus","0","0","1","0"
"0.36","105","Ciconia ciconia","0","0","1","0"
"0.36","105","Corvus monedula","0","0","1","0"
"0.36","105","Motacilla cinerea","0","0","1","0"
"0.36","105","Lanius senator","0","0","1","0"
"0.36","105","Himantopus himantopus","0","0","1","0"
"0.36","105","Acrocephalus scirpaceus","0","0","1","0"
"0.36","105","Emberiza cia","0","0","1","0"
"0.36","105","Bubulcus ibis","0","0","1","0"
"0.36","105","Alectoris rufa","0","0","1","0"
"0.36","105","Curruca iberiae","0","0","1","0"
"0.36","105","Coturnix coturnix","0","0","1","0"
"0.36","105","Prunella modularis","0","0","1","0"
"0.36","105","Circus aeruginosus","0","0","1","0"
"0.36","105","Emberiza citrinella","0","0","1","0"
"0.36","105","Sturnus unicolor","0","0","1","0"
"0.36","105","Motacilla flava","0","0","1","0"
"0.36","105","Muscicapa striata","0","0","1","0"
"0.36","105","Pernis apivorus","0","0","1","0"
"0.36","105","Acrocephalus arundinaceus","0","0","1","0"
"0.36","105","Sterna hirundo","0","0","1","0"
"0.36","105","Passer montanus","0","0","1","0"
"0.36","105","Podiceps cristatus","0","0","1","0"
"0.36","105","Anthus trivialis","0","0","1","0"
"0.36","105","Ardea purpurea","0","0","1","0"
"0.36","105","Sylvia borin","0","0","1","0"
"0.36","105","Tachybaptus ruficollis","0","0","1","0"
"0.36","105","Falco subbuteo","0","0","1","0"
"0.36","105","Charadrius dubius","0","0","1","0"
"0.36","105","Curruca undata","0","0","1","0"
"0.36","105","Apus melba","0","0","1","0"
"0.36","105","Recurvirostra avosetta","0","0","1","0"
"0.36","105","Pyrrhula pyrrhula","0","0","1","0"
"0.36","105","Tadorna tadorna","0","0","1","0"
"0.36","105","Anthus campestris","0","0","1","0"
"0.36","105","Riparia riparia","0","0","1","0"
"0.36","105","Netta rufina","0","0","1","0"
"0.36","105","Circus pygargus","0","0","1","0"
"0.36","105","Cinclus cinclus","0","0","1","0"
"0.36","105","Galerida theklae","0","0","1","0"
"0.36","105","Aquila chrysaetos","0","0","1","0"
"0.36","105","Poecile palustris","0","0","1","0"
"0.36","105","Actitis hypoleucos","0","0","1","0"
"0.36","105","Aythya ferina","0","0","1","0"
"0.36","105","Pyrrhocorax graculus","0","0","1","0"
"0.36","105","Alcedo atthis","0","0","1","0"
"0.36","105","Burhinus oedicnemus","0","0","1","0"
"0.36","105","Sternula albifrons","0","0","1","0"
"0.36","105","Accipiter nisus","0","0","1","0"
"0.36","105","Anthus spinoletta","0","0","1","0"
"0.36","105","Nycticorax nycticorax","0","0","1","0"
"0.36","105","Melanocorypha calandra","0","0","1","0"
"0.36","105","Coccothraustes coccothraustes","0","0","1","0"
"0.36","105","Vanellus vanellus","0","0","1","0"
"0.36","105","Phasianus colchicus","0","0","1","0"
"0.36","105","Saxicola rubetra","0","0","1","0"
"0.36","105","Loxia curvirostra","0","0","1","0"
"0.36","105","Emberiza schoeniclus","0","0","1","0"
"0.36","105","Phoenicopterus roseus","0","0","1","0"
"0.36","105","Mareca strepera","0","0","1","0"
"0.36","105","Tringa ochropus","0","0","1","0"
"0.36","105","Cygnus olor","0","0","1","0"
"0.36","105","Plegadis falcinellus","0","0","1","0"
"0.36","105","Ardea alba","0","0","1","0"
"0.36","105","Columba oenas","0","0","1","0"
"0.36","105","Strix aluco","0","0","1","0"
"0.36","105","Tringa totanus","0","0","1","0"
"0.36","105","Ichthyaetus melanocephalus","0","0","1","0"
"0.36","105","Regulus regulus","0","0","1","0"
"0.36","105","Coracias garrulus","0","0","1","0"
"0.36","105","Passer hispaniolensis","0","0","1","0"
"0.36","105","Cecropis daurica","0","0","1","0"
"0.36","105","Falco naumanni","0","0","1","0"
"0.36","105","Psittacula krameri","0","0","1","0"
"0.36","105","Rallus aquaticus","0","0","1","0"
"0.36","105","Athene noctua","0","0","1","0"
"0.36","105","Platalea leucorodia","0","0","1","0"
"0.36","105","Chlidonias niger","0","0","1","0"
"0.36","105","Lanius meridionalis","0","0","1","0"
"0.36","105","Otus scops","0","0","1","0"
"0.36","105","Jynx torquilla","0","0","1","0"
"0.36","106","Turdus merula","0","0","1","0"
"0.36","106","Apus apus","0","0","1","0"
"0.36","106","Fringilla coelebs","0","0","1","0"
"0.36","106","Columba palumbus","0","0","1","0"
"0.36","106","Hirundo rustica","0","0","1","0"
"0.36","106","Passer domesticus","0","0","1","0"
"0.36","106","Sylvia atricapilla","0","0","1","0"
"0.36","106","Corvus corone","0","0","1","0"
"0.36","106","Pica pica","0","0","1","0"
"0.36","106","Carduelis carduelis","0","0","1","0"
"0.36","106","Serinus serinus","0","0","1","0"
"0.36","106","Streptopelia decaocto","0","0","1","0"
"0.36","106","Parus major","0","0","1","0"
"0.36","106","Milvus migrans","0","0","1","0"
"0.36","106","Delichon urbicum","0","0","1","0"
"0.36","106","Phoenicurus ochruros","0","0","1","0"
"0.36","106","Erithacus rubecula","0","0","1","0"
"0.36","106","Gyps fulvus","0","0","1","0"
"0.36","106","Motacilla alba","0","0","1","0"
"0.36","106","Garrulus glandarius","0","0","1","0"
"0.36","106","Cyanistes caeruleus","0","0","1","0"
"0.36","106","Chloris chloris","0","0","1","0"
"0.36","106","Emberiza cirlus","0","0","1","0"
"0.36","106","Luscinia megarhynchos","1","0","0","0"
"0.36","106","Troglodytes troglodytes","0","0","1","0"
"0.36","106","Oriolus oriolus","0","0","1","0"
"0.36","106","Columba livia","0","0","1","0"
"0.36","106","Falco tinnunculus","0","0","1","0"
"0.36","106","Cuculus canorus","0","0","1","0"
"0.36","106","Buteo buteo","0","0","1","0"
"0.36","106","Sturnus vulgaris","0","0","1","0"
"0.36","106","Phylloscopus bonelli","0","0","1","0"
"0.36","106","Periparus ater","0","0","1","0"
"0.36","106","Linaria cannabina","0","0","1","0"
"0.36","106","Hippolais polyglotta","0","0","1","0"
"0.36","106","Larus michahellis","0","0","1","0"
"0.36","106","Merops apiaster","0","0","1","0"
"0.36","106","Anas platyrhynchos","0","0","1","0"
"0.36","106","Ptyonoprogne rupestris","0","0","1","0"
"0.36","106","Certhia brachydactyla","0","0","1","0"
"0.36","106","Saxicola rubicola","0","0","1","0"
"0.36","106","Ardea cinerea","0","0","1","0"
"0.36","106","Dendrocopos major","0","0","1","0"
"0.36","106","Streptopelia turtur","0","0","1","0"
"0.36","106","Picus viridis","0","0","1","0"
"0.36","106","Upupa epops","0","0","1","0"
"0.36","106","Emberiza calandra","0","0","1","0"
"0.36","106","Regulus ignicapilla","0","0","1","0"
"0.36","106","Corvus corax","0","0","1","0"
"0.36","106","Aegithalos caudatus","0","0","1","0"
"0.36","106","Turdus viscivorus","0","0","1","0"
"0.36","106","Alauda arvensis","0","0","1","0"
"0.36","106","Sitta europaea","0","0","1","0"
"0.36","106","Turdus philomelos","0","0","1","0"
"0.36","106","Lullula arborea","0","0","1","0"
"0.36","106","Pyrrhocorax pyrrhocorax","0","0","1","0"
"0.36","106","Galerida cristata","0","0","1","0"
"0.36","106","Lophophanes cristatus","0","0","1","0"
"0.36","106","Petronia petronia","0","0","1","0"
"0.36","106","Cettia cetti","0","0","1","0"
"0.36","106","Phylloscopus collybita","0","0","1","0"
"0.36","106","Fulica atra","0","0","1","0"
"0.36","106","Curruca melanocephala","0","0","1","0"
"0.36","106","Egretta garzetta","0","0","1","0"
"0.36","106","Lanius collurio","0","0","1","0"
"0.36","106","Cisticola juncidis","0","0","1","0"
"0.36","106","Circaetus gallicus","0","0","1","0"
"0.36","106","Curruca communis","0","0","1","0"
"0.36","106","Carduelis citrinella","0","0","1","0"
"0.36","106","Phalacrocorax carbo","0","0","1","0"
"0.36","106","Gallinula chloropus","0","0","1","0"
"0.36","106","Milvus milvus","0","0","1","0"
"0.36","106","Oenanthe oenanthe","0","0","1","0"
"0.36","106","Hieraaetus pennatus","0","0","1","0"
"0.36","106","Phoenicurus phoenicurus","0","0","1","0"
"0.36","106","Chroicocephalus ridibundus","0","0","1","0"
"0.36","106","Picus sharpei","0","0","1","0"
"0.36","106","Ciconia ciconia","0","0","1","0"
"0.36","106","Corvus monedula","0","0","1","0"
"0.36","106","Motacilla cinerea","0","0","1","0"
"0.36","106","Lanius senator","0","0","1","0"
"0.36","106","Himantopus himantopus","0","0","1","0"
"0.36","106","Acrocephalus scirpaceus","0","0","1","0"
"0.36","106","Bubulcus ibis","0","0","1","0"
"0.36","106","Emberiza cia","0","0","1","0"
"0.36","106","Curruca iberiae","0","0","1","0"
"0.36","106","Alectoris rufa","0","0","1","0"
"0.36","106","Coturnix coturnix","0","0","1","0"
"0.36","106","Prunella modularis","0","0","1","0"
"0.36","106","Circus aeruginosus","0","0","1","0"
"0.36","106","Emberiza citrinella","0","0","1","0"
"0.36","106","Sturnus unicolor","0","0","1","0"
"0.36","106","Motacilla flava","0","0","1","0"
"0.36","106","Muscicapa striata","0","0","1","0"
"0.36","106","Pernis apivorus","0","0","1","0"
"0.36","106","Acrocephalus arundinaceus","0","0","1","0"
"0.36","106","Sterna hirundo","0","0","1","0"
"0.36","106","Passer montanus","0","0","1","0"
"0.36","106","Podiceps cristatus","0","0","1","0"
"0.36","106","Anthus trivialis","0","0","1","0"
"0.36","106","Ardea purpurea","0","0","1","0"
"0.36","106","Sylvia borin","0","0","1","0"
"0.36","106","Tachybaptus ruficollis","0","0","1","0"
"0.36","106","Falco subbuteo","0","0","1","0"
"0.36","106","Charadrius dubius","0","0","1","0"
"0.36","106","Curruca undata","0","0","1","0"
"0.36","106","Apus melba","0","0","1","0"
"0.36","106","Recurvirostra avosetta","0","0","1","0"
"0.36","106","Pyrrhula pyrrhula","0","0","1","0"
"0.36","106","Tadorna tadorna","0","0","1","0"
"0.36","106","Anthus campestris","0","0","1","0"
"0.36","106","Riparia riparia","0","0","1","0"
"0.36","106","Netta rufina","0","0","1","0"
"0.36","106","Circus pygargus","0","0","1","0"
"0.36","106","Cinclus cinclus","0","0","1","0"
"0.36","106","Aquila chrysaetos","0","0","1","0"
"0.36","106","Galerida theklae","0","0","1","0"
"0.36","106","Poecile palustris","0","0","1","0"
"0.36","106","Actitis hypoleucos","0","0","1","0"
"0.36","106","Aythya ferina","0","0","1","0"
"0.36","106","Pyrrhocorax graculus","0","0","1","0"
"0.36","106","Alcedo atthis","0","0","1","0"
"0.36","106","Burhinus oedicnemus","0","0","1","0"
"0.36","106","Sternula albifrons","0","0","1","0"
"0.36","106","Accipiter nisus","0","0","1","0"
"0.36","106","Anthus spinoletta","0","0","1","0"
"0.36","106","Nycticorax nycticorax","0","0","1","0"
"0.36","106","Melanocorypha calandra","0","0","1","0"
"0.36","106","Coccothraustes coccothraustes","0","0","1","0"
"0.36","106","Vanellus vanellus","0","0","1","0"
"0.36","106","Phasianus colchicus","0","0","1","0"
"0.36","106","Saxicola rubetra","0","0","1","0"
"0.36","106","Loxia curvirostra","0","0","1","0"
"0.36","106","Emberiza schoeniclus","0","0","1","0"
"0.36","106","Phoenicopterus roseus","0","0","1","0"
"0.36","106","Cygnus olor","0","0","1","0"
"0.36","106","Mareca strepera","0","0","1","0"
"0.36","106","Tringa ochropus","0","0","1","0"
"0.36","106","Plegadis falcinellus","0","0","1","0"
"0.36","106","Ardea alba","0","0","1","0"
"0.36","106","Columba oenas","0","0","1","0"
"0.36","106","Strix aluco","0","0","1","0"
"0.36","106","Tringa totanus","0","0","1","0"
"0.36","106","Ichthyaetus melanocephalus","0","0","1","0"
"0.36","106","Regulus regulus","0","0","1","0"
"0.36","106","Coracias garrulus","0","0","1","0"
"0.36","106","Passer hispaniolensis","0","0","1","0"
"0.36","106","Cecropis daurica","0","0","1","0"
"0.36","106","Falco naumanni","0","0","1","0"
"0.36","106","Psittacula krameri","0","0","1","0"
"0.36","106","Rallus aquaticus","0","0","1","0"
"0.36","106","Athene noctua","0","0","1","0"
"0.36","106","Platalea leucorodia","0","0","1","0"
"0.36","106","Chlidonias niger","0","0","1","0"
"0.36","106","Lanius meridionalis","0","0","1","0"
"0.36","106","Otus scops","0","0","1","0"
"0.36","106","Jynx torquilla","0","0","1","0"
"0.36","107","Turdus merula","0","0","0","1"
"0.36","107","Apus apus","0","0","1","0"
"0.36","107","Fringilla coelebs","0","0","1","0"
"0.36","107","Columba palumbus","0","0","1","0"
"0.36","107","Hirundo rustica","0","0","1","0"
"0.36","107","Passer domesticus","0","0","0","1"
"0.36","107","Sylvia atricapilla","0","0","0","1"
"0.36","107","Corvus corone","0","0","0","1"
"0.36","107","Pica pica","0","0","1","0"
"0.36","107","Carduelis carduelis","0","0","1","0"
"0.36","107","Serinus serinus","0","0","1","0"
"0.36","107","Streptopelia decaocto","0","0","1","0"
"0.36","107","Parus major","0","0","1","0"
"0.36","107","Milvus migrans","0","0","1","0"
"0.36","107","Delichon urbicum","0","0","1","0"
"0.36","107","Phoenicurus ochruros","0","0","1","0"
"0.36","107","Erithacus rubecula","0","0","1","0"
"0.36","107","Gyps fulvus","0","0","1","0"
"0.36","107","Motacilla alba","0","0","1","0"
"0.36","107","Garrulus glandarius","0","0","1","0"
"0.36","107","Cyanistes caeruleus","0","0","1","0"
"0.36","107","Chloris chloris","0","0","1","0"
"0.36","107","Emberiza cirlus","0","0","1","0"
"0.36","107","Luscinia megarhynchos","1","0","0","0"
"0.36","107","Troglodytes troglodytes","0","0","1","0"
"0.36","107","Oriolus oriolus","0","0","1","0"
"0.36","107","Columba livia","0","0","1","0"
"0.36","107","Falco tinnunculus","0","0","1","0"
"0.36","107","Cuculus canorus","0","0","1","0"
"0.36","107","Buteo buteo","0","0","1","0"
"0.36","107","Sturnus vulgaris","0","0","1","0"
"0.36","107","Phylloscopus bonelli","0","0","1","0"
"0.36","107","Periparus ater","0","0","1","0"
"0.36","107","Linaria cannabina","0","0","1","0"
"0.36","107","Hippolais polyglotta","0","0","1","0"
"0.36","107","Larus michahellis","0","0","1","0"
"0.36","107","Merops apiaster","0","0","1","0"
"0.36","107","Anas platyrhynchos","0","0","1","0"
"0.36","107","Ptyonoprogne rupestris","0","0","1","0"
"0.36","107","Certhia brachydactyla","0","0","1","0"
"0.36","107","Saxicola rubicola","0","0","1","0"
"0.36","107","Ardea cinerea","0","0","1","0"
"0.36","107","Dendrocopos major","0","0","1","0"
"0.36","107","Streptopelia turtur","0","0","1","0"
"0.36","107","Picus viridis","0","0","1","0"
"0.36","107","Upupa epops","0","0","1","0"
"0.36","107","Emberiza calandra","0","0","1","0"
"0.36","107","Regulus ignicapilla","0","0","1","0"
"0.36","107","Corvus corax","0","0","1","0"
"0.36","107","Aegithalos caudatus","0","0","1","0"
"0.36","107","Turdus viscivorus","0","0","1","0"
"0.36","107","Alauda arvensis","0","0","1","0"
"0.36","107","Sitta europaea","0","0","1","0"
"0.36","107","Turdus philomelos","0","0","1","0"
"0.36","107","Lullula arborea","0","0","1","0"
"0.36","107","Pyrrhocorax pyrrhocorax","0","0","1","0"
"0.36","107","Galerida cristata","0","0","1","0"
"0.36","107","Lophophanes cristatus","0","0","1","0"
"0.36","107","Petronia petronia","0","0","1","0"
"0.36","107","Cettia cetti","0","0","1","0"
"0.36","107","Phylloscopus collybita","0","0","1","0"
"0.36","107","Fulica atra","0","0","1","0"
"0.36","107","Curruca melanocephala","0","0","1","0"
"0.36","107","Egretta garzetta","0","0","1","0"
"0.36","107","Lanius collurio","0","0","1","0"
"0.36","107","Cisticola juncidis","0","0","1","0"
"0.36","107","Circaetus gallicus","0","0","1","0"
"0.36","107","Curruca communis","0","0","1","0"
"0.36","107","Carduelis citrinella","0","0","1","0"
"0.36","107","Phalacrocorax carbo","0","0","1","0"
"0.36","107","Gallinula chloropus","0","0","1","0"
"0.36","107","Milvus milvus","0","0","1","0"
"0.36","107","Oenanthe oenanthe","0","0","1","0"
"0.36","107","Hieraaetus pennatus","0","0","1","0"
"0.36","107","Phoenicurus phoenicurus","0","0","1","0"
"0.36","107","Chroicocephalus ridibundus","0","0","1","0"
"0.36","107","Picus sharpei","0","0","1","0"
"0.36","107","Ciconia ciconia","0","0","1","0"
"0.36","107","Corvus monedula","0","0","1","0"
"0.36","107","Motacilla cinerea","0","0","1","0"
"0.36","107","Lanius senator","0","0","1","0"
"0.36","107","Himantopus himantopus","0","0","1","0"
"0.36","107","Acrocephalus scirpaceus","0","0","1","0"
"0.36","107","Bubulcus ibis","0","0","1","0"
"0.36","107","Emberiza cia","0","0","1","0"
"0.36","107","Curruca iberiae","0","0","1","0"
"0.36","107","Alectoris rufa","0","0","1","0"
"0.36","107","Coturnix coturnix","0","0","1","0"
"0.36","107","Prunella modularis","0","0","1","0"
"0.36","107","Circus aeruginosus","0","0","1","0"
"0.36","107","Emberiza citrinella","0","0","1","0"
"0.36","107","Sturnus unicolor","0","0","1","0"
"0.36","107","Motacilla flava","0","0","1","0"
"0.36","107","Muscicapa striata","0","0","1","0"
"0.36","107","Pernis apivorus","0","0","1","0"
"0.36","107","Acrocephalus arundinaceus","0","0","1","0"
"0.36","107","Sterna hirundo","0","0","1","0"
"0.36","107","Passer montanus","0","0","1","0"
"0.36","107","Podiceps cristatus","0","0","1","0"
"0.36","107","Anthus trivialis","0","0","1","0"
"0.36","107","Ardea purpurea","0","0","1","0"
"0.36","107","Sylvia borin","0","0","1","0"
"0.36","107","Tachybaptus ruficollis","0","0","1","0"
"0.36","107","Falco subbuteo","0","0","1","0"
"0.36","107","Charadrius dubius","0","0","1","0"
"0.36","107","Curruca undata","0","0","1","0"
"0.36","107","Apus melba","0","0","1","0"
"0.36","107","Recurvirostra avosetta","0","0","1","0"
"0.36","107","Pyrrhula pyrrhula","0","0","1","0"
"0.36","107","Tadorna tadorna","0","0","1","0"
"0.36","107","Anthus campestris","0","0","1","0"
"0.36","107","Riparia riparia","0","0","1","0"
"0.36","107","Netta rufina","0","0","1","0"
"0.36","107","Circus pygargus","0","0","1","0"
"0.36","107","Cinclus cinclus","0","0","1","0"
"0.36","107","Aquila chrysaetos","0","0","1","0"
"0.36","107","Galerida theklae","0","0","1","0"
"0.36","107","Poecile palustris","0","0","1","0"
"0.36","107","Actitis hypoleucos","0","0","1","0"
"0.36","107","Aythya ferina","0","0","1","0"
"0.36","107","Pyrrhocorax graculus","0","0","1","0"
"0.36","107","Alcedo atthis","0","0","1","0"
"0.36","107","Burhinus oedicnemus","0","0","1","0"
"0.36","107","Sternula albifrons","0","0","1","0"
"0.36","107","Accipiter nisus","0","0","1","0"
"0.36","107","Anthus spinoletta","0","0","1","0"
"0.36","107","Nycticorax nycticorax","0","0","1","0"
"0.36","107","Melanocorypha calandra","0","0","1","0"
"0.36","107","Coccothraustes coccothraustes","0","0","1","0"
"0.36","107","Vanellus vanellus","0","0","1","0"
"0.36","107","Phasianus colchicus","0","0","1","0"
"0.36","107","Saxicola rubetra","0","0","1","0"
"0.36","107","Loxia curvirostra","0","0","1","0"
"0.36","107","Emberiza schoeniclus","0","0","1","0"
"0.36","107","Phoenicopterus roseus","0","0","1","0"
"0.36","107","Cygnus olor","0","0","1","0"
"0.36","107","Mareca strepera","0","0","1","0"
"0.36","107","Tringa ochropus","0","0","1","0"
"0.36","107","Plegadis falcinellus","0","0","1","0"
"0.36","107","Ardea alba","0","0","1","0"
"0.36","107","Columba oenas","0","0","1","0"
"0.36","107","Strix aluco","0","0","1","0"
"0.36","107","Tringa totanus","0","0","1","0"
"0.36","107","Ichthyaetus melanocephalus","0","0","1","0"
"0.36","107","Regulus regulus","0","0","1","0"
"0.36","107","Coracias garrulus","0","0","1","0"
"0.36","107","Passer hispaniolensis","0","0","1","0"
"0.36","107","Cecropis daurica","0","0","1","0"
"0.36","107","Falco naumanni","0","0","1","0"
"0.36","107","Psittacula krameri","0","0","1","0"
"0.36","107","Rallus aquaticus","0","0","1","0"
"0.36","107","Athene noctua","0","0","1","0"
"0.36","107","Platalea leucorodia","0","0","1","0"
"0.36","107","Chlidonias niger","0","0","1","0"
"0.36","107","Lanius meridionalis","0","0","1","0"
"0.36","107","Otus scops","0","0","1","0"
"0.36","107","Jynx torquilla","0","0","1","0"
"0.36","108","Turdus merula","0","0","1","0"
"0.36","108","Apus apus","0","0","1","0"
"0.36","108","Fringilla coelebs","0","0","1","0"
"0.36","108","Columba palumbus","0","0","1","0"
"0.36","108","Hirundo rustica","0","0","1","0"
"0.36","108","Passer domesticus","0","0","1","0"
"0.36","108","Sylvia atricapilla","0","0","0","1"
"0.36","108","Corvus corone","0","0","1","0"
"0.36","108","Pica pica","0","0","1","0"
"0.36","108","Carduelis carduelis","0","0","1","0"
"0.36","108","Serinus serinus","0","0","0","1"
"0.36","108","Streptopelia decaocto","0","0","1","0"
"0.36","108","Parus major","0","0","1","0"
"0.36","108","Milvus migrans","0","0","1","0"
"0.36","108","Delichon urbicum","0","0","1","0"
"0.36","108","Phoenicurus ochruros","0","0","1","0"
"0.36","108","Erithacus rubecula","0","0","1","0"
"0.36","108","Gyps fulvus","0","0","1","0"
"0.36","108","Motacilla alba","0","0","1","0"
"0.36","108","Garrulus glandarius","0","0","1","0"
"0.36","108","Cyanistes caeruleus","0","0","1","0"
"0.36","108","Chloris chloris","0","0","1","0"
"0.36","108","Emberiza cirlus","0","0","1","0"
"0.36","108","Luscinia megarhynchos","0","0","0","1"
"0.36","108","Troglodytes troglodytes","0","0","1","0"
"0.36","108","Oriolus oriolus","0","0","1","0"
"0.36","108","Columba livia","0","0","1","0"
"0.36","108","Falco tinnunculus","0","0","1","0"
"0.36","108","Cuculus canorus","0","0","1","0"
"0.36","108","Buteo buteo","0","0","1","0"
"0.36","108","Sturnus vulgaris","0","0","1","0"
"0.36","108","Phylloscopus bonelli","0","0","1","0"
"0.36","108","Periparus ater","0","0","1","0"
"0.36","108","Linaria cannabina","0","0","1","0"
"0.36","108","Hippolais polyglotta","0","0","1","0"
"0.36","108","Larus michahellis","0","0","1","0"
"0.36","108","Merops apiaster","0","0","1","0"
"0.36","108","Anas platyrhynchos","0","0","1","0"
"0.36","108","Ptyonoprogne rupestris","0","0","1","0"
"0.36","108","Certhia brachydactyla","0","0","1","0"
"0.36","108","Saxicola rubicola","0","0","1","0"
"0.36","108","Ardea cinerea","0","0","1","0"
"0.36","108","Dendrocopos major","0","0","1","0"
"0.36","108","Streptopelia turtur","0","0","1","0"
"0.36","108","Picus viridis","0","0","1","0"
"0.36","108","Upupa epops","0","0","1","0"
"0.36","108","Emberiza calandra","0","0","1","0"
"0.36","108","Regulus ignicapilla","0","0","1","0"
"0.36","108","Corvus corax","0","0","1","0"
"0.36","108","Aegithalos caudatus","0","0","1","0"
"0.36","108","Turdus viscivorus","0","0","1","0"
"0.36","108","Alauda arvensis","0","0","1","0"
"0.36","108","Sitta europaea","0","0","1","0"
"0.36","108","Turdus philomelos","0","0","1","0"
"0.36","108","Lullula arborea","0","0","1","0"
"0.36","108","Pyrrhocorax pyrrhocorax","0","0","1","0"
"0.36","108","Galerida cristata","0","0","1","0"
"0.36","108","Lophophanes cristatus","0","0","1","0"
"0.36","108","Petronia petronia","0","0","1","0"
"0.36","108","Cettia cetti","0","0","1","0"
"0.36","108","Phylloscopus collybita","0","0","1","0"
"0.36","108","Fulica atra","0","0","1","0"
"0.36","108","Curruca melanocephala","0","0","1","0"
"0.36","108","Egretta garzetta","0","0","1","0"
"0.36","108","Lanius collurio","0","0","1","0"
"0.36","108","Cisticola juncidis","0","0","1","0"
"0.36","108","Circaetus gallicus","0","0","1","0"
"0.36","108","Curruca communis","0","0","1","0"
"0.36","108","Carduelis citrinella","0","0","1","0"
"0.36","108","Phalacrocorax carbo","0","0","1","0"
"0.36","108","Gallinula chloropus","0","0","1","0"
"0.36","108","Milvus milvus","0","0","1","0"
"0.36","108","Oenanthe oenanthe","0","0","1","0"
"0.36","108","Hieraaetus pennatus","0","0","1","0"
"0.36","108","Phoenicurus phoenicurus","0","0","1","0"
"0.36","108","Chroicocephalus ridibundus","0","0","1","0"
"0.36","108","Picus sharpei","0","0","1","0"
"0.36","108","Ciconia ciconia","0","0","1","0"
"0.36","108","Corvus monedula","0","0","1","0"
"0.36","108","Motacilla cinerea","0","0","1","0"
"0.36","108","Lanius senator","0","0","1","0"
"0.36","108","Himantopus himantopus","0","0","1","0"
"0.36","108","Acrocephalus scirpaceus","0","0","1","0"
"0.36","108","Bubulcus ibis","0","0","1","0"
"0.36","108","Emberiza cia","0","0","1","0"
"0.36","108","Curruca iberiae","0","0","1","0"
"0.36","108","Alectoris rufa","0","0","1","0"
"0.36","108","Coturnix coturnix","0","0","1","0"
"0.36","108","Prunella modularis","0","0","0","1"
"0.36","108","Circus aeruginosus","0","0","1","0"
"0.36","108","Emberiza citrinella","0","0","1","0"
"0.36","108","Sturnus unicolor","0","0","1","0"
"0.36","108","Motacilla flava","0","0","1","0"
"0.36","108","Muscicapa striata","0","0","1","0"
"0.36","108","Pernis apivorus","0","0","1","0"
"0.36","108","Acrocephalus arundinaceus","0","0","1","0"
"0.36","108","Sterna hirundo","0","0","1","0"
"0.36","108","Passer montanus","0","0","1","0"
"0.36","108","Podiceps cristatus","0","0","1","0"
"0.36","108","Anthus trivialis","0","0","1","0"
"0.36","108","Ardea purpurea","0","0","1","0"
"0.36","108","Sylvia borin","0","0","1","0"
"0.36","108","Tachybaptus ruficollis","0","0","1","0"
"0.36","108","Falco subbuteo","0","0","1","0"
"0.36","108","Charadrius dubius","0","0","1","0"
"0.36","108","Curruca undata","0","0","1","0"
"0.36","108","Apus melba","0","0","1","0"
"0.36","108","Recurvirostra avosetta","0","0","1","0"
"0.36","108","Pyrrhula pyrrhula","0","0","1","0"
"0.36","108","Tadorna tadorna","0","0","1","0"
"0.36","108","Anthus campestris","0","0","1","0"
"0.36","108","Riparia riparia","0","0","1","0"
"0.36","108","Netta rufina","0","0","1","0"
"0.36","108","Circus pygargus","0","0","1","0"
"0.36","108","Cinclus cinclus","0","0","1","0"
"0.36","108","Aquila chrysaetos","0","0","1","0"
"0.36","108","Galerida theklae","0","0","1","0"
"0.36","108","Poecile palustris","0","0","1","0"
"0.36","108","Actitis hypoleucos","0","0","1","0"
"0.36","108","Aythya ferina","0","0","1","0"
"0.36","108","Pyrrhocorax graculus","0","0","1","0"
"0.36","108","Alcedo atthis","0","1","0","0"
"0.36","108","Burhinus oedicnemus","0","0","1","0"
"0.36","108","Sternula albifrons","0","0","1","0"
"0.36","108","Accipiter nisus","0","0","1","0"
"0.36","108","Anthus spinoletta","0","0","1","0"
"0.36","108","Nycticorax nycticorax","0","0","1","0"
"0.36","108","Melanocorypha calandra","0","0","1","0"
"0.36","108","Coccothraustes coccothraustes","0","0","1","0"
"0.36","108","Vanellus vanellus","0","0","1","0"
"0.36","108","Phasianus colchicus","0","0","1","0"
"0.36","108","Saxicola rubetra","0","0","1","0"
"0.36","108","Loxia curvirostra","0","0","1","0"
"0.36","108","Emberiza schoeniclus","0","0","1","0"
"0.36","108","Phoenicopterus roseus","0","0","1","0"
"0.36","108","Cygnus olor","0","0","1","0"
"0.36","108","Mareca strepera","0","0","1","0"
"0.36","108","Tringa ochropus","0","0","1","0"
"0.36","108","Plegadis falcinellus","0","0","1","0"
"0.36","108","Ardea alba","0","0","1","0"
"0.36","108","Columba oenas","0","0","1","0"
"0.36","108","Strix aluco","0","0","1","0"
"0.36","108","Tringa totanus","0","0","1","0"
"0.36","108","Ichthyaetus melanocephalus","0","0","1","0"
"0.36","108","Regulus regulus","0","0","1","0"
"0.36","108","Coracias garrulus","0","0","1","0"
"0.36","108","Passer hispaniolensis","0","0","1","0"
"0.36","108","Cecropis daurica","0","0","1","0"
"0.36","108","Falco naumanni","0","0","1","0"
"0.36","108","Psittacula krameri","0","0","1","0"
"0.36","108","Rallus aquaticus","0","0","1","0"
"0.36","108","Athene noctua","0","0","1","0"
"0.36","108","Platalea leucorodia","0","0","1","0"
"0.36","108","Chlidonias niger","0","0","1","0"
"0.36","108","Lanius meridionalis","0","0","1","0"
"0.36","108","Otus scops","0","0","1","0"
"0.36","108","Jynx torquilla","0","0","1","0"
"0.36","109","Turdus merula","0","0","1","0"
"0.36","109","Apus apus","0","0","1","0"
"0.36","109","Fringilla coelebs","0","0","1","0"
"0.36","109","Columba palumbus","0","0","1","0"
"0.36","109","Hirundo rustica","0","0","1","0"
"0.36","109","Passer domesticus","0","0","1","0"
"0.36","109","Sylvia atricapilla","0","0","1","0"
"0.36","109","Corvus corone","0","0","1","0"
"0.36","109","Pica pica","0","0","1","0"
"0.36","109","Carduelis carduelis","0","0","1","0"
"0.36","109","Serinus serinus","0","0","1","0"
"0.36","109","Parus major","0","0","1","0"
"0.36","109","Milvus migrans","0","0","1","0"
"0.36","109","Streptopelia decaocto","0","0","1","0"
"0.36","109","Phoenicurus ochruros","0","0","1","0"
"0.36","109","Delichon urbicum","0","0","1","0"
"0.36","109","Erithacus rubecula","0","0","1","0"
"0.36","109","Gyps fulvus","0","0","1","0"
"0.36","109","Motacilla alba","0","0","1","0"
"0.36","109","Garrulus glandarius","0","0","1","0"
"0.36","109","Cyanistes caeruleus","0","0","1","0"
"0.36","109","Luscinia megarhynchos","0","0","0","1"
"0.36","109","Chloris chloris","0","0","1","0"
"0.36","109","Cuculus canorus","0","0","1","0"
"0.36","109","Troglodytes troglodytes","0","0","1","0"
"0.36","109","Emberiza cirlus","0","0","1","0"
"0.36","109","Oriolus oriolus","0","0","1","0"
"0.36","109","Falco tinnunculus","0","0","1","0"
"0.36","109","Columba livia","0","0","1","0"
"0.36","109","Buteo buteo","0","0","1","0"
"0.36","109","Sturnus vulgaris","0","0","1","0"
"0.36","109","Phylloscopus bonelli","0","0","1","0"
"0.36","109","Linaria cannabina","0","0","1","0"
"0.36","109","Periparus ater","0","0","1","0"
"0.36","109","Anas platyrhynchos","0","0","1","0"
"0.36","109","Hippolais polyglotta","0","0","1","0"
"0.36","109","Merops apiaster","0","0","1","0"
"0.36","109","Larus michahellis","0","0","1","0"
"0.36","109","Certhia brachydactyla","0","0","1","0"
"0.36","109","Saxicola rubicola","0","0","1","0"
"0.36","109","Ptyonoprogne rupestris","0","0","1","0"
"0.36","109","Ardea cinerea","0","0","1","0"
"0.36","109","Upupa epops","0","0","1","0"
"0.36","109","Dendrocopos major","0","0","1","0"
"0.36","109","Streptopelia turtur","0","0","1","0"
"0.36","109","Emberiza calandra","0","0","1","0"
"0.36","109","Picus viridis","0","0","1","0"
"0.36","109","Regulus ignicapilla","0","0","1","0"
"0.36","109","Corvus corax","0","0","1","0"
"0.36","109","Aegithalos caudatus","0","0","1","0"
"0.36","109","Turdus viscivorus","0","0","1","0"
"0.36","109","Lullula arborea","0","0","1","0"
"0.36","109","Turdus philomelos","0","0","1","0"
"0.36","109","Alauda arvensis","0","0","1","0"
"0.36","109","Pyrrhocorax pyrrhocorax","0","0","1","0"
"0.36","109","Sitta europaea","0","0","1","0"
"0.36","109","Galerida cristata","0","0","1","0"
"0.36","109","Cettia cetti","0","0","1","0"
"0.36","109","Petronia petronia","0","0","1","0"
"0.36","109","Phylloscopus collybita","0","0","1","0"
"0.36","109","Lophophanes cristatus","0","0","1","0"
"0.36","109","Curruca melanocephala","0","0","1","0"
"0.36","109","Fulica atra","0","0","1","0"
"0.36","109","Egretta garzetta","0","0","1","0"
"0.36","109","Cisticola juncidis","0","0","1","0"
"0.36","109","Curruca communis","0","0","1","0"
"0.36","109","Phalacrocorax carbo","0","0","1","0"
"0.36","109","Milvus milvus","0","0","1","0"
"0.36","109","Circaetus gallicus","0","0","1","0"
"0.36","109","Gallinula chloropus","0","0","1","0"
"0.36","109","Lanius collurio","0","0","1","0"
"0.36","109","Picus sharpei","0","0","1","0"
"0.36","109","Oenanthe oenanthe","0","0","1","0"
"0.36","109","Hieraaetus pennatus","0","0","1","0"
"0.36","109","Carduelis citrinella","0","0","1","0"
"0.36","109","Ciconia ciconia","0","0","1","0"
"0.36","109","Phoenicurus phoenicurus","0","0","1","0"
"0.36","109","Corvus monedula","0","0","1","0"
"0.36","109","Motacilla cinerea","0","0","1","0"
"0.36","109","Chroicocephalus ridibundus","0","0","1","0"
"0.36","109","Sturnus unicolor","0","0","1","0"
"0.36","109","Lanius senator","0","0","1","0"
"0.36","109","Himantopus himantopus","0","0","1","0"
"0.36","109","Motacilla flava","0","0","1","0"
"0.36","109","Circus aeruginosus","0","0","1","0"
"0.36","109","Curruca iberiae","0","0","1","0"
"0.36","109","Prunella modularis","0","0","1","0"
"0.36","109","Emberiza cia","0","0","1","0"
"0.36","109","Alectoris rufa","0","0","1","0"
"0.36","109","Acrocephalus scirpaceus","0","0","1","0"
"0.36","109","Bubulcus ibis","0","0","1","0"
"0.36","109","Emberiza citrinella","0","0","1","0"
"0.36","109","Coturnix coturnix","0","0","0","1"
"0.36","109","Acrocephalus arundinaceus","0","0","1","0"
"0.36","109","Muscicapa striata","0","0","1","0"
"0.36","109","Pernis apivorus","0","0","1","0"
"0.36","109","Passer montanus","0","0","1","0"
"0.36","109","Sterna hirundo","0","0","1","0"
"0.36","109","Podiceps cristatus","0","0","1","0"
"0.36","109","Anthus trivialis","0","0","1","0"
"0.36","109","Ardea purpurea","0","0","1","0"
"0.36","109","Sylvia borin","0","0","1","0"
"0.36","109","Charadrius dubius","0","0","1","0"
"0.36","109","Tachybaptus ruficollis","0","0","1","0"
"0.36","109","Curruca undata","0","0","1","0"
"0.36","109","Falco subbuteo","0","0","1","0"
"0.36","109","Apus melba","0","0","1","0"
"0.36","109","Tadorna tadorna","0","0","1","0"
"0.36","109","Riparia riparia","0","0","1","0"
"0.36","109","Pyrrhula pyrrhula","0","0","1","0"
"0.36","109","Recurvirostra avosetta","0","0","1","0"
"0.36","109","Netta rufina","0","0","1","0"
"0.36","109","Anthus campestris","0","0","1","0"
"0.36","109","Circus pygargus","0","0","1","0"
"0.36","109","Actitis hypoleucos","0","0","1","0"
"0.36","109","Galerida theklae","0","0","1","0"
"0.36","109","Poecile palustris","0","0","1","0"
"0.36","109","Cinclus cinclus","0","0","1","0"
"0.36","109","Aquila chrysaetos","0","0","1","0"
"0.36","109","Pyrrhocorax graculus","0","0","1","0"
"0.36","109","Aythya ferina","0","0","1","0"
"0.36","109","Alcedo atthis","0","0","1","0"
"0.36","109","Accipiter nisus","0","0","1","0"
"0.36","109","Melanocorypha calandra","0","0","1","0"
"0.36","109","Saxicola rubetra","0","0","1","0"
"0.36","109","Nycticorax nycticorax","0","0","1","0"
"0.36","109","Burhinus oedicnemus","0","0","1","0"
"0.36","109","Sternula albifrons","0","0","1","0"
"0.36","109","Phasianus colchicus","0","0","1","0"
"0.36","109","Mareca strepera","0","0","1","0"
"0.36","109","Coccothraustes coccothraustes","0","0","1","0"
"0.36","109","Anthus spinoletta","0","0","1","0"
"0.36","109","Vanellus vanellus","0","0","1","0"
"0.36","109","Plegadis falcinellus","0","0","1","0"
"0.36","109","Loxia curvirostra","0","0","1","0"
"0.36","109","Phoenicopterus roseus","0","0","1","0"
"0.36","109","Tringa ochropus","0","0","1","0"
"0.36","109","Cygnus olor","0","0","1","0"
"0.36","109","Emberiza schoeniclus","0","0","1","0"
"0.36","109","Ardea alba","0","0","1","0"
"0.36","109","Tringa totanus","0","0","1","0"
"0.36","109","Regulus regulus","0","0","1","0"
"0.36","109","Passer hispaniolensis","0","0","1","0"
"0.36","109","Ichthyaetus melanocephalus","0","0","1","0"
"0.36","109","Columba oenas","0","0","1","0"
"0.36","109","Cecropis daurica","0","0","1","0"
"0.36","109","Strix aluco","0","0","1","0"
"0.36","109","Psittacula krameri","0","0","1","0"
"0.36","109","Falco naumanni","0","0","1","0"
"0.36","109","Coracias garrulus","0","0","1","0"
"0.36","109","Rallus aquaticus","0","0","1","0"
"0.36","109","Athene noctua","0","0","1","0"
"0.36","109","Aegypius monachus","0","0","1","0"
"0.36","109","Phylloscopus ibericus","0","0","1","0"
"0.36","109","Spatula clypeata","0","0","1","0"
"0.36","109","Podiceps nigricollis","0","0","1","0"
"0.36","109","Platalea leucorodia","0","0","1","0"
"0.36","109","Lanius meridionalis","0","0","1","0"
"0.36","109","Chlidonias niger","0","0","1","0"
"0.36","109","Chlidonias hybrida","0","0","1","0"
"0.36","109","Otus scops","0","0","0","1"
"0.36","109","Jynx torquilla","0","0","1","0"
"0.36","110","Turdus merula","0","0","0","1"
"0.36","110","Apus apus","0","0","1","0"
"0.36","110","Fringilla coelebs","1","0","0","0"
"0.36","110","Columba palumbus","0","0","1","0"
"0.36","110","Hirundo rustica","0","0","1","0"
"0.36","110","Passer domesticus","0","0","1","0"
"0.36","110","Sylvia atricapilla","1","0","0","0"
"0.36","110","Corvus corone","0","0","0","1"
"0.36","110","Pica pica","0","0","1","0"
"0.36","110","Carduelis carduelis","0","0","1","0"
"0.36","110","Serinus serinus","0","0","1","0"
"0.36","110","Parus major","0","0","1","0"
"0.36","110","Milvus migrans","0","0","1","0"
"0.36","110","Streptopelia decaocto","0","0","1","0"
"0.36","110","Phoenicurus ochruros","0","0","1","0"
"0.36","110","Delichon urbicum","0","0","1","0"
"0.36","110","Erithacus rubecula","0","0","1","0"
"0.36","110","Gyps fulvus","0","0","1","0"
"0.36","110","Motacilla alba","0","0","1","0"
"0.36","110","Garrulus glandarius","0","0","1","0"
"0.36","110","Cyanistes caeruleus","0","0","1","0"
"0.36","110","Luscinia megarhynchos","0","0","0","1"
"0.36","110","Chloris chloris","0","0","1","0"
"0.36","110","Cuculus canorus","0","0","1","0"
"0.36","110","Troglodytes troglodytes","0","0","1","0"
"0.36","110","Emberiza cirlus","0","0","1","0"
"0.36","110","Oriolus oriolus","0","0","1","0"
"0.36","110","Falco tinnunculus","0","0","1","0"
"0.36","110","Columba livia","0","0","1","0"
"0.36","110","Buteo buteo","0","0","1","0"
"0.36","110","Sturnus vulgaris","0","0","1","0"
"0.36","110","Phylloscopus bonelli","0","0","1","0"
"0.36","110","Linaria cannabina","0","0","1","0"
"0.36","110","Periparus ater","0","0","1","0"
"0.36","110","Anas platyrhynchos","0","0","1","0"
"0.36","110","Hippolais polyglotta","1","0","0","0"
"0.36","110","Merops apiaster","0","0","1","0"
"0.36","110","Larus michahellis","0","0","1","0"
"0.36","110","Certhia brachydactyla","0","0","0","1"
"0.36","110","Saxicola rubicola","0","0","1","0"
"0.36","110","Ptyonoprogne rupestris","0","0","1","0"
"0.36","110","Ardea cinerea","0","0","1","0"
"0.36","110","Upupa epops","0","0","1","0"
"0.36","110","Dendrocopos major","0","0","1","0"
"0.36","110","Streptopelia turtur","0","0","1","0"
"0.36","110","Emberiza calandra","0","0","1","0"
"0.36","110","Picus viridis","0","0","1","0"
"0.36","110","Regulus ignicapilla","0","0","1","0"
"0.36","110","Corvus corax","0","0","1","0"
"0.36","110","Aegithalos caudatus","0","0","1","0"
"0.36","110","Turdus viscivorus","0","0","1","0"
"0.36","110","Lullula arborea","0","0","1","0"
"0.36","110","Turdus philomelos","0","0","1","0"
"0.36","110","Alauda arvensis","0","0","1","0"
"0.36","110","Pyrrhocorax pyrrhocorax","0","0","1","0"
"0.36","110","Sitta europaea","0","0","1","0"
"0.36","110","Galerida cristata","0","0","1","0"
"0.36","110","Cettia cetti","0","0","1","0"
"0.36","110","Petronia petronia","0","0","1","0"
"0.36","110","Phylloscopus collybita","0","0","0","1"
"0.36","110","Lophophanes cristatus","0","0","1","0"
"0.36","110","Curruca melanocephala","0","0","1","0"
"0.36","110","Fulica atra","0","0","1","0"
"0.36","110","Egretta garzetta","0","0","1","0"
"0.36","110","Cisticola juncidis","0","0","1","0"
"0.36","110","Curruca communis","0","0","1","0"
"0.36","110","Phalacrocorax carbo","0","0","1","0"
"0.36","110","Milvus milvus","0","0","1","0"
"0.36","110","Circaetus gallicus","0","0","1","0"
"0.36","110","Gallinula chloropus","0","0","1","0"
"0.36","110","Lanius collurio","0","0","1","0"
"0.36","110","Picus sharpei","0","0","1","0"
"0.36","110","Oenanthe oenanthe","0","0","1","0"
"0.36","110","Hieraaetus pennatus","0","0","1","0"
"0.36","110","Carduelis citrinella","0","0","1","0"
"0.36","110","Ciconia ciconia","0","0","1","0"
"0.36","110","Phoenicurus phoenicurus","0","0","1","0"
"0.36","110","Corvus monedula","0","0","1","0"
"0.36","110","Motacilla cinerea","0","0","1","0"
"0.36","110","Chroicocephalus ridibundus","0","0","1","0"
"0.36","110","Sturnus unicolor","0","0","1","0"
"0.36","110","Lanius senator","0","0","1","0"
"0.36","110","Himantopus himantopus","0","0","1","0"
"0.36","110","Motacilla flava","0","0","1","0"
"0.36","110","Circus aeruginosus","0","0","1","0"
"0.36","110","Curruca iberiae","0","0","1","0"
"0.36","110","Prunella modularis","0","0","1","0"
"0.36","110","Emberiza cia","0","0","1","0"
"0.36","110","Alectoris rufa","0","0","1","0"
"0.36","110","Acrocephalus scirpaceus","0","0","1","0"
"0.36","110","Bubulcus ibis","0","0","1","0"
"0.36","110","Emberiza citrinella","0","0","0","1"
"0.36","110","Coturnix coturnix","0","0","0","1"
"0.36","110","Acrocephalus arundinaceus","0","0","1","0"
"0.36","110","Muscicapa striata","0","0","1","0"
"0.36","110","Pernis apivorus","0","0","1","0"
"0.36","110","Passer montanus","0","0","1","0"
"0.36","110","Sterna hirundo","0","0","1","0"
"0.36","110","Podiceps cristatus","0","0","1","0"
"0.36","110","Anthus trivialis","0","0","1","0"
"0.36","110","Ardea purpurea","0","0","1","0"
"0.36","110","Sylvia borin","0","0","1","0"
"0.36","110","Charadrius dubius","0","0","1","0"
"0.36","110","Tachybaptus ruficollis","0","0","1","0"
"0.36","110","Curruca undata","0","0","1","0"
"0.36","110","Falco subbuteo","0","0","1","0"
"0.36","110","Apus melba","0","0","1","0"
"0.36","110","Tadorna tadorna","0","0","1","0"
"0.36","110","Riparia riparia","0","0","1","0"
"0.36","110","Pyrrhula pyrrhula","0","0","1","0"
"0.36","110","Recurvirostra avosetta","0","0","1","0"
"0.36","110","Netta rufina","0","0","1","0"
"0.36","110","Anthus campestris","0","0","1","0"
"0.36","110","Circus pygargus","0","0","1","0"
"0.36","110","Actitis hypoleucos","0","0","1","0"
"0.36","110","Galerida theklae","0","0","1","0"
"0.36","110","Poecile palustris","0","0","1","0"
"0.36","110","Cinclus cinclus","0","0","1","0"
"0.36","110","Aquila chrysaetos","0","0","1","0"
"0.36","110","Pyrrhocorax graculus","0","0","1","0"
"0.36","110","Aythya ferina","0","0","1","0"
"0.36","110","Alcedo atthis","0","0","1","0"
"0.36","110","Accipiter nisus","0","0","1","0"
"0.36","110","Melanocorypha calandra","0","0","1","0"
"0.36","110","Saxicola rubetra","0","0","1","0"
"0.36","110","Nycticorax nycticorax","0","0","1","0"
"0.36","110","Burhinus oedicnemus","0","0","1","0"
"0.36","110","Sternula albifrons","0","0","1","0"
"0.36","110","Phasianus colchicus","0","0","1","0"
"0.36","110","Mareca strepera","0","0","1","0"
"0.36","110","Coccothraustes coccothraustes","0","0","1","0"
"0.36","110","Anthus spinoletta","0","0","1","0"
"0.36","110","Vanellus vanellus","0","0","1","0"
"0.36","110","Plegadis falcinellus","0","0","1","0"
"0.36","110","Loxia curvirostra","0","0","1","0"
"0.36","110","Phoenicopterus roseus","0","0","1","0"
"0.36","110","Tringa ochropus","0","0","1","0"
"0.36","110","Cygnus olor","0","0","1","0"
"0.36","110","Emberiza schoeniclus","0","0","1","0"
"0.36","110","Ardea alba","0","0","1","0"
"0.36","110","Tringa totanus","0","0","1","0"
"0.36","110","Regulus regulus","0","0","1","0"
"0.36","110","Passer hispaniolensis","0","0","1","0"
"0.36","110","Ichthyaetus melanocephalus","0","0","1","0"
"0.36","110","Columba oenas","0","0","1","0"
"0.36","110","Cecropis daurica","0","0","1","0"
"0.36","110","Strix aluco","0","0","1","0"
"0.36","110","Psittacula krameri","0","0","1","0"
"0.36","110","Falco naumanni","0","0","1","0"
"0.36","110","Coracias garrulus","0","0","1","0"
"0.36","110","Rallus aquaticus","0","0","1","0"
"0.36","110","Athene noctua","0","0","1","0"
"0.36","110","Aegypius monachus","0","0","1","0"
"0.36","110","Phylloscopus ibericus","0","0","1","0"
"0.36","110","Spatula clypeata","0","0","1","0"
"0.36","110","Podiceps nigricollis","0","0","1","0"
"0.36","110","Platalea leucorodia","0","0","1","0"
"0.36","110","Lanius meridionalis","0","0","1","0"
"0.36","110","Chlidonias niger","0","0","1","0"
"0.36","110","Chlidonias hybrida","0","0","1","0"
"0.36","110","Otus scops","0","0","1","0"
"0.36","110","Jynx torquilla","0","0","1","0"
"0.36","111","Turdus merula","0","0","0","1"
"0.36","111","Apus apus","0","0","1","0"
"0.36","111","Fringilla coelebs","0","0","0","1"
"0.36","111","Columba palumbus","0","0","1","0"
"0.36","111","Hirundo rustica","0","0","1","0"
"0.36","111","Passer domesticus","0","0","1","0"
"0.36","111","Sylvia atricapilla","1","0","0","0"
"0.36","111","Corvus corone","0","0","1","0"
"0.36","111","Pica pica","0","0","1","0"
"0.36","111","Carduelis carduelis","0","0","1","0"
"0.36","111","Serinus serinus","0","0","1","0"
"0.36","111","Parus major","0","0","0","1"
"0.36","111","Milvus migrans","0","0","1","0"
"0.36","111","Streptopelia decaocto","0","0","1","0"
"0.36","111","Phoenicurus ochruros","0","0","1","0"
"0.36","111","Delichon urbicum","0","0","1","0"
"0.36","111","Erithacus rubecula","0","0","1","0"
"0.36","111","Gyps fulvus","0","0","1","0"
"0.36","111","Motacilla alba","0","0","1","0"
"0.36","111","Garrulus glandarius","0","0","1","0"
"0.36","111","Cyanistes caeruleus","0","0","1","0"
"0.36","111","Luscinia megarhynchos","0","0","1","0"
"0.36","111","Chloris chloris","0","0","1","0"
"0.36","111","Cuculus canorus","0","0","1","0"
"0.36","111","Troglodytes troglodytes","0","0","1","0"
"0.36","111","Emberiza cirlus","0","0","1","0"
"0.36","111","Oriolus oriolus","0","0","1","0"
"0.36","111","Falco tinnunculus","0","0","1","0"
"0.36","111","Columba livia","0","0","1","0"
"0.36","111","Buteo buteo","0","0","1","0"
"0.36","111","Sturnus vulgaris","0","0","1","0"
"0.36","111","Phylloscopus bonelli","0","0","1","0"
"0.36","111","Linaria cannabina","0","0","1","0"
"0.36","111","Periparus ater","0","0","1","0"
"0.36","111","Anas platyrhynchos","0","0","1","0"
"0.36","111","Hippolais polyglotta","0","0","1","0"
"0.36","111","Merops apiaster","0","0","1","0"
"0.36","111","Larus michahellis","0","0","1","0"
"0.36","111","Certhia brachydactyla","0","0","1","0"
"0.36","111","Saxicola rubicola","0","0","1","0"
"0.36","111","Ptyonoprogne rupestris","0","0","1","0"
"0.36","111","Ardea cinerea","0","0","1","0"
"0.36","111","Upupa epops","0","0","1","0"
"0.36","111","Dendrocopos major","0","0","1","0"
"0.36","111","Streptopelia turtur","0","0","1","0"
"0.36","111","Emberiza calandra","0","0","1","0"
"0.36","111","Picus viridis","0","0","1","0"
"0.36","111","Regulus ignicapilla","0","0","1","0"
"0.36","111","Corvus corax","0","0","1","0"
"0.36","111","Aegithalos caudatus","0","0","1","0"
"0.36","111","Turdus viscivorus","0","0","1","0"
"0.36","111","Lullula arborea","0","0","1","0"
"0.36","111","Turdus philomelos","0","0","1","0"
"0.36","111","Alauda arvensis","0","0","1","0"
"0.36","111","Pyrrhocorax pyrrhocorax","0","0","1","0"
"0.36","111","Sitta europaea","0","0","1","0"
"0.36","111","Galerida cristata","0","0","1","0"
"0.36","111","Cettia cetti","0","0","1","0"
"0.36","111","Petronia petronia","0","0","1","0"
"0.36","111","Phylloscopus collybita","0","0","1","0"
"0.36","111","Lophophanes cristatus","0","0","1","0"
"0.36","111","Curruca melanocephala","0","0","1","0"
"0.36","111","Fulica atra","0","0","1","0"
"0.36","111","Egretta garzetta","0","0","1","0"
"0.36","111","Cisticola juncidis","0","0","1","0"
"0.36","111","Curruca communis","0","0","1","0"
"0.36","111","Phalacrocorax carbo","0","0","1","0"
"0.36","111","Milvus milvus","0","0","1","0"
"0.36","111","Circaetus gallicus","0","0","1","0"
"0.36","111","Gallinula chloropus","0","0","1","0"
"0.36","111","Lanius collurio","0","0","1","0"
"0.36","111","Picus sharpei","0","0","1","0"
"0.36","111","Oenanthe oenanthe","0","0","1","0"
"0.36","111","Hieraaetus pennatus","0","0","1","0"
"0.36","111","Carduelis citrinella","0","0","1","0"
"0.36","111","Ciconia ciconia","0","0","1","0"
"0.36","111","Phoenicurus phoenicurus","0","0","1","0"
"0.36","111","Corvus monedula","0","0","1","0"
"0.36","111","Motacilla cinerea","0","0","1","0"
"0.36","111","Chroicocephalus ridibundus","0","0","1","0"
"0.36","111","Sturnus unicolor","0","0","1","0"
"0.36","111","Lanius senator","0","0","1","0"
"0.36","111","Himantopus himantopus","0","0","1","0"
"0.36","111","Motacilla flava","0","0","1","0"
"0.36","111","Circus aeruginosus","0","0","1","0"
"0.36","111","Curruca iberiae","0","0","1","0"
"0.36","111","Prunella modularis","0","0","1","0"
"0.36","111","Emberiza cia","0","0","1","0"
"0.36","111","Alectoris rufa","0","0","1","0"
"0.36","111","Acrocephalus scirpaceus","0","0","1","0"
"0.36","111","Bubulcus ibis","0","0","1","0"
"0.36","111","Emberiza citrinella","0","0","1","0"
"0.36","111","Coturnix coturnix","0","0","1","0"
"0.36","111","Acrocephalus arundinaceus","0","0","1","0"
"0.36","111","Muscicapa striata","0","0","1","0"
"0.36","111","Pernis apivorus","0","0","1","0"
"0.36","111","Passer montanus","0","0","1","0"
"0.36","111","Sterna hirundo","0","0","1","0"
"0.36","111","Podiceps cristatus","0","0","1","0"
"0.36","111","Anthus trivialis","0","0","1","0"
"0.36","111","Ardea purpurea","0","0","1","0"
"0.36","111","Sylvia borin","0","0","1","0"
"0.36","111","Charadrius dubius","0","0","1","0"
"0.36","111","Tachybaptus ruficollis","0","0","1","0"
"0.36","111","Curruca undata","0","0","1","0"
"0.36","111","Falco subbuteo","0","0","1","0"
"0.36","111","Apus melba","0","0","1","0"
"0.36","111","Tadorna tadorna","0","0","1","0"
"0.36","111","Riparia riparia","0","0","1","0"
"0.36","111","Pyrrhula pyrrhula","0","0","1","0"
"0.36","111","Recurvirostra avosetta","0","0","1","0"
"0.36","111","Netta rufina","0","0","1","0"
"0.36","111","Anthus campestris","0","0","1","0"
"0.36","111","Circus pygargus","0","0","1","0"
"0.36","111","Actitis hypoleucos","0","0","1","0"
"0.36","111","Galerida theklae","0","0","1","0"
"0.36","111","Poecile palustris","0","0","1","0"
"0.36","111","Cinclus cinclus","0","0","1","0"
"0.36","111","Aquila chrysaetos","0","0","1","0"
"0.36","111","Pyrrhocorax graculus","0","0","1","0"
"0.36","111","Aythya ferina","0","0","1","0"
"0.36","111","Alcedo atthis","0","0","1","0"
"0.36","111","Accipiter nisus","0","0","1","0"
"0.36","111","Melanocorypha calandra","0","0","1","0"
"0.36","111","Saxicola rubetra","0","0","1","0"
"0.36","111","Nycticorax nycticorax","0","0","1","0"
"0.36","111","Burhinus oedicnemus","0","0","1","0"
"0.36","111","Sternula albifrons","0","0","1","0"
"0.36","111","Phasianus colchicus","0","0","1","0"
"0.36","111","Mareca strepera","0","0","1","0"
"0.36","111","Coccothraustes coccothraustes","0","0","1","0"
"0.36","111","Anthus spinoletta","0","0","1","0"
"0.36","111","Vanellus vanellus","0","0","1","0"
"0.36","111","Plegadis falcinellus","0","0","1","0"
"0.36","111","Loxia curvirostra","0","0","1","0"
"0.36","111","Phoenicopterus roseus","0","0","1","0"
"0.36","111","Tringa ochropus","0","0","1","0"
"0.36","111","Cygnus olor","0","0","1","0"
"0.36","111","Emberiza schoeniclus","0","0","1","0"
"0.36","111","Ardea alba","0","0","1","0"
"0.36","111","Tringa totanus","0","0","1","0"
"0.36","111","Regulus regulus","0","0","1","0"
"0.36","111","Passer hispaniolensis","0","0","1","0"
"0.36","111","Ichthyaetus melanocephalus","0","0","1","0"
"0.36","111","Columba oenas","0","0","1","0"
"0.36","111","Cecropis daurica","0","0","1","0"
"0.36","111","Strix aluco","0","0","1","0"
"0.36","111","Psittacula krameri","0","0","1","0"
"0.36","111","Falco naumanni","0","0","1","0"
"0.36","111","Coracias garrulus","0","0","1","0"
"0.36","111","Rallus aquaticus","0","0","1","0"
"0.36","111","Athene noctua","0","0","1","0"
"0.36","111","Aegypius monachus","0","0","1","0"
"0.36","111","Phylloscopus ibericus","0","0","1","0"
"0.36","111","Spatula clypeata","0","0","1","0"
"0.36","111","Podiceps nigricollis","0","0","1","0"
"0.36","111","Platalea leucorodia","0","0","1","0"
"0.36","111","Lanius meridionalis","0","0","1","0"
"0.36","111","Chlidonias niger","0","0","1","0"
"0.36","111","Chlidonias hybrida","0","0","1","0"
"0.36","111","Otus scops","0","0","1","0"
"0.36","111","Jynx torquilla","0","0","1","0"
"0.36","112","Turdus merula","0","0","1","0"
"0.36","112","Apus apus","0","0","1","0"
"0.36","112","Fringilla coelebs","0","0","1","0"
"0.36","112","Hirundo rustica","0","0","1","0"
"0.36","112","Columba palumbus","0","0","1","0"
"0.36","112","Sylvia atricapilla","0","0","1","0"
"0.36","112","Passer domesticus","0","0","1","0"
"0.36","112","Corvus corone","0","0","1","0"
"0.36","112","Pica pica","0","0","1","0"
"0.36","112","Carduelis carduelis","0","0","1","0"
"0.36","112","Parus major","0","0","1","0"
"0.36","112","Serinus serinus","0","0","1","0"
"0.36","112","Milvus migrans","0","0","1","0"
"0.36","112","Streptopelia decaocto","0","0","1","0"
"0.36","112","Phoenicurus ochruros","0","0","1","0"
"0.36","112","Erithacus rubecula","0","0","1","0"
"0.36","112","Delichon urbicum","0","0","1","0"
"0.36","112","Luscinia megarhynchos","0","0","0","1"
"0.36","112","Gyps fulvus","0","0","1","0"
"0.36","112","Cuculus canorus","0","0","1","0"
"0.36","112","Cyanistes caeruleus","0","0","1","0"
"0.36","112","Garrulus glandarius","0","0","1","0"
"0.36","112","Motacilla alba","0","0","1","0"
"0.36","112","Chloris chloris","0","0","1","0"
"0.36","112","Troglodytes troglodytes","0","0","1","0"
"0.36","112","Emberiza cirlus","0","0","1","0"
"0.36","112","Falco tinnunculus","0","0","1","0"
"0.36","112","Columba livia","0","0","1","0"
"0.36","112","Oriolus oriolus","0","0","1","0"
"0.36","112","Buteo buteo","0","0","1","0"
"0.36","112","Sturnus vulgaris","0","0","1","0"
"0.36","112","Phylloscopus bonelli","0","0","1","0"
"0.36","112","Anas platyrhynchos","0","0","1","0"
"0.36","112","Linaria cannabina","0","0","1","0"
"0.36","112","Periparus ater","0","0","1","0"
"0.36","112","Merops apiaster","0","0","1","0"
"0.36","112","Larus michahellis","0","0","1","0"
"0.36","112","Hippolais polyglotta","0","0","1","0"
"0.36","112","Saxicola rubicola","0","0","1","0"
"0.36","112","Certhia brachydactyla","0","0","1","0"
"0.36","112","Upupa epops","0","0","1","0"
"0.36","112","Ardea cinerea","0","0","1","0"
"0.36","112","Ptyonoprogne rupestris","0","0","1","0"
"0.36","112","Dendrocopos major","0","0","1","0"
"0.36","112","Emberiza calandra","0","0","1","0"
"0.36","112","Streptopelia turtur","0","0","1","0"
"0.36","112","Picus viridis","0","0","1","0"
"0.36","112","Regulus ignicapilla","0","0","1","0"
"0.36","112","Corvus corax","0","0","1","0"
"0.36","112","Aegithalos caudatus","0","0","1","0"
"0.36","112","Cettia cetti","0","0","1","0"
"0.36","112","Turdus viscivorus","0","0","1","0"
"0.36","112","Pyrrhocorax pyrrhocorax","0","0","1","0"
"0.36","112","Lullula arborea","0","0","1","0"
"0.36","112","Sitta europaea","0","0","1","0"
"0.36","112","Turdus philomelos","0","0","1","0"
"0.36","112","Galerida cristata","0","0","1","0"
"0.36","112","Alauda arvensis","0","0","1","0"
"0.36","112","Phylloscopus collybita","0","0","1","0"
"0.36","112","Petronia petronia","0","0","1","0"
"0.36","112","Curruca melanocephala","0","0","1","0"
"0.36","112","Egretta garzetta","0","0","1","0"
"0.36","112","Fulica atra","0","0","1","0"
"0.36","112","Lophophanes cristatus","0","0","1","0"
"0.36","112","Phalacrocorax carbo","0","0","1","0"
"0.36","112","Curruca communis","0","0","1","0"
"0.36","112","Cisticola juncidis","0","0","1","0"
"0.36","112","Milvus milvus","0","0","1","0"
"0.36","112","Gallinula chloropus","0","0","1","0"
"0.36","112","Circaetus gallicus","0","0","1","0"
"0.36","112","Oenanthe oenanthe","0","0","1","0"
"0.36","112","Phoenicurus phoenicurus","0","0","1","0"
"0.36","112","Picus sharpei","0","0","1","0"
"0.36","112","Ciconia ciconia","0","0","1","0"
"0.36","112","Hieraaetus pennatus","0","0","1","0"
"0.36","112","Carduelis citrinella","0","0","1","0"
"0.36","112","Corvus monedula","0","0","1","0"
"0.36","112","Lanius collurio","0","0","1","0"
"0.36","112","Motacilla flava","0","0","1","0"
"0.36","112","Sturnus unicolor","0","0","1","0"
"0.36","112","Circus aeruginosus","0","0","1","0"
"0.36","112","Himantopus himantopus","0","0","1","0"
"0.36","112","Motacilla cinerea","0","0","1","0"
"0.36","112","Curruca iberiae","0","0","1","0"
"0.36","112","Lanius senator","0","0","1","0"
"0.36","112","Chroicocephalus ridibundus","0","0","1","0"
"0.36","112","Prunella modularis","0","0","1","0"
"0.36","112","Emberiza cia","0","0","1","0"
"0.36","112","Alectoris rufa","0","0","1","0"
"0.36","112","Acrocephalus scirpaceus","0","0","1","0"
"0.36","112","Bubulcus ibis","0","0","1","0"
"0.36","112","Acrocephalus arundinaceus","0","0","1","0"
"0.36","112","Podiceps cristatus","0","0","1","0"
"0.36","112","Emberiza citrinella","0","0","1","0"
"0.36","112","Muscicapa striata","0","0","1","0"
"0.36","112","Anthus trivialis","0","0","1","0"
"0.36","112","Coturnix coturnix","0","0","1","0"
"0.36","112","Pernis apivorus","0","0","1","0"
"0.36","112","Passer montanus","0","0","1","0"
"0.36","112","Sterna hirundo","0","0","1","0"
"0.36","112","Ardea purpurea","0","0","1","0"
"0.36","112","Tachybaptus ruficollis","0","0","1","0"
"0.36","112","Charadrius dubius","0","0","1","0"
"0.36","112","Sylvia borin","0","0","1","0"
"0.36","112","Tadorna tadorna","0","0","1","0"
"0.36","112","Apus melba","0","0","1","0"
"0.36","112","Falco subbuteo","0","0","1","0"
"0.36","112","Curruca undata","0","0","1","0"
"0.36","112","Riparia riparia","0","0","1","0"
"0.36","112","Pyrrhula pyrrhula","0","0","1","0"
"0.36","112","Actitis hypoleucos","0","0","1","0"
"0.36","112","Recurvirostra avosetta","0","0","1","0"
"0.36","112","Netta rufina","0","0","1","0"
"0.36","112","Circus pygargus","0","0","1","0"
"0.36","112","Anthus campestris","0","0","1","0"
"0.36","112","Poecile palustris","0","0","1","0"
"0.36","112","Pyrrhocorax graculus","0","0","1","0"
"0.36","112","Galerida theklae","0","0","1","0"
"0.36","112","Saxicola rubetra","0","0","1","0"
"0.36","112","Cinclus cinclus","0","0","1","0"
"0.36","112","Aquila chrysaetos","0","0","1","0"
"0.36","112","Accipiter nisus","0","0","1","0"
"0.36","112","Aythya ferina","0","0","1","0"
"0.36","112","Melanocorypha calandra","0","0","1","0"
"0.36","112","Alcedo atthis","0","0","1","0"
"0.36","112","Phasianus colchicus","0","0","1","0"
"0.36","112","Mareca strepera","0","0","1","0"
"0.36","112","Nycticorax nycticorax","0","0","1","0"
"0.36","112","Plegadis falcinellus","0","0","1","0"
"0.36","112","Ardea alba","0","0","1","0"
"0.36","112","Sternula albifrons","0","0","1","0"
"0.36","112","Anthus spinoletta","0","0","1","0"
"0.36","112","Coccothraustes coccothraustes","0","0","1","0"
"0.36","112","Burhinus oedicnemus","0","0","1","0"
"0.36","112","Vanellus vanellus","0","0","1","0"
"0.36","112","Tringa ochropus","0","0","1","0"
"0.36","112","Phoenicopterus roseus","0","0","1","0"
"0.36","112","Cygnus olor","0","0","1","0"
"0.36","112","Tringa totanus","0","0","1","0"
"0.36","112","Loxia curvirostra","0","0","1","0"
"0.36","112","Emberiza schoeniclus","0","0","1","0"
"0.36","112","Regulus regulus","0","0","1","0"
"0.36","112","Psittacula krameri","0","0","1","0"
"0.36","112","Passer hispaniolensis","0","0","1","0"
"0.36","112","Ichthyaetus melanocephalus","0","0","1","0"
"0.36","112","Cecropis daurica","0","0","1","0"
"0.36","112","Columba oenas","0","0","1","0"
"0.36","112","Falco naumanni","0","0","1","0"
"0.36","112","Aegypius monachus","0","0","1","0"
"0.36","112","Spatula clypeata","0","0","1","0"
"0.36","112","Strix aluco","0","0","1","0"
"0.36","112","Podiceps nigricollis","0","0","1","0"
"0.36","112","Rallus aquaticus","0","0","1","0"
"0.36","112","Jynx torquilla","0","0","1","0"
"0.36","112","Phylloscopus trochilus","0","0","1","0"
"0.36","112","Phylloscopus ibericus","0","0","1","0"
"0.36","112","Tringa glareola","0","0","1","0"
"0.36","112","Athene noctua","0","0","1","0"
"0.36","112","Chlidonias hybrida","0","0","1","0"
"0.36","112","Monticola solitarius","0","0","1","0"
"0.36","112","Ficedula hypoleuca","0","0","1","0"
"0.36","112","Coracias garrulus","0","0","1","0"
"0.36","112","Chlidonias niger","0","0","1","0"
"0.36","112","Platalea leucorodia","0","0","1","0"
"0.36","112","Thalasseus sandvicensis","0","0","1","0"
"0.36","112","Morus bassanus","0","0","1","0"
"0.36","112","Ardeola ralloides","0","0","1","0"
"0.36","112","Otus scops","0","0","1","0"
"0.36","113","Turdus merula","0","0","0","1"
"0.36","113","Apus apus","0","0","1","0"
"0.36","113","Fringilla coelebs","0","0","1","0"
"0.36","113","Hirundo rustica","0","0","1","0"
"0.36","113","Columba palumbus","0","0","1","0"
"0.36","113","Sylvia atricapilla","1","0","0","0"
"0.36","113","Passer domesticus","0","0","1","0"
"0.36","113","Corvus corone","0","0","0","1"
"0.36","113","Pica pica","0","0","1","0"
"0.36","113","Carduelis carduelis","0","0","1","0"
"0.36","113","Parus major","0","0","1","0"
"0.36","113","Serinus serinus","0","0","1","0"
"0.36","113","Milvus migrans","0","0","1","0"
"0.36","113","Streptopelia decaocto","0","0","1","0"
"0.36","113","Phoenicurus ochruros","0","0","1","0"
"0.36","113","Erithacus rubecula","0","0","0","1"
"0.36","113","Delichon urbicum","0","0","1","0"
"0.36","113","Luscinia megarhynchos","0","0","1","0"
"0.36","113","Gyps fulvus","0","0","1","0"
"0.36","113","Cuculus canorus","0","0","1","0"
"0.36","113","Cyanistes caeruleus","0","0","0","1"
"0.36","113","Garrulus glandarius","0","0","1","0"
"0.36","113","Motacilla alba","0","0","1","0"
"0.36","113","Chloris chloris","0","0","1","0"
"0.36","113","Troglodytes troglodytes","0","0","0","1"
"0.36","113","Emberiza cirlus","0","0","1","0"
"0.36","113","Falco tinnunculus","0","0","1","0"
"0.36","113","Columba livia","0","0","1","0"
"0.36","113","Oriolus oriolus","0","0","1","0"
"0.36","113","Buteo buteo","0","0","1","0"
"0.36","113","Sturnus vulgaris","0","0","1","0"
"0.36","113","Phylloscopus bonelli","0","0","1","0"
"0.36","113","Anas platyrhynchos","0","0","1","0"
"0.36","113","Linaria cannabina","0","0","1","0"
"0.36","113","Periparus ater","0","0","1","0"
"0.36","113","Merops apiaster","0","0","1","0"
"0.36","113","Larus michahellis","0","0","1","0"
"0.36","113","Hippolais polyglotta","0","0","1","0"
"0.36","113","Saxicola rubicola","0","0","1","0"
"0.36","113","Certhia brachydactyla","0","0","1","0"
"0.36","113","Upupa epops","0","0","1","0"
"0.36","113","Ardea cinerea","0","0","1","0"
"0.36","113","Ptyonoprogne rupestris","0","0","1","0"
"0.36","113","Dendrocopos major","0","0","1","0"
"0.36","113","Emberiza calandra","0","0","1","0"
"0.36","113","Streptopelia turtur","0","0","1","0"
"0.36","113","Picus viridis","0","0","1","0"
"0.36","113","Regulus ignicapilla","0","0","1","0"
"0.36","113","Corvus corax","0","0","1","0"
"0.36","113","Aegithalos caudatus","0","0","1","0"
"0.36","113","Cettia cetti","0","0","1","0"
"0.36","113","Turdus viscivorus","0","0","1","0"
"0.36","113","Pyrrhocorax pyrrhocorax","0","0","1","0"
"0.36","113","Lullula arborea","0","0","1","0"
"0.36","113","Sitta europaea","0","0","1","0"
"0.36","113","Turdus philomelos","0","0","0","1"
"0.36","113","Galerida cristata","0","0","1","0"
"0.36","113","Alauda arvensis","0","0","1","0"
"0.36","113","Phylloscopus collybita","0","0","0","1"
"0.36","113","Petronia petronia","0","0","1","0"
"0.36","113","Curruca melanocephala","0","0","1","0"
"0.36","113","Egretta garzetta","0","0","1","0"
"0.36","113","Fulica atra","0","0","1","0"
"0.36","113","Lophophanes cristatus","0","0","1","0"
"0.36","113","Phalacrocorax carbo","0","0","1","0"
"0.36","113","Curruca communis","1","0","0","0"
"0.36","113","Cisticola juncidis","0","0","1","0"
"0.36","113","Milvus milvus","0","0","1","0"
"0.36","113","Gallinula chloropus","0","0","1","0"
"0.36","113","Circaetus gallicus","0","0","1","0"
"0.36","113","Oenanthe oenanthe","0","0","1","0"
"0.36","113","Phoenicurus phoenicurus","0","0","1","0"
"0.36","113","Picus sharpei","0","0","1","0"
"0.36","113","Ciconia ciconia","0","0","1","0"
"0.36","113","Hieraaetus pennatus","0","0","1","0"
"0.36","113","Carduelis citrinella","0","0","1","0"
"0.36","113","Corvus monedula","0","0","1","0"
"0.36","113","Lanius collurio","0","0","1","0"
"0.36","113","Motacilla flava","0","0","1","0"
"0.36","113","Sturnus unicolor","0","0","1","0"
"0.36","113","Circus aeruginosus","0","0","1","0"
"0.36","113","Himantopus himantopus","0","0","1","0"
"0.36","113","Motacilla cinerea","0","0","1","0"
"0.36","113","Curruca iberiae","0","0","1","0"
"0.36","113","Lanius senator","0","0","1","0"
"0.36","113","Chroicocephalus ridibundus","0","0","1","0"
"0.36","113","Prunella modularis","0","0","1","0"
"0.36","113","Emberiza cia","0","0","1","0"
"0.36","113","Alectoris rufa","0","0","1","0"
"0.36","113","Acrocephalus scirpaceus","0","0","1","0"
"0.36","113","Bubulcus ibis","0","0","1","0"
"0.36","113","Acrocephalus arundinaceus","0","0","1","0"
"0.36","113","Podiceps cristatus","0","0","1","0"
"0.36","113","Emberiza citrinella","0","0","1","0"
"0.36","113","Muscicapa striata","0","0","1","0"
"0.36","113","Anthus trivialis","0","0","1","0"
"0.36","113","Coturnix coturnix","0","0","1","0"
"0.36","113","Pernis apivorus","0","0","1","0"
"0.36","113","Passer montanus","0","0","1","0"
"0.36","113","Sterna hirundo","0","0","1","0"
"0.36","113","Ardea purpurea","0","0","1","0"
"0.36","113","Tachybaptus ruficollis","0","0","1","0"
"0.36","113","Charadrius dubius","0","0","1","0"
"0.36","113","Sylvia borin","0","0","1","0"
"0.36","113","Tadorna tadorna","0","0","1","0"
"0.36","113","Apus melba","0","0","1","0"
"0.36","113","Falco subbuteo","0","0","1","0"
"0.36","113","Curruca undata","0","0","1","0"
"0.36","113","Riparia riparia","0","0","1","0"
"0.36","113","Pyrrhula pyrrhula","0","0","1","0"
"0.36","113","Actitis hypoleucos","0","0","1","0"
"0.36","113","Recurvirostra avosetta","0","0","1","0"
"0.36","113","Netta rufina","0","0","1","0"
"0.36","113","Circus pygargus","0","0","1","0"
"0.36","113","Anthus campestris","0","0","1","0"
"0.36","113","Poecile palustris","0","0","1","0"
"0.36","113","Pyrrhocorax graculus","0","0","1","0"
"0.36","113","Galerida theklae","0","0","1","0"
"0.36","113","Saxicola rubetra","0","0","1","0"
"0.36","113","Cinclus cinclus","0","0","1","0"
"0.36","113","Aquila chrysaetos","0","0","1","0"
"0.36","113","Accipiter nisus","0","0","1","0"
"0.36","113","Aythya ferina","0","0","1","0"
"0.36","113","Melanocorypha calandra","0","0","1","0"
"0.36","113","Alcedo atthis","0","0","1","0"
"0.36","113","Phasianus colchicus","0","0","1","0"
"0.36","113","Mareca strepera","0","0","1","0"
"0.36","113","Nycticorax nycticorax","0","0","1","0"
"0.36","113","Plegadis falcinellus","0","0","1","0"
"0.36","113","Ardea alba","0","0","1","0"
"0.36","113","Sternula albifrons","0","0","1","0"
"0.36","113","Anthus spinoletta","0","0","1","0"
"0.36","113","Coccothraustes coccothraustes","0","0","1","0"
"0.36","113","Burhinus oedicnemus","0","0","1","0"
"0.36","113","Vanellus vanellus","0","0","1","0"
"0.36","113","Tringa ochropus","0","0","1","0"
"0.36","113","Phoenicopterus roseus","0","0","1","0"
"0.36","113","Cygnus olor","0","0","1","0"
"0.36","113","Tringa totanus","0","0","1","0"
"0.36","113","Loxia curvirostra","0","0","1","0"
"0.36","113","Emberiza schoeniclus","0","0","1","0"
"0.36","113","Regulus regulus","0","0","1","0"
"0.36","113","Psittacula krameri","0","0","1","0"
"0.36","113","Passer hispaniolensis","0","0","1","0"
"0.36","113","Ichthyaetus melanocephalus","0","0","1","0"
"0.36","113","Cecropis daurica","0","0","1","0"
"0.36","113","Columba oenas","0","0","1","0"
"0.36","113","Falco naumanni","0","0","1","0"
"0.36","113","Aegypius monachus","0","0","1","0"
"0.36","113","Spatula clypeata","0","0","1","0"
"0.36","113","Strix aluco","0","0","1","0"
"0.36","113","Podiceps nigricollis","0","0","1","0"
"0.36","113","Rallus aquaticus","0","0","1","0"
"0.36","113","Jynx torquilla","0","0","1","0"
"0.36","113","Phylloscopus trochilus","0","0","1","0"
"0.36","113","Phylloscopus ibericus","0","0","1","0"
"0.36","113","Tringa glareola","0","0","1","0"
"0.36","113","Athene noctua","0","0","1","0"
"0.36","113","Chlidonias hybrida","0","0","1","0"
"0.36","113","Monticola solitarius","0","0","1","0"
"0.36","113","Ficedula hypoleuca","0","0","1","0"
"0.36","113","Coracias garrulus","0","0","1","0"
"0.36","113","Chlidonias niger","0","0","1","0"
"0.36","113","Platalea leucorodia","0","0","1","0"
"0.36","113","Thalasseus sandvicensis","0","0","1","0"
"0.36","113","Morus bassanus","0","0","1","0"
"0.36","113","Ardeola ralloides","0","0","1","0"
"0.36","113","Otus scops","0","0","1","0"
"0.36","114","Turdus merula","0","0","1","0"
"0.36","114","Apus apus","0","0","1","0"
"0.36","114","Fringilla coelebs","0","0","1","0"
"0.36","114","Hirundo rustica","0","0","1","0"
"0.36","114","Columba palumbus","0","0","1","0"
"0.36","114","Sylvia atricapilla","0","0","0","1"
"0.36","114","Passer domesticus","0","0","1","0"
"0.36","114","Corvus corone","0","0","1","0"
"0.36","114","Pica pica","0","0","1","0"
"0.36","114","Carduelis carduelis","0","0","1","0"
"0.36","114","Parus major","0","0","1","0"
"0.36","114","Serinus serinus","0","0","1","0"
"0.36","114","Milvus migrans","0","0","1","0"
"0.36","114","Streptopelia decaocto","0","0","1","0"
"0.36","114","Phoenicurus ochruros","0","0","1","0"
"0.36","114","Erithacus rubecula","0","0","1","0"
"0.36","114","Delichon urbicum","0","0","1","0"
"0.36","114","Luscinia megarhynchos","0","0","1","0"
"0.36","114","Gyps fulvus","0","0","1","0"
"0.36","114","Cuculus canorus","0","0","1","0"
"0.36","114","Cyanistes caeruleus","0","0","1","0"
"0.36","114","Garrulus glandarius","0","0","1","0"
"0.36","114","Motacilla alba","0","0","1","0"
"0.36","114","Chloris chloris","0","0","1","0"
"0.36","114","Troglodytes troglodytes","0","0","1","0"
"0.36","114","Emberiza cirlus","0","0","1","0"
"0.36","114","Falco tinnunculus","0","0","1","0"
"0.36","114","Columba livia","0","0","1","0"
"0.36","114","Oriolus oriolus","0","0","1","0"
"0.36","114","Buteo buteo","0","0","1","0"
"0.36","114","Sturnus vulgaris","0","0","1","0"
"0.36","114","Phylloscopus bonelli","0","0","1","0"
"0.36","114","Anas platyrhynchos","0","0","1","0"
"0.36","114","Linaria cannabina","0","0","1","0"
"0.36","114","Periparus ater","0","0","1","0"
"0.36","114","Merops apiaster","0","0","1","0"
"0.36","114","Larus michahellis","0","0","1","0"
"0.36","114","Hippolais polyglotta","0","0","1","0"
"0.36","114","Saxicola rubicola","0","0","1","0"
"0.36","114","Certhia brachydactyla","0","0","1","0"
"0.36","114","Upupa epops","0","0","1","0"
"0.36","114","Ardea cinerea","0","0","1","0"
"0.36","114","Ptyonoprogne rupestris","0","0","1","0"
"0.36","114","Dendrocopos major","0","0","1","0"
"0.36","114","Emberiza calandra","0","0","1","0"
"0.36","114","Streptopelia turtur","0","0","0","1"
"0.36","114","Picus viridis","0","0","1","0"
"0.36","114","Regulus ignicapilla","0","0","0","1"
"0.36","114","Corvus corax","0","0","1","0"
"0.36","114","Aegithalos caudatus","0","0","1","0"
"0.36","114","Cettia cetti","0","0","1","0"
"0.36","114","Turdus viscivorus","0","0","1","0"
"0.36","114","Pyrrhocorax pyrrhocorax","0","0","1","0"
"0.36","114","Lullula arborea","0","0","1","0"
"0.36","114","Sitta europaea","0","0","1","0"
"0.36","114","Turdus philomelos","0","0","1","0"
"0.36","114","Galerida cristata","0","0","1","0"
"0.36","114","Alauda arvensis","0","0","1","0"
"0.36","114","Phylloscopus collybita","0","0","1","0"
"0.36","114","Petronia petronia","0","0","1","0"
"0.36","114","Curruca melanocephala","0","0","1","0"
"0.36","114","Egretta garzetta","0","0","1","0"
"0.36","114","Fulica atra","0","0","1","0"
"0.36","114","Lophophanes cristatus","0","0","1","0"
"0.36","114","Phalacrocorax carbo","0","0","1","0"
"0.36","114","Curruca communis","0","0","0","1"
"0.36","114","Cisticola juncidis","0","0","1","0"
"0.36","114","Milvus milvus","0","0","1","0"
"0.36","114","Gallinula chloropus","0","0","1","0"
"0.36","114","Circaetus gallicus","0","0","1","0"
"0.36","114","Oenanthe oenanthe","0","0","1","0"
"0.36","114","Phoenicurus phoenicurus","0","0","1","0"
"0.36","114","Picus sharpei","0","0","1","0"
"0.36","114","Ciconia ciconia","0","0","1","0"
"0.36","114","Hieraaetus pennatus","0","0","1","0"
"0.36","114","Carduelis citrinella","0","0","1","0"
"0.36","114","Corvus monedula","0","0","1","0"
"0.36","114","Lanius collurio","0","0","1","0"
"0.36","114","Motacilla flava","0","0","1","0"
"0.36","114","Sturnus unicolor","0","0","1","0"
"0.36","114","Circus aeruginosus","0","0","1","0"
"0.36","114","Himantopus himantopus","0","0","1","0"
"0.36","114","Motacilla cinerea","0","0","1","0"
"0.36","114","Curruca iberiae","0","0","1","0"
"0.36","114","Lanius senator","0","0","1","0"
"0.36","114","Chroicocephalus ridibundus","0","0","1","0"
"0.36","114","Prunella modularis","0","0","1","0"
"0.36","114","Emberiza cia","0","0","1","0"
"0.36","114","Alectoris rufa","0","0","1","0"
"0.36","114","Acrocephalus scirpaceus","0","0","1","0"
"0.36","114","Bubulcus ibis","0","0","1","0"
"0.36","114","Acrocephalus arundinaceus","0","0","1","0"
"0.36","114","Podiceps cristatus","0","0","1","0"
"0.36","114","Emberiza citrinella","0","0","1","0"
"0.36","114","Muscicapa striata","0","0","1","0"
"0.36","114","Anthus trivialis","0","0","1","0"
"0.36","114","Coturnix coturnix","0","0","1","0"
"0.36","114","Pernis apivorus","0","0","1","0"
"0.36","114","Passer montanus","0","0","1","0"
"0.36","114","Sterna hirundo","0","0","1","0"
"0.36","114","Ardea purpurea","0","0","1","0"
"0.36","114","Tachybaptus ruficollis","0","0","1","0"
"0.36","114","Charadrius dubius","0","0","1","0"
"0.36","114","Sylvia borin","0","0","1","0"
"0.36","114","Tadorna tadorna","0","0","1","0"
"0.36","114","Apus melba","0","0","1","0"
"0.36","114","Falco subbuteo","0","0","1","0"
"0.36","114","Curruca undata","0","0","1","0"
"0.36","114","Riparia riparia","0","0","1","0"
"0.36","114","Pyrrhula pyrrhula","0","0","1","0"
"0.36","114","Actitis hypoleucos","0","0","1","0"
"0.36","114","Recurvirostra avosetta","0","0","1","0"
"0.36","114","Netta rufina","0","0","1","0"
"0.36","114","Circus pygargus","0","0","1","0"
"0.36","114","Anthus campestris","0","0","1","0"
"0.36","114","Poecile palustris","0","0","1","0"
"0.36","114","Pyrrhocorax graculus","0","0","1","0"
"0.36","114","Galerida theklae","0","0","1","0"
"0.36","114","Saxicola rubetra","0","0","1","0"
"0.36","114","Cinclus cinclus","0","0","1","0"
"0.36","114","Aquila chrysaetos","0","0","1","0"
"0.36","114","Accipiter nisus","0","0","1","0"
"0.36","114","Aythya ferina","0","0","1","0"
"0.36","114","Melanocorypha calandra","0","0","1","0"
"0.36","114","Alcedo atthis","0","0","1","0"
"0.36","114","Phasianus colchicus","0","0","1","0"
"0.36","114","Mareca strepera","0","0","1","0"
"0.36","114","Nycticorax nycticorax","0","0","1","0"
"0.36","114","Plegadis falcinellus","0","0","1","0"
"0.36","114","Ardea alba","0","0","1","0"
"0.36","114","Sternula albifrons","0","0","1","0"
"0.36","114","Anthus spinoletta","0","0","1","0"
"0.36","114","Coccothraustes coccothraustes","0","0","1","0"
"0.36","114","Burhinus oedicnemus","0","0","1","0"
"0.36","114","Vanellus vanellus","0","0","1","0"
"0.36","114","Tringa ochropus","0","0","1","0"
"0.36","114","Phoenicopterus roseus","0","0","1","0"
"0.36","114","Cygnus olor","0","0","1","0"
"0.36","114","Tringa totanus","0","0","1","0"
"0.36","114","Loxia curvirostra","0","0","1","0"
"0.36","114","Emberiza schoeniclus","0","0","1","0"
"0.36","114","Regulus regulus","0","0","1","0"
"0.36","114","Psittacula krameri","0","0","1","0"
"0.36","114","Passer hispaniolensis","0","0","1","0"
"0.36","114","Ichthyaetus melanocephalus","0","0","1","0"
"0.36","114","Cecropis daurica","0","0","1","0"
"0.36","114","Columba oenas","0","0","1","0"
"0.36","114","Falco naumanni","0","0","1","0"
"0.36","114","Aegypius monachus","0","0","1","0"
"0.36","114","Spatula clypeata","0","0","1","0"
"0.36","114","Strix aluco","0","0","1","0"
"0.36","114","Podiceps nigricollis","0","0","1","0"
"0.36","114","Rallus aquaticus","0","0","1","0"
"0.36","114","Jynx torquilla","0","0","1","0"
"0.36","114","Phylloscopus trochilus","0","0","1","0"
"0.36","114","Phylloscopus ibericus","0","0","1","0"
"0.36","114","Tringa glareola","0","0","1","0"
"0.36","114","Athene noctua","0","0","1","0"
"0.36","114","Chlidonias hybrida","0","0","1","0"
"0.36","114","Monticola solitarius","0","0","1","0"
"0.36","114","Ficedula hypoleuca","0","0","1","0"
"0.36","114","Coracias garrulus","0","0","1","0"
"0.36","114","Chlidonias niger","0","0","1","0"
"0.36","114","Platalea leucorodia","0","0","1","0"
"0.36","114","Thalasseus sandvicensis","0","0","1","0"
"0.36","114","Morus bassanus","0","0","1","0"
"0.36","114","Ardeola ralloides","0","0","1","0"
"0.36","114","Otus scops","0","0","1","0"
"0.36","115","Turdus merula","0","0","1","0"
"0.36","115","Apus apus","0","0","1","0"
"0.36","115","Fringilla coelebs","0","0","1","0"
"0.36","115","Columba palumbus","0","0","1","0"
"0.36","115","Hirundo rustica","0","0","1","0"
"0.36","115","Passer domesticus","0","0","1","0"
"0.36","115","Sylvia atricapilla","0","0","1","0"
"0.36","115","Corvus corone","0","0","1","0"
"0.36","115","Pica pica","0","0","1","0"
"0.36","115","Carduelis carduelis","0","0","1","0"
"0.36","115","Serinus serinus","0","0","1","0"
"0.36","115","Parus major","0","0","1","0"
"0.36","115","Streptopelia decaocto","0","0","1","0"
"0.36","115","Milvus migrans","0","0","1","0"
"0.36","115","Delichon urbicum","0","0","1","0"
"0.36","115","Phoenicurus ochruros","0","0","1","0"
"0.36","115","Erithacus rubecula","0","0","1","0"
"0.36","115","Gyps fulvus","0","0","1","0"
"0.36","115","Motacilla alba","0","0","1","0"
"0.36","115","Garrulus glandarius","0","0","1","0"
"0.36","115","Cyanistes caeruleus","0","0","1","0"
"0.36","115","Chloris chloris","0","0","1","0"
"0.36","115","Emberiza cirlus","0","0","1","0"
"0.36","115","Troglodytes troglodytes","0","0","1","0"
"0.36","115","Luscinia megarhynchos","0","0","1","0"
"0.36","115","Oriolus oriolus","0","0","1","0"
"0.36","115","Columba livia","0","0","1","0"
"0.36","115","Falco tinnunculus","0","0","1","0"
"0.36","115","Cuculus canorus","0","0","1","0"
"0.36","115","Buteo buteo","0","0","1","0"
"0.36","115","Sturnus vulgaris","0","0","1","0"
"0.36","115","Phylloscopus bonelli","0","0","1","0"
"0.36","115","Linaria cannabina","0","0","1","0"
"0.36","115","Periparus ater","0","0","1","0"
"0.36","115","Hippolais polyglotta","0","0","1","0"
"0.36","115","Merops apiaster","0","0","1","0"
"0.36","115","Larus michahellis","0","0","1","0"
"0.36","115","Anas platyrhynchos","0","0","1","0"
"0.36","115","Ptyonoprogne rupestris","0","0","1","0"
"0.36","115","Certhia brachydactyla","0","0","1","0"
"0.36","115","Saxicola rubicola","0","0","1","0"
"0.36","115","Ardea cinerea","0","0","1","0"
"0.36","115","Dendrocopos major","0","0","1","0"
"0.36","115","Streptopelia turtur","0","0","1","0"
"0.36","115","Upupa epops","0","0","1","0"
"0.36","115","Picus viridis","0","0","1","0"
"0.36","115","Emberiza calandra","0","0","1","0"
"0.36","115","Regulus ignicapilla","0","0","1","0"
"0.36","115","Corvus corax","0","0","1","0"
"0.36","115","Aegithalos caudatus","0","0","1","0"
"0.36","115","Turdus viscivorus","0","0","1","0"
"0.36","115","Alauda arvensis","0","0","1","0"
"0.36","115","Turdus philomelos","0","0","1","0"
"0.36","115","Sitta europaea","0","0","1","0"
"0.36","115","Lullula arborea","0","0","1","0"
"0.36","115","Pyrrhocorax pyrrhocorax","0","0","1","0"
"0.36","115","Galerida cristata","0","0","1","0"
"0.36","115","Petronia petronia","0","0","1","0"
"0.36","115","Cettia cetti","0","0","1","0"
"0.36","115","Lophophanes cristatus","0","0","1","0"
"0.36","115","Phylloscopus collybita","0","0","1","0"
"0.36","115","Fulica atra","0","0","1","0"
"0.36","115","Curruca melanocephala","0","0","1","0"
"0.36","115","Egretta garzetta","0","0","1","0"
"0.36","115","Cisticola juncidis","0","0","1","0"
"0.36","115","Lanius collurio","0","0","1","0"
"0.36","115","Circaetus gallicus","0","0","1","0"
"0.36","115","Curruca communis","0","0","1","0"
"0.36","115","Phalacrocorax carbo","0","0","1","0"
"0.36","115","Carduelis citrinella","0","0","1","0"
"0.36","115","Milvus milvus","0","0","1","0"
"0.36","115","Gallinula chloropus","0","0","1","0"
"0.36","115","Hieraaetus pennatus","0","0","1","0"
"0.36","115","Oenanthe oenanthe","0","0","1","0"
"0.36","115","Picus sharpei","0","0","1","0"
"0.36","115","Phoenicurus phoenicurus","0","0","1","0"
"0.36","115","Ciconia ciconia","0","0","1","0"
"0.36","115","Chroicocephalus ridibundus","0","0","1","0"
"0.36","115","Corvus monedula","0","0","1","0"
"0.36","115","Motacilla cinerea","0","0","1","0"
"0.36","115","Lanius senator","0","0","1","0"
"0.36","115","Himantopus himantopus","0","0","1","0"
"0.36","115","Acrocephalus scirpaceus","0","0","1","0"
"0.36","115","Emberiza cia","0","0","1","0"
"0.36","115","Alectoris rufa","0","0","1","0"
"0.36","115","Curruca iberiae","0","0","1","0"
"0.36","115","Bubulcus ibis","0","0","1","0"
"0.36","115","Prunella modularis","0","0","1","0"
"0.36","115","Coturnix coturnix","0","0","1","0"
"0.36","115","Sturnus unicolor","0","0","1","0"
"0.36","115","Circus aeruginosus","0","0","1","0"
"0.36","115","Emberiza citrinella","0","0","1","0"
"0.36","115","Motacilla flava","0","0","1","0"
"0.36","115","Muscicapa striata","0","0","1","0"
"0.36","115","Pernis apivorus","0","0","1","0"
"0.36","115","Acrocephalus arundinaceus","0","0","1","0"
"0.36","115","Sterna hirundo","0","0","1","0"
"0.36","115","Passer montanus","0","0","1","0"
"0.36","115","Podiceps cristatus","0","0","1","0"
"0.36","115","Anthus trivialis","0","0","1","0"
"0.36","115","Ardea purpurea","0","0","1","0"
"0.36","115","Sylvia borin","0","0","1","0"
"0.36","115","Tachybaptus ruficollis","0","0","1","0"
"0.36","115","Charadrius dubius","0","0","1","0"
"0.36","115","Falco subbuteo","0","0","1","0"
"0.36","115","Curruca undata","0","0","1","0"
"0.36","115","Apus melba","0","0","1","0"
"0.36","115","Pyrrhula pyrrhula","0","0","1","0"
"0.36","115","Recurvirostra avosetta","0","0","1","0"
"0.36","115","Tadorna tadorna","0","0","1","0"
"0.36","115","Anthus campestris","0","0","1","0"
"0.36","115","Riparia riparia","0","0","1","0"
"0.36","115","Netta rufina","0","0","1","0"
"0.36","115","Circus pygargus","0","0","1","0"
"0.36","115","Galerida theklae","0","0","1","0"
"0.36","115","Cinclus cinclus","0","0","1","0"
"0.36","115","Aquila chrysaetos","0","0","1","0"
"0.36","115","Poecile palustris","0","0","1","0"
"0.36","115","Actitis hypoleucos","0","0","1","0"
"0.36","115","Aythya ferina","0","0","1","0"
"0.36","115","Pyrrhocorax graculus","0","0","1","0"
"0.36","115","Alcedo atthis","0","0","1","0"
"0.36","115","Burhinus oedicnemus","0","0","1","0"
"0.36","115","Sternula albifrons","0","0","1","0"
"0.36","115","Accipiter nisus","0","0","1","0"
"0.36","115","Anthus spinoletta","0","0","1","0"
"0.36","115","Melanocorypha calandra","0","0","1","0"
"0.36","115","Nycticorax nycticorax","0","0","1","0"
"0.36","115","Coccothraustes coccothraustes","0","0","1","0"
"0.36","115","Vanellus vanellus","0","0","1","0"
"0.36","115","Phasianus colchicus","0","0","1","0"
"0.36","115","Saxicola rubetra","0","0","1","0"
"0.36","115","Loxia curvirostra","0","0","1","0"
"0.36","115","Phoenicopterus roseus","0","0","1","0"
"0.36","115","Tringa ochropus","0","0","1","0"
"0.36","115","Mareca strepera","0","0","1","0"
"0.36","115","Emberiza schoeniclus","0","0","1","0"
"0.36","115","Cygnus olor","0","0","1","0"
"0.36","115","Plegadis falcinellus","0","0","1","0"
"0.36","115","Ardea alba","0","0","1","0"
"0.36","115","Tringa totanus","0","0","1","0"
"0.36","115","Columba oenas","0","0","1","0"
"0.36","115","Strix aluco","0","0","1","0"
"0.36","115","Ichthyaetus melanocephalus","0","0","1","0"
"0.36","115","Regulus regulus","0","0","1","0"
"0.36","115","Coracias garrulus","0","0","1","0"
"0.36","115","Passer hispaniolensis","0","0","1","0"
"0.36","115","Cecropis daurica","0","0","1","0"
"0.36","115","Falco naumanni","0","0","1","0"
"0.36","115","Athene noctua","0","0","1","0"
"0.36","115","Rallus aquaticus","0","0","1","0"
"0.36","115","Psittacula krameri","0","0","1","0"
"0.36","115","Platalea leucorodia","0","0","1","0"
"0.36","115","Lanius meridionalis","0","0","1","0"
"0.36","115","Chlidonias niger","0","0","1","0"
"0.36","115","Phylloscopus ibericus","0","0","1","0"
"0.36","115","Otus scops","0","0","1","0"
"0.36","115","Jynx torquilla","0","0","1","0"
"0.36","116","Turdus merula","0","0","0","1"
"0.36","116","Apus apus","0","0","1","0"
"0.36","116","Fringilla coelebs","0","0","1","0"
"0.36","116","Columba palumbus","0","0","1","0"
"0.36","116","Hirundo rustica","0","0","1","0"
"0.36","116","Passer domesticus","0","0","1","0"
"0.36","116","Sylvia atricapilla","1","0","0","0"
"0.36","116","Corvus corone","0","0","1","0"
"0.36","116","Pica pica","0","0","1","0"
"0.36","116","Carduelis carduelis","0","0","1","0"
"0.36","116","Serinus serinus","0","0","1","0"
"0.36","116","Parus major","0","0","1","0"
"0.36","116","Streptopelia decaocto","0","0","0","1"
"0.36","116","Milvus migrans","0","0","1","0"
"0.36","116","Delichon urbicum","0","0","1","0"
"0.36","116","Phoenicurus ochruros","0","0","1","0"
"0.36","116","Erithacus rubecula","1","0","0","0"
"0.36","116","Gyps fulvus","0","0","1","0"
"0.36","116","Motacilla alba","0","0","1","0"
"0.36","116","Garrulus glandarius","0","0","0","1"
"0.36","116","Cyanistes caeruleus","0","0","0","1"
"0.36","116","Chloris chloris","0","0","1","0"
"0.36","116","Emberiza cirlus","0","0","1","0"
"0.36","116","Troglodytes troglodytes","0","0","1","0"
"0.36","116","Luscinia megarhynchos","0","0","1","0"
"0.36","116","Oriolus oriolus","0","0","1","0"
"0.36","116","Columba livia","0","0","1","0"
"0.36","116","Falco tinnunculus","0","0","1","0"
"0.36","116","Cuculus canorus","0","0","1","0"
"0.36","116","Buteo buteo","0","0","1","0"
"0.36","116","Sturnus vulgaris","0","0","1","0"
"0.36","116","Phylloscopus bonelli","0","0","1","0"
"0.36","116","Linaria cannabina","0","0","1","0"
"0.36","116","Periparus ater","0","0","1","0"
"0.36","116","Hippolais polyglotta","0","0","1","0"
"0.36","116","Merops apiaster","0","0","1","0"
"0.36","116","Larus michahellis","0","0","1","0"
"0.36","116","Anas platyrhynchos","0","0","1","0"
"0.36","116","Ptyonoprogne rupestris","0","0","1","0"
"0.36","116","Certhia brachydactyla","0","0","1","0"
"0.36","116","Saxicola rubicola","0","0","1","0"
"0.36","116","Ardea cinerea","0","0","1","0"
"0.36","116","Dendrocopos major","0","0","1","0"
"0.36","116","Streptopelia turtur","0","0","1","0"
"0.36","116","Upupa epops","0","0","1","0"
"0.36","116","Picus viridis","0","0","1","0"
"0.36","116","Emberiza calandra","0","0","1","0"
"0.36","116","Regulus ignicapilla","0","1","0","0"
"0.36","116","Corvus corax","0","0","1","0"
"0.36","116","Aegithalos caudatus","0","0","1","0"
"0.36","116","Turdus viscivorus","0","0","1","0"
"0.36","116","Alauda arvensis","0","0","1","0"
"0.36","116","Turdus philomelos","0","0","1","0"
"0.36","116","Sitta europaea","0","0","1","0"
"0.36","116","Lullula arborea","0","0","1","0"
"0.36","116","Pyrrhocorax pyrrhocorax","0","0","1","0"
"0.36","116","Galerida cristata","0","0","1","0"
"0.36","116","Petronia petronia","0","0","1","0"
"0.36","116","Cettia cetti","0","0","1","0"
"0.36","116","Lophophanes cristatus","0","0","1","0"
"0.36","116","Phylloscopus collybita","0","0","0","1"
"0.36","116","Fulica atra","0","0","1","0"
"0.36","116","Curruca melanocephala","0","0","1","0"
"0.36","116","Egretta garzetta","0","0","1","0"
"0.36","116","Cisticola juncidis","0","0","1","0"
"0.36","116","Lanius collurio","0","0","1","0"
"0.36","116","Circaetus gallicus","0","0","1","0"
"0.36","116","Curruca communis","0","0","1","0"
"0.36","116","Phalacrocorax carbo","0","0","1","0"
"0.36","116","Carduelis citrinella","0","0","1","0"
"0.36","116","Milvus milvus","0","0","1","0"
"0.36","116","Gallinula chloropus","0","0","1","0"
"0.36","116","Hieraaetus pennatus","0","0","1","0"
"0.36","116","Oenanthe oenanthe","0","0","1","0"
"0.36","116","Picus sharpei","0","0","1","0"
"0.36","116","Phoenicurus phoenicurus","0","0","1","0"
"0.36","116","Ciconia ciconia","0","0","1","0"
"0.36","116","Chroicocephalus ridibundus","0","0","1","0"
"0.36","116","Corvus monedula","0","0","1","0"
"0.36","116","Motacilla cinerea","0","0","1","0"
"0.36","116","Lanius senator","0","0","1","0"
"0.36","116","Himantopus himantopus","0","0","1","0"
"0.36","116","Acrocephalus scirpaceus","0","0","1","0"
"0.36","116","Emberiza cia","0","0","1","0"
"0.36","116","Alectoris rufa","0","0","1","0"
"0.36","116","Curruca iberiae","0","0","1","0"
"0.36","116","Bubulcus ibis","0","0","1","0"
"0.36","116","Prunella modularis","0","0","1","0"
"0.36","116","Coturnix coturnix","0","0","1","0"
"0.36","116","Sturnus unicolor","0","0","1","0"
"0.36","116","Circus aeruginosus","0","0","1","0"
"0.36","116","Emberiza citrinella","0","0","1","0"
"0.36","116","Motacilla flava","0","0","1","0"
"0.36","116","Muscicapa striata","0","0","1","0"
"0.36","116","Pernis apivorus","0","0","1","0"
"0.36","116","Acrocephalus arundinaceus","0","0","1","0"
"0.36","116","Sterna hirundo","0","0","1","0"
"0.36","116","Passer montanus","0","0","1","0"
"0.36","116","Podiceps cristatus","0","0","1","0"
"0.36","116","Anthus trivialis","0","0","1","0"
"0.36","116","Ardea purpurea","0","0","1","0"
"0.36","116","Sylvia borin","0","0","1","0"
"0.36","116","Tachybaptus ruficollis","0","0","1","0"
"0.36","116","Charadrius dubius","0","0","1","0"
"0.36","116","Falco subbuteo","0","0","1","0"
"0.36","116","Curruca undata","0","0","1","0"
"0.36","116","Apus melba","0","0","1","0"
"0.36","116","Pyrrhula pyrrhula","0","0","1","0"
"0.36","116","Recurvirostra avosetta","0","0","1","0"
"0.36","116","Tadorna tadorna","0","0","1","0"
"0.36","116","Anthus campestris","0","0","1","0"
"0.36","116","Riparia riparia","0","0","1","0"
"0.36","116","Netta rufina","0","0","1","0"
"0.36","116","Circus pygargus","0","0","1","0"
"0.36","116","Galerida theklae","0","0","1","0"
"0.36","116","Cinclus cinclus","0","0","1","0"
"0.36","116","Aquila chrysaetos","0","0","1","0"
"0.36","116","Poecile palustris","0","0","1","0"
"0.36","116","Actitis hypoleucos","0","0","1","0"
"0.36","116","Aythya ferina","0","0","1","0"
"0.36","116","Pyrrhocorax graculus","0","0","1","0"
"0.36","116","Alcedo atthis","0","0","1","0"
"0.36","116","Burhinus oedicnemus","0","0","1","0"
"0.36","116","Sternula albifrons","0","0","1","0"
"0.36","116","Accipiter nisus","0","0","1","0"
"0.36","116","Anthus spinoletta","0","0","1","0"
"0.36","116","Melanocorypha calandra","0","0","1","0"
"0.36","116","Nycticorax nycticorax","0","0","1","0"
"0.36","116","Coccothraustes coccothraustes","0","0","1","0"
"0.36","116","Vanellus vanellus","0","0","1","0"
"0.36","116","Phasianus colchicus","0","0","1","0"
"0.36","116","Saxicola rubetra","0","0","1","0"
"0.36","116","Loxia curvirostra","0","0","1","0"
"0.36","116","Phoenicopterus roseus","0","0","1","0"
"0.36","116","Tringa ochropus","0","0","1","0"
"0.36","116","Mareca strepera","0","0","1","0"
"0.36","116","Emberiza schoeniclus","0","0","1","0"
"0.36","116","Cygnus olor","0","0","1","0"
"0.36","116","Plegadis falcinellus","0","0","1","0"
"0.36","116","Ardea alba","0","0","1","0"
"0.36","116","Tringa totanus","0","0","1","0"
"0.36","116","Columba oenas","0","0","1","0"
"0.36","116","Strix aluco","0","0","1","0"
"0.36","116","Ichthyaetus melanocephalus","0","0","1","0"
"0.36","116","Regulus regulus","0","0","1","0"
"0.36","116","Coracias garrulus","0","0","1","0"
"0.36","116","Passer hispaniolensis","0","0","1","0"
"0.36","116","Cecropis daurica","0","0","1","0"
"0.36","116","Falco naumanni","0","0","1","0"
"0.36","116","Athene noctua","0","0","1","0"
"0.36","116","Rallus aquaticus","0","0","1","0"
"0.36","116","Psittacula krameri","0","0","1","0"
"0.36","116","Platalea leucorodia","0","0","1","0"
"0.36","116","Lanius meridionalis","0","0","1","0"
"0.36","116","Chlidonias niger","0","0","1","0"
"0.36","116","Phylloscopus ibericus","0","0","1","0"
"0.36","116","Otus scops","0","0","1","0"
"0.36","116","Jynx torquilla","0","0","1","0"
"0.36","117","Turdus merula","0","0","1","0"
"0.36","117","Apus apus","0","0","1","0"
"0.36","117","Fringilla coelebs","0","0","1","0"
"0.36","117","Columba palumbus","0","0","1","0"
"0.36","117","Hirundo rustica","0","0","1","0"
"0.36","117","Passer domesticus","0","0","1","0"
"0.36","117","Sylvia atricapilla","1","0","0","0"
"0.36","117","Corvus corone","0","0","1","0"
"0.36","117","Pica pica","0","0","1","0"
"0.36","117","Carduelis carduelis","0","0","1","0"
"0.36","117","Serinus serinus","0","0","1","0"
"0.36","117","Parus major","0","0","1","0"
"0.36","117","Streptopelia decaocto","0","0","1","0"
"0.36","117","Milvus migrans","0","0","1","0"
"0.36","117","Delichon urbicum","0","0","1","0"
"0.36","117","Phoenicurus ochruros","0","0","1","0"
"0.36","117","Erithacus rubecula","0","0","0","1"
"0.36","117","Gyps fulvus","0","0","1","0"
"0.36","117","Motacilla alba","0","0","1","0"
"0.36","117","Garrulus glandarius","0","0","1","0"
"0.36","117","Cyanistes caeruleus","0","0","1","0"
"0.36","117","Chloris chloris","0","0","1","0"
"0.36","117","Emberiza cirlus","0","0","1","0"
"0.36","117","Troglodytes troglodytes","0","0","1","0"
"0.36","117","Luscinia megarhynchos","0","0","1","0"
"0.36","117","Oriolus oriolus","0","0","0","1"
"0.36","117","Columba livia","0","0","1","0"
"0.36","117","Falco tinnunculus","0","0","1","0"
"0.36","117","Cuculus canorus","0","0","1","0"
"0.36","117","Buteo buteo","0","0","1","0"
"0.36","117","Sturnus vulgaris","0","0","1","0"
"0.36","117","Phylloscopus bonelli","0","0","1","0"
"0.36","117","Linaria cannabina","0","0","1","0"
"0.36","117","Periparus ater","0","0","1","0"
"0.36","117","Hippolais polyglotta","0","0","1","0"
"0.36","117","Merops apiaster","0","0","1","0"
"0.36","117","Larus michahellis","0","0","1","0"
"0.36","117","Anas platyrhynchos","0","0","1","0"
"0.36","117","Ptyonoprogne rupestris","0","0","1","0"
"0.36","117","Certhia brachydactyla","0","0","1","0"
"0.36","117","Saxicola rubicola","0","0","1","0"
"0.36","117","Ardea cinerea","0","0","1","0"
"0.36","117","Dendrocopos major","0","0","1","0"
"0.36","117","Streptopelia turtur","0","0","1","0"
"0.36","117","Upupa epops","0","0","1","0"
"0.36","117","Picus viridis","0","0","1","0"
"0.36","117","Emberiza calandra","0","0","1","0"
"0.36","117","Regulus ignicapilla","0","0","1","0"
"0.36","117","Corvus corax","0","0","1","0"
"0.36","117","Aegithalos caudatus","0","0","1","0"
"0.36","117","Turdus viscivorus","0","0","1","0"
"0.36","117","Alauda arvensis","0","0","1","0"
"0.36","117","Turdus philomelos","0","0","1","0"
"0.36","117","Sitta europaea","0","0","1","0"
"0.36","117","Lullula arborea","0","0","1","0"
"0.36","117","Pyrrhocorax pyrrhocorax","0","0","1","0"
"0.36","117","Galerida cristata","0","0","1","0"
"0.36","117","Petronia petronia","0","0","1","0"
"0.36","117","Cettia cetti","0","0","1","0"
"0.36","117","Lophophanes cristatus","0","0","1","0"
"0.36","117","Phylloscopus collybita","0","0","0","1"
"0.36","117","Fulica atra","0","0","1","0"
"0.36","117","Curruca melanocephala","0","0","1","0"
"0.36","117","Egretta garzetta","0","0","1","0"
"0.36","117","Cisticola juncidis","0","0","1","0"
"0.36","117","Lanius collurio","0","0","1","0"
"0.36","117","Circaetus gallicus","0","0","1","0"
"0.36","117","Curruca communis","0","0","1","0"
"0.36","117","Phalacrocorax carbo","0","0","1","0"
"0.36","117","Carduelis citrinella","0","0","1","0"
"0.36","117","Milvus milvus","0","0","1","0"
"0.36","117","Gallinula chloropus","0","0","1","0"
"0.36","117","Hieraaetus pennatus","0","0","1","0"
"0.36","117","Oenanthe oenanthe","0","0","1","0"
"0.36","117","Picus sharpei","0","0","1","0"
"0.36","117","Phoenicurus phoenicurus","0","0","1","0"
"0.36","117","Ciconia ciconia","0","0","1","0"
"0.36","117","Chroicocephalus ridibundus","0","0","1","0"
"0.36","117","Corvus monedula","0","0","1","0"
"0.36","117","Motacilla cinerea","0","0","1","0"
"0.36","117","Lanius senator","0","0","1","0"
"0.36","117","Himantopus himantopus","0","0","1","0"
"0.36","117","Acrocephalus scirpaceus","0","0","1","0"
"0.36","117","Emberiza cia","0","0","1","0"
"0.36","117","Alectoris rufa","0","0","1","0"
"0.36","117","Curruca iberiae","0","0","1","0"
"0.36","117","Bubulcus ibis","0","0","1","0"
"0.36","117","Prunella modularis","1","0","0","0"
"0.36","117","Coturnix coturnix","0","0","1","0"
"0.36","117","Sturnus unicolor","0","0","1","0"
"0.36","117","Circus aeruginosus","0","0","1","0"
"0.36","117","Emberiza citrinella","0","0","1","0"
"0.36","117","Motacilla flava","0","0","1","0"
"0.36","117","Muscicapa striata","0","0","1","0"
"0.36","117","Pernis apivorus","0","0","1","0"
"0.36","117","Acrocephalus arundinaceus","0","0","1","0"
"0.36","117","Sterna hirundo","0","0","1","0"
"0.36","117","Passer montanus","0","0","1","0"
"0.36","117","Podiceps cristatus","0","0","1","0"
"0.36","117","Anthus trivialis","0","0","1","0"
"0.36","117","Ardea purpurea","0","0","1","0"
"0.36","117","Sylvia borin","0","0","1","0"
"0.36","117","Tachybaptus ruficollis","0","0","1","0"
"0.36","117","Charadrius dubius","0","0","1","0"
"0.36","117","Falco subbuteo","0","0","1","0"
"0.36","117","Curruca undata","0","0","1","0"
"0.36","117","Apus melba","0","0","1","0"
"0.36","117","Pyrrhula pyrrhula","0","0","1","0"
"0.36","117","Recurvirostra avosetta","0","0","1","0"
"0.36","117","Tadorna tadorna","0","0","1","0"
"0.36","117","Anthus campestris","0","0","1","0"
"0.36","117","Riparia riparia","0","0","1","0"
"0.36","117","Netta rufina","0","0","1","0"
"0.36","117","Circus pygargus","0","0","1","0"
"0.36","117","Galerida theklae","0","0","1","0"
"0.36","117","Cinclus cinclus","0","0","1","0"
"0.36","117","Aquila chrysaetos","0","0","1","0"
"0.36","117","Poecile palustris","0","0","1","0"
"0.36","117","Actitis hypoleucos","0","0","1","0"
"0.36","117","Aythya ferina","0","0","1","0"
"0.36","117","Pyrrhocorax graculus","0","0","1","0"
"0.36","117","Alcedo atthis","0","0","1","0"
"0.36","117","Burhinus oedicnemus","0","0","1","0"
"0.36","117","Sternula albifrons","0","0","1","0"
"0.36","117","Accipiter nisus","0","0","1","0"
"0.36","117","Anthus spinoletta","0","0","1","0"
"0.36","117","Melanocorypha calandra","0","0","1","0"
"0.36","117","Nycticorax nycticorax","0","0","1","0"
"0.36","117","Coccothraustes coccothraustes","0","0","1","0"
"0.36","117","Vanellus vanellus","0","0","1","0"
"0.36","117","Phasianus colchicus","0","0","1","0"
"0.36","117","Saxicola rubetra","0","0","1","0"
"0.36","117","Loxia curvirostra","0","0","1","0"
"0.36","117","Phoenicopterus roseus","0","0","1","0"
"0.36","117","Tringa ochropus","0","0","1","0"
"0.36","117","Mareca strepera","0","0","1","0"
"0.36","117","Emberiza schoeniclus","0","0","1","0"
"0.36","117","Cygnus olor","0","0","1","0"
"0.36","117","Plegadis falcinellus","0","0","1","0"
"0.36","117","Ardea alba","0","0","1","0"
"0.36","117","Tringa totanus","0","0","1","0"
"0.36","117","Columba oenas","0","0","1","0"
"0.36","117","Strix aluco","0","0","1","0"
"0.36","117","Ichthyaetus melanocephalus","0","0","1","0"
"0.36","117","Regulus regulus","0","0","1","0"
"0.36","117","Coracias garrulus","0","0","1","0"
"0.36","117","Passer hispaniolensis","0","0","1","0"
"0.36","117","Cecropis daurica","0","0","1","0"
"0.36","117","Falco naumanni","0","0","1","0"
"0.36","117","Athene noctua","0","0","1","0"
"0.36","117","Rallus aquaticus","0","0","1","0"
"0.36","117","Psittacula krameri","0","0","1","0"
"0.36","117","Platalea leucorodia","0","0","1","0"
"0.36","117","Lanius meridionalis","0","0","1","0"
"0.36","117","Chlidonias niger","0","0","1","0"
"0.36","117","Phylloscopus ibericus","0","0","1","0"
"0.36","117","Otus scops","0","0","1","0"
"0.36","117","Jynx torquilla","0","0","1","0"
"0.36","118","Turdus merula","0","0","1","0"
"0.36","118","Apus apus","0","0","1","0"
"0.36","118","Fringilla coelebs","0","0","1","0"
"0.36","118","Columba palumbus","0","0","1","0"
"0.36","118","Hirundo rustica","0","0","1","0"
"0.36","118","Passer domesticus","0","0","1","0"
"0.36","118","Sylvia atricapilla","0","0","1","0"
"0.36","118","Corvus corone","0","0","1","0"
"0.36","118","Pica pica","0","0","1","0"
"0.36","118","Carduelis carduelis","0","0","1","0"
"0.36","118","Serinus serinus","0","0","1","0"
"0.36","118","Streptopelia decaocto","0","0","1","0"
"0.36","118","Parus major","0","0","1","0"
"0.36","118","Milvus migrans","0","0","1","0"
"0.36","118","Delichon urbicum","0","0","1","0"
"0.36","118","Phoenicurus ochruros","0","0","1","0"
"0.36","118","Erithacus rubecula","0","0","1","0"
"0.36","118","Gyps fulvus","0","0","1","0"
"0.36","118","Motacilla alba","0","0","1","0"
"0.36","118","Garrulus glandarius","0","0","1","0"
"0.36","118","Cyanistes caeruleus","0","0","1","0"
"0.36","118","Chloris chloris","0","0","1","0"
"0.36","118","Emberiza cirlus","0","0","1","0"
"0.36","118","Troglodytes troglodytes","0","0","1","0"
"0.36","118","Luscinia megarhynchos","0","0","0","1"
"0.36","118","Oriolus oriolus","0","0","1","0"
"0.36","118","Columba livia","0","0","1","0"
"0.36","118","Falco tinnunculus","0","0","1","0"
"0.36","118","Cuculus canorus","0","0","1","0"
"0.36","118","Buteo buteo","0","0","1","0"
"0.36","118","Sturnus vulgaris","0","0","1","0"
"0.36","118","Phylloscopus bonelli","0","0","1","0"
"0.36","118","Linaria cannabina","0","0","1","0"
"0.36","118","Periparus ater","0","0","1","0"
"0.36","118","Hippolais polyglotta","0","0","1","0"
"0.36","118","Merops apiaster","0","0","1","0"
"0.36","118","Larus michahellis","0","0","1","0"
"0.36","118","Anas platyrhynchos","0","0","1","0"
"0.36","118","Ptyonoprogne rupestris","0","0","1","0"
"0.36","118","Certhia brachydactyla","0","0","1","0"
"0.36","118","Saxicola rubicola","0","0","1","0"
"0.36","118","Ardea cinerea","0","0","1","0"
"0.36","118","Dendrocopos major","0","0","1","0"
"0.36","118","Streptopelia turtur","0","0","1","0"
"0.36","118","Upupa epops","0","0","1","0"
"0.36","118","Picus viridis","0","0","1","0"
"0.36","118","Emberiza calandra","0","0","1","0"
"0.36","118","Regulus ignicapilla","0","0","1","0"
"0.36","118","Corvus corax","0","0","1","0"
"0.36","118","Aegithalos caudatus","0","0","1","0"
"0.36","118","Turdus viscivorus","0","0","1","0"
"0.36","118","Alauda arvensis","0","0","1","0"
"0.36","118","Turdus philomelos","0","0","1","0"
"0.36","118","Sitta europaea","0","0","1","0"
"0.36","118","Lullula arborea","0","0","1","0"
"0.36","118","Pyrrhocorax pyrrhocorax","0","0","1","0"
"0.36","118","Galerida cristata","0","0","1","0"
"0.36","118","Petronia petronia","0","0","1","0"
"0.36","118","Cettia cetti","0","0","1","0"
"0.36","118","Lophophanes cristatus","0","0","1","0"
"0.36","118","Phylloscopus collybita","0","0","1","0"
"0.36","118","Fulica atra","0","0","1","0"
"0.36","118","Curruca melanocephala","0","0","1","0"
"0.36","118","Egretta garzetta","0","0","1","0"
"0.36","118","Cisticola juncidis","0","0","1","0"
"0.36","118","Lanius collurio","0","0","1","0"
"0.36","118","Circaetus gallicus","0","0","1","0"
"0.36","118","Curruca communis","0","0","1","0"
"0.36","118","Carduelis citrinella","0","0","1","0"
"0.36","118","Phalacrocorax carbo","0","0","1","0"
"0.36","118","Gallinula chloropus","0","0","1","0"
"0.36","118","Milvus milvus","0","0","1","0"
"0.36","118","Oenanthe oenanthe","0","0","1","0"
"0.36","118","Hieraaetus pennatus","0","0","1","0"
"0.36","118","Phoenicurus phoenicurus","0","0","1","0"
"0.36","118","Picus sharpei","0","0","1","0"
"0.36","118","Ciconia ciconia","0","0","1","0"
"0.36","118","Chroicocephalus ridibundus","0","0","1","0"
"0.36","118","Corvus monedula","0","0","1","0"
"0.36","118","Motacilla cinerea","0","0","1","0"
"0.36","118","Lanius senator","0","0","1","0"
"0.36","118","Himantopus himantopus","0","0","1","0"
"0.36","118","Acrocephalus scirpaceus","0","0","1","0"
"0.36","118","Emberiza cia","0","0","1","0"
"0.36","118","Alectoris rufa","0","0","1","0"
"0.36","118","Bubulcus ibis","0","0","1","0"
"0.36","118","Curruca iberiae","0","0","1","0"
"0.36","118","Coturnix coturnix","0","0","1","0"
"0.36","118","Prunella modularis","0","0","1","0"
"0.36","118","Circus aeruginosus","0","0","1","0"
"0.36","118","Sturnus unicolor","0","0","1","0"
"0.36","118","Emberiza citrinella","0","0","1","0"
"0.36","118","Motacilla flava","0","0","1","0"
"0.36","118","Muscicapa striata","0","0","1","0"
"0.36","118","Pernis apivorus","0","0","1","0"
"0.36","118","Acrocephalus arundinaceus","0","0","1","0"
"0.36","118","Sterna hirundo","0","0","1","0"
"0.36","118","Passer montanus","0","0","1","0"
"0.36","118","Podiceps cristatus","0","0","1","0"
"0.36","118","Anthus trivialis","0","0","1","0"
"0.36","118","Ardea purpurea","0","0","1","0"
"0.36","118","Sylvia borin","0","0","1","0"
"0.36","118","Tachybaptus ruficollis","0","0","1","0"
"0.36","118","Charadrius dubius","0","0","1","0"
"0.36","118","Falco subbuteo","0","0","1","0"
"0.36","118","Curruca undata","0","0","1","0"
"0.36","118","Apus melba","0","0","1","0"
"0.36","118","Recurvirostra avosetta","0","0","1","0"
"0.36","118","Pyrrhula pyrrhula","0","0","1","0"
"0.36","118","Tadorna tadorna","0","0","1","0"
"0.36","118","Anthus campestris","0","0","1","0"
"0.36","118","Riparia riparia","0","0","1","0"
"0.36","118","Netta rufina","0","0","1","0"
"0.36","118","Circus pygargus","0","0","1","0"
"0.36","118","Cinclus cinclus","0","0","1","0"
"0.36","118","Galerida theklae","0","0","1","0"
"0.36","118","Aquila chrysaetos","0","0","1","0"
"0.36","118","Poecile palustris","0","0","1","0"
"0.36","118","Actitis hypoleucos","0","0","1","0"
"0.36","118","Aythya ferina","0","0","1","0"
"0.36","118","Pyrrhocorax graculus","0","0","1","0"
"0.36","118","Alcedo atthis","0","0","1","0"
"0.36","118","Burhinus oedicnemus","0","0","1","0"
"0.36","118","Sternula albifrons","0","0","1","0"
"0.36","118","Accipiter nisus","0","0","1","0"
"0.36","118","Anthus spinoletta","0","0","1","0"
"0.36","118","Nycticorax nycticorax","0","0","1","0"
"0.36","118","Melanocorypha calandra","0","0","1","0"
"0.36","118","Coccothraustes coccothraustes","0","0","1","0"
"0.36","118","Vanellus vanellus","0","0","1","0"
"0.36","118","Phasianus colchicus","0","0","1","0"
"0.36","118","Saxicola rubetra","0","0","1","0"
"0.36","118","Loxia curvirostra","0","0","1","0"
"0.36","118","Phoenicopterus roseus","0","0","1","0"
"0.36","118","Tringa ochropus","0","0","1","0"
"0.36","118","Mareca strepera","0","0","1","0"
"0.36","118","Emberiza schoeniclus","0","0","1","0"
"0.36","118","Cygnus olor","0","0","1","0"
"0.36","118","Plegadis falcinellus","0","0","1","0"
"0.36","118","Ardea alba","0","0","1","0"
"0.36","118","Columba oenas","0","0","1","0"
"0.36","118","Tringa totanus","0","0","1","0"
"0.36","118","Strix aluco","0","0","1","0"
"0.36","118","Ichthyaetus melanocephalus","0","0","1","0"
"0.36","118","Regulus regulus","0","0","1","0"
"0.36","118","Coracias garrulus","0","0","1","0"
"0.36","118","Passer hispaniolensis","0","0","1","0"
"0.36","118","Cecropis daurica","0","0","1","0"
"0.36","118","Falco naumanni","0","0","1","0"
"0.36","118","Athene noctua","0","0","1","0"
"0.36","118","Rallus aquaticus","0","0","1","0"
"0.36","118","Psittacula krameri","0","0","1","0"
"0.36","118","Platalea leucorodia","0","0","1","0"
"0.36","118","Lanius meridionalis","0","0","1","0"
"0.36","118","Chlidonias niger","0","0","1","0"
"0.36","118","Otus scops","0","0","1","0"
"0.36","118","Jynx torquilla","0","0","1","0"
"0.36","119","Turdus merula","0","0","0","1"
"0.36","119","Apus apus","0","0","1","0"
"0.36","119","Fringilla coelebs","0","0","0","1"
"0.36","119","Columba palumbus","0","0","1","0"
"0.36","119","Hirundo rustica","0","0","1","0"
"0.36","119","Passer domesticus","0","0","0","1"
"0.36","119","Sylvia atricapilla","0","0","0","1"
"0.36","119","Corvus corone","0","0","1","0"
"0.36","119","Pica pica","0","0","1","0"
"0.36","119","Carduelis carduelis","0","0","1","0"
"0.36","119","Serinus serinus","0","0","1","0"
"0.36","119","Streptopelia decaocto","0","0","1","0"
"0.36","119","Parus major","0","0","1","0"
"0.36","119","Milvus migrans","0","0","1","0"
"0.36","119","Delichon urbicum","0","0","1","0"
"0.36","119","Phoenicurus ochruros","0","0","1","0"
"0.36","119","Erithacus rubecula","0","0","0","1"
"0.36","119","Gyps fulvus","0","0","1","0"
"0.36","119","Motacilla alba","0","0","1","0"
"0.36","119","Garrulus glandarius","0","0","1","0"
"0.36","119","Cyanistes caeruleus","0","0","0","1"
"0.36","119","Chloris chloris","0","0","1","0"
"0.36","119","Emberiza cirlus","0","0","1","0"
"0.36","119","Troglodytes troglodytes","0","0","0","1"
"0.36","119","Luscinia megarhynchos","0","0","0","1"
"0.36","119","Oriolus oriolus","0","0","1","0"
"0.36","119","Columba livia","0","0","1","0"
"0.36","119","Falco tinnunculus","0","0","1","0"
"0.36","119","Cuculus canorus","0","0","0","1"
"0.36","119","Buteo buteo","0","0","1","0"
"0.36","119","Sturnus vulgaris","0","0","1","0"
"0.36","119","Phylloscopus bonelli","0","0","1","0"
"0.36","119","Linaria cannabina","0","0","1","0"
"0.36","119","Periparus ater","0","0","1","0"
"0.36","119","Hippolais polyglotta","0","0","1","0"
"0.36","119","Merops apiaster","0","0","1","0"
"0.36","119","Larus michahellis","0","0","1","0"
"0.36","119","Anas platyrhynchos","0","0","1","0"
"0.36","119","Ptyonoprogne rupestris","0","0","1","0"
"0.36","119","Certhia brachydactyla","0","0","1","0"
"0.36","119","Saxicola rubicola","0","0","1","0"
"0.36","119","Ardea cinerea","0","0","1","0"
"0.36","119","Dendrocopos major","0","0","1","0"
"0.36","119","Streptopelia turtur","0","0","1","0"
"0.36","119","Upupa epops","0","0","1","0"
"0.36","119","Picus viridis","0","0","1","0"
"0.36","119","Emberiza calandra","0","0","1","0"
"0.36","119","Regulus ignicapilla","0","0","1","0"
"0.36","119","Corvus corax","0","0","1","0"
"0.36","119","Aegithalos caudatus","0","0","1","0"
"0.36","119","Turdus viscivorus","0","0","1","0"
"0.36","119","Alauda arvensis","0","0","1","0"
"0.36","119","Turdus philomelos","0","0","1","0"
"0.36","119","Sitta europaea","0","0","1","0"
"0.36","119","Lullula arborea","0","0","1","0"
"0.36","119","Pyrrhocorax pyrrhocorax","0","0","1","0"
"0.36","119","Galerida cristata","0","0","1","0"
"0.36","119","Petronia petronia","0","0","1","0"
"0.36","119","Cettia cetti","0","0","1","0"
"0.36","119","Lophophanes cristatus","0","0","1","0"
"0.36","119","Phylloscopus collybita","0","0","0","1"
"0.36","119","Fulica atra","0","0","1","0"
"0.36","119","Curruca melanocephala","0","0","1","0"
"0.36","119","Egretta garzetta","0","0","1","0"
"0.36","119","Cisticola juncidis","0","0","0","1"
"0.36","119","Lanius collurio","0","0","1","0"
"0.36","119","Circaetus gallicus","0","0","1","0"
"0.36","119","Curruca communis","0","0","1","0"
"0.36","119","Carduelis citrinella","0","0","1","0"
"0.36","119","Phalacrocorax carbo","0","0","1","0"
"0.36","119","Gallinula chloropus","0","0","1","0"
"0.36","119","Milvus milvus","0","0","1","0"
"0.36","119","Oenanthe oenanthe","0","0","1","0"
"0.36","119","Hieraaetus pennatus","0","0","1","0"
"0.36","119","Phoenicurus phoenicurus","0","0","1","0"
"0.36","119","Picus sharpei","0","0","1","0"
"0.36","119","Ciconia ciconia","0","0","1","0"
"0.36","119","Chroicocephalus ridibundus","0","0","1","0"
"0.36","119","Corvus monedula","0","0","1","0"
"0.36","119","Motacilla cinerea","0","0","1","0"
"0.36","119","Lanius senator","0","0","1","0"
"0.36","119","Himantopus himantopus","0","0","1","0"
"0.36","119","Acrocephalus scirpaceus","0","0","1","0"
"0.36","119","Emberiza cia","0","0","1","0"
"0.36","119","Alectoris rufa","0","0","1","0"
"0.36","119","Bubulcus ibis","0","0","1","0"
"0.36","119","Curruca iberiae","0","0","1","0"
"0.36","119","Coturnix coturnix","0","0","1","0"
"0.36","119","Prunella modularis","0","0","1","0"
"0.36","119","Circus aeruginosus","0","0","1","0"
"0.36","119","Sturnus unicolor","0","0","1","0"
"0.36","119","Emberiza citrinella","0","0","1","0"
"0.36","119","Motacilla flava","0","0","1","0"
"0.36","119","Muscicapa striata","0","0","1","0"
"0.36","119","Pernis apivorus","0","0","1","0"
"0.36","119","Acrocephalus arundinaceus","0","0","1","0"
"0.36","119","Sterna hirundo","0","0","1","0"
"0.36","119","Passer montanus","0","0","1","0"
"0.36","119","Podiceps cristatus","0","0","1","0"
"0.36","119","Anthus trivialis","0","0","1","0"
"0.36","119","Ardea purpurea","0","0","1","0"
"0.36","119","Sylvia borin","0","0","1","0"
"0.36","119","Tachybaptus ruficollis","0","0","1","0"
"0.36","119","Charadrius dubius","0","0","1","0"
"0.36","119","Falco subbuteo","0","0","1","0"
"0.36","119","Curruca undata","0","0","1","0"
"0.36","119","Apus melba","0","0","1","0"
"0.36","119","Recurvirostra avosetta","0","0","1","0"
"0.36","119","Pyrrhula pyrrhula","0","0","1","0"
"0.36","119","Tadorna tadorna","0","0","1","0"
"0.36","119","Anthus campestris","0","0","1","0"
"0.36","119","Riparia riparia","0","0","1","0"
"0.36","119","Netta rufina","0","0","1","0"
"0.36","119","Circus pygargus","0","0","1","0"
"0.36","119","Cinclus cinclus","0","0","1","0"
"0.36","119","Galerida theklae","0","0","1","0"
"0.36","119","Aquila chrysaetos","0","0","1","0"
"0.36","119","Poecile palustris","0","0","1","0"
"0.36","119","Actitis hypoleucos","0","0","1","0"
"0.36","119","Aythya ferina","0","0","1","0"
"0.36","119","Pyrrhocorax graculus","0","0","1","0"
"0.36","119","Alcedo atthis","0","0","1","0"
"0.36","119","Burhinus oedicnemus","0","0","1","0"
"0.36","119","Sternula albifrons","0","0","1","0"
"0.36","119","Accipiter nisus","0","0","1","0"
"0.36","119","Anthus spinoletta","0","0","1","0"
"0.36","119","Nycticorax nycticorax","0","0","1","0"
"0.36","119","Melanocorypha calandra","0","0","1","0"
"0.36","119","Coccothraustes coccothraustes","0","0","1","0"
"0.36","119","Vanellus vanellus","0","0","1","0"
"0.36","119","Phasianus colchicus","0","0","1","0"
"0.36","119","Saxicola rubetra","0","0","1","0"
"0.36","119","Loxia curvirostra","0","0","1","0"
"0.36","119","Phoenicopterus roseus","0","0","1","0"
"0.36","119","Tringa ochropus","0","0","1","0"
"0.36","119","Mareca strepera","0","0","1","0"
"0.36","119","Emberiza schoeniclus","0","0","1","0"
"0.36","119","Cygnus olor","0","0","1","0"
"0.36","119","Plegadis falcinellus","0","0","1","0"
"0.36","119","Ardea alba","0","0","1","0"
"0.36","119","Columba oenas","0","0","1","0"
"0.36","119","Tringa totanus","0","0","1","0"
"0.36","119","Strix aluco","0","0","1","0"
"0.36","119","Ichthyaetus melanocephalus","0","0","1","0"
"0.36","119","Regulus regulus","0","0","1","0"
"0.36","119","Coracias garrulus","0","0","1","0"
"0.36","119","Passer hispaniolensis","0","0","1","0"
"0.36","119","Cecropis daurica","0","0","1","0"
"0.36","119","Falco naumanni","0","0","1","0"
"0.36","119","Athene noctua","0","0","1","0"
"0.36","119","Rallus aquaticus","0","0","1","0"
"0.36","119","Psittacula krameri","0","0","1","0"
"0.36","119","Platalea leucorodia","0","0","1","0"
"0.36","119","Lanius meridionalis","0","0","1","0"
"0.36","119","Chlidonias niger","0","0","1","0"
"0.36","119","Otus scops","0","0","1","0"
"0.36","119","Jynx torquilla","0","0","1","0"
"0.36","120","Turdus merula","0","0","0","1"
"0.36","120","Apus apus","0","0","1","0"
"0.36","120","Fringilla coelebs","0","0","1","0"
"0.36","120","Columba palumbus","0","0","1","0"
"0.36","120","Hirundo rustica","0","0","1","0"
"0.36","120","Passer domesticus","0","0","1","0"
"0.36","120","Sylvia atricapilla","0","0","0","1"
"0.36","120","Corvus corone","0","0","1","0"
"0.36","120","Pica pica","0","0","1","0"
"0.36","120","Carduelis carduelis","0","0","1","0"
"0.36","120","Serinus serinus","0","0","1","0"
"0.36","120","Streptopelia decaocto","0","0","1","0"
"0.36","120","Parus major","0","0","1","0"
"0.36","120","Milvus migrans","0","0","1","0"
"0.36","120","Delichon urbicum","0","0","1","0"
"0.36","120","Phoenicurus ochruros","0","0","1","0"
"0.36","120","Erithacus rubecula","0","0","1","0"
"0.36","120","Gyps fulvus","0","0","1","0"
"0.36","120","Motacilla alba","0","0","1","0"
"0.36","120","Garrulus glandarius","0","0","1","0"
"0.36","120","Cyanistes caeruleus","0","0","1","0"
"0.36","120","Chloris chloris","0","0","1","0"
"0.36","120","Emberiza cirlus","0","0","1","0"
"0.36","120","Troglodytes troglodytes","0","0","0","1"
"0.36","120","Luscinia megarhynchos","0","0","0","1"
"0.36","120","Oriolus oriolus","0","0","1","0"
"0.36","120","Columba livia","0","0","1","0"
"0.36","120","Falco tinnunculus","0","0","1","0"
"0.36","120","Cuculus canorus","0","0","1","0"
"0.36","120","Buteo buteo","0","0","1","0"
"0.36","120","Sturnus vulgaris","0","0","1","0"
"0.36","120","Phylloscopus bonelli","0","0","1","0"
"0.36","120","Linaria cannabina","0","0","1","0"
"0.36","120","Periparus ater","0","0","1","0"
"0.36","120","Hippolais polyglotta","0","0","1","0"
"0.36","120","Merops apiaster","0","0","1","0"
"0.36","120","Larus michahellis","0","0","1","0"
"0.36","120","Anas platyrhynchos","0","0","1","0"
"0.36","120","Ptyonoprogne rupestris","0","0","1","0"
"0.36","120","Certhia brachydactyla","0","0","1","0"
"0.36","120","Saxicola rubicola","0","0","1","0"
"0.36","120","Ardea cinerea","0","0","1","0"
"0.36","120","Dendrocopos major","0","0","1","0"
"0.36","120","Streptopelia turtur","0","0","1","0"
"0.36","120","Upupa epops","0","0","1","0"
"0.36","120","Picus viridis","0","0","1","0"
"0.36","120","Emberiza calandra","0","0","1","0"
"0.36","120","Regulus ignicapilla","0","0","1","0"
"0.36","120","Corvus corax","0","0","1","0"
"0.36","120","Aegithalos caudatus","0","0","1","0"
"0.36","120","Turdus viscivorus","0","0","1","0"
"0.36","120","Alauda arvensis","0","0","1","0"
"0.36","120","Turdus philomelos","0","0","1","0"
"0.36","120","Sitta europaea","0","0","1","0"
"0.36","120","Lullula arborea","0","0","1","0"
"0.36","120","Pyrrhocorax pyrrhocorax","0","0","1","0"
"0.36","120","Galerida cristata","0","0","1","0"
"0.36","120","Petronia petronia","0","0","1","0"
"0.36","120","Cettia cetti","0","0","1","0"
"0.36","120","Lophophanes cristatus","0","0","1","0"
"0.36","120","Phylloscopus collybita","0","0","1","0"
"0.36","120","Fulica atra","0","0","1","0"
"0.36","120","Curruca melanocephala","0","0","1","0"
"0.36","120","Egretta garzetta","0","0","1","0"
"0.36","120","Cisticola juncidis","0","0","0","1"
"0.36","120","Lanius collurio","0","0","1","0"
"0.36","120","Circaetus gallicus","0","0","1","0"
"0.36","120","Curruca communis","0","0","1","0"
"0.36","120","Carduelis citrinella","0","0","1","0"
"0.36","120","Phalacrocorax carbo","0","0","1","0"
"0.36","120","Gallinula chloropus","0","0","1","0"
"0.36","120","Milvus milvus","0","0","1","0"
"0.36","120","Oenanthe oenanthe","0","0","1","0"
"0.36","120","Hieraaetus pennatus","0","0","1","0"
"0.36","120","Phoenicurus phoenicurus","0","0","1","0"
"0.36","120","Picus sharpei","0","0","1","0"
"0.36","120","Ciconia ciconia","0","0","1","0"
"0.36","120","Chroicocephalus ridibundus","0","0","1","0"
"0.36","120","Corvus monedula","0","0","1","0"
"0.36","120","Motacilla cinerea","0","0","1","0"
"0.36","120","Lanius senator","0","0","1","0"
"0.36","120","Himantopus himantopus","0","0","1","0"
"0.36","120","Acrocephalus scirpaceus","0","0","1","0"
"0.36","120","Emberiza cia","0","0","1","0"
"0.36","120","Alectoris rufa","0","0","1","0"
"0.36","120","Bubulcus ibis","0","0","1","0"
"0.36","120","Curruca iberiae","0","0","1","0"
"0.36","120","Coturnix coturnix","0","0","1","0"
"0.36","120","Prunella modularis","0","0","1","0"
"0.36","120","Circus aeruginosus","0","0","1","0"
"0.36","120","Sturnus unicolor","0","0","1","0"
"0.36","120","Emberiza citrinella","0","0","0","1"
"0.36","120","Motacilla flava","0","0","1","0"
"0.36","120","Muscicapa striata","0","0","1","0"
"0.36","120","Pernis apivorus","0","0","1","0"
"0.36","120","Acrocephalus arundinaceus","0","0","1","0"
"0.36","120","Sterna hirundo","0","0","1","0"
"0.36","120","Passer montanus","0","0","1","0"
"0.36","120","Podiceps cristatus","0","0","1","0"
"0.36","120","Anthus trivialis","0","0","1","0"
"0.36","120","Ardea purpurea","0","0","1","0"
"0.36","120","Sylvia borin","0","0","1","0"
"0.36","120","Tachybaptus ruficollis","0","0","1","0"
"0.36","120","Charadrius dubius","0","0","1","0"
"0.36","120","Falco subbuteo","0","0","1","0"
"0.36","120","Curruca undata","0","0","1","0"
"0.36","120","Apus melba","0","0","1","0"
"0.36","120","Recurvirostra avosetta","0","0","1","0"
"0.36","120","Pyrrhula pyrrhula","0","0","1","0"
"0.36","120","Tadorna tadorna","0","0","1","0"
"0.36","120","Anthus campestris","0","0","1","0"
"0.36","120","Riparia riparia","0","0","1","0"
"0.36","120","Netta rufina","0","0","1","0"
"0.36","120","Circus pygargus","0","0","1","0"
"0.36","120","Cinclus cinclus","0","0","1","0"
"0.36","120","Galerida theklae","0","0","1","0"
"0.36","120","Aquila chrysaetos","0","0","1","0"
"0.36","120","Poecile palustris","0","0","1","0"
"0.36","120","Actitis hypoleucos","0","0","1","0"
"0.36","120","Aythya ferina","0","0","1","0"
"0.36","120","Pyrrhocorax graculus","0","0","1","0"
"0.36","120","Alcedo atthis","0","0","1","0"
"0.36","120","Burhinus oedicnemus","0","0","1","0"
"0.36","120","Sternula albifrons","0","0","1","0"
"0.36","120","Accipiter nisus","0","0","1","0"
"0.36","120","Anthus spinoletta","0","0","1","0"
"0.36","120","Nycticorax nycticorax","0","0","1","0"
"0.36","120","Melanocorypha calandra","0","0","1","0"
"0.36","120","Coccothraustes coccothraustes","0","0","1","0"
"0.36","120","Vanellus vanellus","0","0","1","0"
"0.36","120","Phasianus colchicus","0","0","1","0"
"0.36","120","Saxicola rubetra","0","0","1","0"
"0.36","120","Loxia curvirostra","0","0","1","0"
"0.36","120","Phoenicopterus roseus","0","0","1","0"
"0.36","120","Tringa ochropus","0","0","1","0"
"0.36","120","Mareca strepera","0","0","1","0"
"0.36","120","Emberiza schoeniclus","0","0","1","0"
"0.36","120","Cygnus olor","0","0","1","0"
"0.36","120","Plegadis falcinellus","0","0","1","0"
"0.36","120","Ardea alba","0","0","1","0"
"0.36","120","Columba oenas","0","0","1","0"
"0.36","120","Tringa totanus","0","0","1","0"
"0.36","120","Strix aluco","0","0","1","0"
"0.36","120","Ichthyaetus melanocephalus","0","0","1","0"
"0.36","120","Regulus regulus","0","0","1","0"
"0.36","120","Coracias garrulus","0","0","1","0"
"0.36","120","Passer hispaniolensis","0","0","1","0"
"0.36","120","Cecropis daurica","0","0","1","0"
"0.36","120","Falco naumanni","0","0","1","0"
"0.36","120","Athene noctua","0","0","1","0"
"0.36","120","Rallus aquaticus","0","0","1","0"
"0.36","120","Psittacula krameri","0","0","1","0"
"0.36","120","Platalea leucorodia","0","0","1","0"
"0.36","120","Lanius meridionalis","0","0","1","0"
"0.36","120","Chlidonias niger","0","0","1","0"
"0.36","120","Otus scops","0","0","1","0"
"0.36","120","Jynx torquilla","0","0","1","0"
"0.36","121","Turdus merula","0","0","1","0"
"0.36","121","Apus apus","0","0","1","0"
"0.36","121","Fringilla coelebs","0","0","1","0"
"0.36","121","Columba palumbus","0","0","1","0"
"0.36","121","Hirundo rustica","0","0","1","0"
"0.36","121","Passer domesticus","0","0","1","0"
"0.36","121","Sylvia atricapilla","0","0","1","0"
"0.36","121","Corvus corone","0","0","1","0"
"0.36","121","Pica pica","0","0","1","0"
"0.36","121","Carduelis carduelis","0","0","1","0"
"0.36","121","Serinus serinus","0","0","1","0"
"0.36","121","Streptopelia decaocto","0","0","1","0"
"0.36","121","Parus major","0","0","1","0"
"0.36","121","Milvus migrans","0","0","1","0"
"0.36","121","Delichon urbicum","0","0","1","0"
"0.36","121","Phoenicurus ochruros","0","0","1","0"
"0.36","121","Erithacus rubecula","0","0","1","0"
"0.36","121","Gyps fulvus","0","0","1","0"
"0.36","121","Motacilla alba","0","0","1","0"
"0.36","121","Garrulus glandarius","0","0","1","0"
"0.36","121","Cyanistes caeruleus","0","0","1","0"
"0.36","121","Chloris chloris","0","0","1","0"
"0.36","121","Emberiza cirlus","0","0","1","0"
"0.36","121","Troglodytes troglodytes","0","0","1","0"
"0.36","121","Luscinia megarhynchos","0","0","0","1"
"0.36","121","Oriolus oriolus","0","0","1","0"
"0.36","121","Columba livia","0","0","1","0"
"0.36","121","Falco tinnunculus","0","0","1","0"
"0.36","121","Cuculus canorus","0","0","1","0"
"0.36","121","Buteo buteo","0","0","1","0"
"0.36","121","Sturnus vulgaris","0","0","1","0"
"0.36","121","Phylloscopus bonelli","0","0","1","0"
"0.36","121","Periparus ater","0","0","1","0"
"0.36","121","Linaria cannabina","0","0","1","0"
"0.36","121","Hippolais polyglotta","0","0","1","0"
"0.36","121","Merops apiaster","0","0","1","0"
"0.36","121","Larus michahellis","0","0","1","0"
"0.36","121","Anas platyrhynchos","0","0","1","0"
"0.36","121","Ptyonoprogne rupestris","0","0","1","0"
"0.36","121","Certhia brachydactyla","0","0","1","0"
"0.36","121","Saxicola rubicola","0","0","1","0"
"0.36","121","Ardea cinerea","0","0","1","0"
"0.36","121","Dendrocopos major","0","0","1","0"
"0.36","121","Streptopelia turtur","0","0","1","0"
"0.36","121","Upupa epops","0","0","1","0"
"0.36","121","Picus viridis","0","0","1","0"
"0.36","121","Emberiza calandra","0","0","1","0"
"0.36","121","Regulus ignicapilla","0","0","1","0"
"0.36","121","Corvus corax","0","0","1","0"
"0.36","121","Aegithalos caudatus","0","0","1","0"
"0.36","121","Turdus viscivorus","0","0","1","0"
"0.36","121","Alauda arvensis","0","0","1","0"
"0.36","121","Turdus philomelos","0","0","1","0"
"0.36","121","Sitta europaea","0","0","1","0"
"0.36","121","Lullula arborea","0","0","1","0"
"0.36","121","Pyrrhocorax pyrrhocorax","0","0","1","0"
"0.36","121","Galerida cristata","0","0","1","0"
"0.36","121","Petronia petronia","0","0","1","0"
"0.36","121","Lophophanes cristatus","0","0","1","0"
"0.36","121","Cettia cetti","0","0","1","0"
"0.36","121","Phylloscopus collybita","0","0","1","0"
"0.36","121","Fulica atra","0","0","1","0"
"0.36","121","Curruca melanocephala","0","0","1","0"
"0.36","121","Egretta garzetta","0","0","1","0"
"0.36","121","Lanius collurio","0","0","1","0"
"0.36","121","Cisticola juncidis","0","0","1","0"
"0.36","121","Circaetus gallicus","0","0","1","0"
"0.36","121","Curruca communis","0","0","1","0"
"0.36","121","Carduelis citrinella","0","0","1","0"
"0.36","121","Phalacrocorax carbo","0","0","1","0"
"0.36","121","Gallinula chloropus","0","0","1","0"
"0.36","121","Milvus milvus","0","0","1","0"
"0.36","121","Oenanthe oenanthe","0","0","1","0"
"0.36","121","Hieraaetus pennatus","0","0","1","0"
"0.36","121","Phoenicurus phoenicurus","0","0","1","0"
"0.36","121","Picus sharpei","0","0","1","0"
"0.36","121","Ciconia ciconia","0","0","1","0"
"0.36","121","Chroicocephalus ridibundus","0","0","1","0"
"0.36","121","Corvus monedula","0","0","1","0"
"0.36","121","Motacilla cinerea","0","0","1","0"
"0.36","121","Lanius senator","0","0","1","0"
"0.36","121","Himantopus himantopus","0","0","1","0"
"0.36","121","Acrocephalus scirpaceus","0","0","1","0"
"0.36","121","Emberiza cia","0","0","1","0"
"0.36","121","Bubulcus ibis","0","0","1","0"
"0.36","121","Alectoris rufa","0","0","1","0"
"0.36","121","Curruca iberiae","0","0","1","0"
"0.36","121","Coturnix coturnix","0","0","1","0"
"0.36","121","Prunella modularis","0","0","1","0"
"0.36","121","Circus aeruginosus","0","0","1","0"
"0.36","121","Sturnus unicolor","0","0","1","0"
"0.36","121","Emberiza citrinella","0","0","1","0"
"0.36","121","Motacilla flava","0","0","1","0"
"0.36","121","Muscicapa striata","0","0","1","0"
"0.36","121","Pernis apivorus","0","0","1","0"
"0.36","121","Acrocephalus arundinaceus","0","0","1","0"
"0.36","121","Sterna hirundo","0","0","1","0"
"0.36","121","Passer montanus","0","0","1","0"
"0.36","121","Podiceps cristatus","0","0","1","0"
"0.36","121","Anthus trivialis","0","0","1","0"
"0.36","121","Ardea purpurea","0","0","1","0"
"0.36","121","Sylvia borin","0","0","1","0"
"0.36","121","Tachybaptus ruficollis","0","0","1","0"
"0.36","121","Falco subbuteo","0","0","1","0"
"0.36","121","Charadrius dubius","0","0","1","0"
"0.36","121","Curruca undata","0","0","1","0"
"0.36","121","Apus melba","0","0","1","0"
"0.36","121","Recurvirostra avosetta","0","0","1","0"
"0.36","121","Pyrrhula pyrrhula","0","0","1","0"
"0.36","121","Tadorna tadorna","0","0","1","0"
"0.36","121","Anthus campestris","0","0","1","0"
"0.36","121","Riparia riparia","0","0","1","0"
"0.36","121","Netta rufina","0","0","1","0"
"0.36","121","Circus pygargus","0","0","1","0"
"0.36","121","Cinclus cinclus","0","0","1","0"
"0.36","121","Galerida theklae","0","0","1","0"
"0.36","121","Aquila chrysaetos","0","0","1","0"
"0.36","121","Poecile palustris","0","0","1","0"
"0.36","121","Actitis hypoleucos","0","0","1","0"
"0.36","121","Aythya ferina","0","0","1","0"
"0.36","121","Pyrrhocorax graculus","0","0","1","0"
"0.36","121","Alcedo atthis","0","0","1","0"
"0.36","121","Burhinus oedicnemus","0","0","1","0"
"0.36","121","Sternula albifrons","0","0","1","0"
"0.36","121","Accipiter nisus","0","0","1","0"
"0.36","121","Anthus spinoletta","0","0","1","0"
"0.36","121","Nycticorax nycticorax","0","0","1","0"
"0.36","121","Melanocorypha calandra","0","0","1","0"
"0.36","121","Coccothraustes coccothraustes","0","0","1","0"
"0.36","121","Vanellus vanellus","0","0","1","0"
"0.36","121","Phasianus colchicus","0","0","1","0"
"0.36","121","Saxicola rubetra","0","0","1","0"
"0.36","121","Loxia curvirostra","0","0","1","0"
"0.36","121","Phoenicopterus roseus","0","0","1","0"
"0.36","121","Emberiza schoeniclus","0","0","1","0"
"0.36","121","Mareca strepera","0","0","1","0"
"0.36","121","Tringa ochropus","0","0","1","0"
"0.36","121","Cygnus olor","0","0","1","0"
"0.36","121","Plegadis falcinellus","0","0","1","0"
"0.36","121","Ardea alba","0","0","1","0"
"0.36","121","Columba oenas","0","0","1","0"
"0.36","121","Tringa totanus","0","0","1","0"
"0.36","121","Strix aluco","0","0","1","0"
"0.36","121","Ichthyaetus melanocephalus","0","0","1","0"
"0.36","121","Regulus regulus","0","0","1","0"
"0.36","121","Coracias garrulus","0","0","1","0"
"0.36","121","Passer hispaniolensis","0","0","1","0"
"0.36","121","Cecropis daurica","0","0","1","0"
"0.36","121","Falco naumanni","0","0","1","0"
"0.36","121","Athene noctua","0","0","1","0"
"0.36","121","Psittacula krameri","0","0","1","0"
"0.36","121","Rallus aquaticus","0","0","1","0"
"0.36","121","Platalea leucorodia","0","0","1","0"
"0.36","121","Lanius meridionalis","0","0","1","0"
"0.36","121","Chlidonias niger","0","0","1","0"
"0.36","121","Otus scops","0","0","1","0"
"0.36","121","Jynx torquilla","0","0","1","0"
"0.36","122","Turdus merula","0","0","0","1"
"0.36","122","Apus apus","0","0","1","0"
"0.36","122","Fringilla coelebs","0","0","1","0"
"0.36","122","Columba palumbus","1","0","0","0"
"0.36","122","Hirundo rustica","0","0","1","0"
"0.36","122","Passer domesticus","0","0","1","0"
"0.36","122","Sylvia atricapilla","0","0","0","1"
"0.36","122","Corvus corone","0","0","0","1"
"0.36","122","Pica pica","0","0","1","0"
"0.36","122","Carduelis carduelis","0","0","1","0"
"0.36","122","Serinus serinus","0","0","1","0"
"0.36","122","Streptopelia decaocto","0","0","0","1"
"0.36","122","Parus major","0","0","1","0"
"0.36","122","Milvus migrans","0","0","1","0"
"0.36","122","Delichon urbicum","0","0","1","0"
"0.36","122","Phoenicurus ochruros","0","0","1","0"
"0.36","122","Erithacus rubecula","0","0","1","0"
"0.36","122","Gyps fulvus","0","0","1","0"
"0.36","122","Motacilla alba","0","0","1","0"
"0.36","122","Garrulus glandarius","0","0","1","0"
"0.36","122","Cyanistes caeruleus","0","0","0","1"
"0.36","122","Chloris chloris","0","0","0","1"
"0.36","122","Emberiza cirlus","0","0","1","0"
"0.36","122","Troglodytes troglodytes","0","0","0","1"
"0.36","122","Luscinia megarhynchos","0","0","0","1"
"0.36","122","Oriolus oriolus","0","0","0","1"
"0.36","122","Columba livia","0","0","1","0"
"0.36","122","Falco tinnunculus","0","0","1","0"
"0.36","122","Cuculus canorus","0","0","1","0"
"0.36","122","Buteo buteo","0","0","1","0"
"0.36","122","Sturnus vulgaris","0","0","1","0"
"0.36","122","Phylloscopus bonelli","0","0","1","0"
"0.36","122","Periparus ater","0","0","1","0"
"0.36","122","Linaria cannabina","0","0","1","0"
"0.36","122","Hippolais polyglotta","0","0","1","0"
"0.36","122","Merops apiaster","0","0","1","0"
"0.36","122","Larus michahellis","0","0","1","0"
"0.36","122","Anas platyrhynchos","0","0","1","0"
"0.36","122","Ptyonoprogne rupestris","0","0","1","0"
"0.36","122","Certhia brachydactyla","0","0","1","0"
"0.36","122","Saxicola rubicola","0","0","1","0"
"0.36","122","Ardea cinerea","0","0","1","0"
"0.36","122","Dendrocopos major","0","0","1","0"
"0.36","122","Streptopelia turtur","0","0","1","0"
"0.36","122","Upupa epops","0","0","1","0"
"0.36","122","Picus viridis","0","0","1","0"
"0.36","122","Emberiza calandra","0","0","1","0"
"0.36","122","Regulus ignicapilla","0","0","1","0"
"0.36","122","Corvus corax","0","0","1","0"
"0.36","122","Aegithalos caudatus","0","0","1","0"
"0.36","122","Turdus viscivorus","0","0","1","0"
"0.36","122","Alauda arvensis","0","0","1","0"
"0.36","122","Turdus philomelos","0","0","0","1"
"0.36","122","Sitta europaea","0","0","1","0"
"0.36","122","Lullula arborea","0","0","1","0"
"0.36","122","Pyrrhocorax pyrrhocorax","0","0","1","0"
"0.36","122","Galerida cristata","0","0","1","0"
"0.36","122","Petronia petronia","0","0","1","0"
"0.36","122","Lophophanes cristatus","0","0","1","0"
"0.36","122","Cettia cetti","0","0","1","0"
"0.36","122","Phylloscopus collybita","0","0","0","1"
"0.36","122","Fulica atra","0","0","1","0"
"0.36","122","Curruca melanocephala","0","0","1","0"
"0.36","122","Egretta garzetta","0","0","1","0"
"0.36","122","Lanius collurio","0","0","1","0"
"0.36","122","Cisticola juncidis","0","0","1","0"
"0.36","122","Circaetus gallicus","0","0","1","0"
"0.36","122","Curruca communis","0","0","1","0"
"0.36","122","Carduelis citrinella","0","0","1","0"
"0.36","122","Phalacrocorax carbo","0","0","1","0"
"0.36","122","Gallinula chloropus","0","0","1","0"
"0.36","122","Milvus milvus","0","0","1","0"
"0.36","122","Oenanthe oenanthe","0","0","1","0"
"0.36","122","Hieraaetus pennatus","0","0","1","0"
"0.36","122","Phoenicurus phoenicurus","0","0","1","0"
"0.36","122","Picus sharpei","0","0","1","0"
"0.36","122","Ciconia ciconia","0","0","1","0"
"0.36","122","Chroicocephalus ridibundus","0","0","1","0"
"0.36","122","Corvus monedula","0","0","1","0"
"0.36","122","Motacilla cinerea","0","0","1","0"
"0.36","122","Lanius senator","0","0","1","0"
"0.36","122","Himantopus himantopus","0","0","1","0"
"0.36","122","Acrocephalus scirpaceus","0","0","1","0"
"0.36","122","Emberiza cia","0","0","1","0"
"0.36","122","Bubulcus ibis","0","0","1","0"
"0.36","122","Alectoris rufa","0","0","1","0"
"0.36","122","Curruca iberiae","0","0","1","0"
"0.36","122","Coturnix coturnix","0","0","0","1"
"0.36","122","Prunella modularis","0","0","1","0"
"0.36","122","Circus aeruginosus","0","0","1","0"
"0.36","122","Sturnus unicolor","0","0","1","0"
"0.36","122","Emberiza citrinella","0","0","1","0"
"0.36","122","Motacilla flava","0","0","1","0"
"0.36","122","Muscicapa striata","0","0","1","0"
"0.36","122","Pernis apivorus","0","0","1","0"
"0.36","122","Acrocephalus arundinaceus","0","0","1","0"
"0.36","122","Sterna hirundo","0","0","1","0"
"0.36","122","Passer montanus","0","0","1","0"
"0.36","122","Podiceps cristatus","0","0","1","0"
"0.36","122","Anthus trivialis","0","0","1","0"
"0.36","122","Ardea purpurea","0","0","1","0"
"0.36","122","Sylvia borin","0","0","1","0"
"0.36","122","Tachybaptus ruficollis","0","0","1","0"
"0.36","122","Falco subbuteo","0","0","1","0"
"0.36","122","Charadrius dubius","0","0","1","0"
"0.36","122","Curruca undata","0","0","1","0"
"0.36","122","Apus melba","0","0","1","0"
"0.36","122","Recurvirostra avosetta","0","0","1","0"
"0.36","122","Pyrrhula pyrrhula","0","0","1","0"
"0.36","122","Tadorna tadorna","0","0","1","0"
"0.36","122","Anthus campestris","0","0","1","0"
"0.36","122","Riparia riparia","0","0","1","0"
"0.36","122","Netta rufina","0","0","1","0"
"0.36","122","Circus pygargus","0","0","1","0"
"0.36","122","Cinclus cinclus","0","0","1","0"
"0.36","122","Galerida theklae","0","0","1","0"
"0.36","122","Aquila chrysaetos","0","0","1","0"
"0.36","122","Poecile palustris","0","0","1","0"
"0.36","122","Actitis hypoleucos","0","0","1","0"
"0.36","122","Aythya ferina","0","0","1","0"
"0.36","122","Pyrrhocorax graculus","0","0","1","0"
"0.36","122","Alcedo atthis","0","0","1","0"
"0.36","122","Burhinus oedicnemus","0","0","1","0"
"0.36","122","Sternula albifrons","0","0","1","0"
"0.36","122","Accipiter nisus","0","0","1","0"
"0.36","122","Anthus spinoletta","0","0","1","0"
"0.36","122","Nycticorax nycticorax","0","0","1","0"
"0.36","122","Melanocorypha calandra","0","0","1","0"
"0.36","122","Coccothraustes coccothraustes","0","0","1","0"
"0.36","122","Vanellus vanellus","0","0","1","0"
"0.36","122","Phasianus colchicus","0","0","1","0"
"0.36","122","Saxicola rubetra","0","0","1","0"
"0.36","122","Loxia curvirostra","0","0","1","0"
"0.36","122","Phoenicopterus roseus","0","0","1","0"
"0.36","122","Emberiza schoeniclus","0","0","1","0"
"0.36","122","Mareca strepera","0","0","1","0"
"0.36","122","Tringa ochropus","0","0","1","0"
"0.36","122","Cygnus olor","0","0","1","0"
"0.36","122","Plegadis falcinellus","0","0","1","0"
"0.36","122","Ardea alba","0","0","1","0"
"0.36","122","Columba oenas","0","0","1","0"
"0.36","122","Tringa totanus","0","0","1","0"
"0.36","122","Strix aluco","0","0","1","0"
"0.36","122","Ichthyaetus melanocephalus","0","0","1","0"
"0.36","122","Regulus regulus","0","0","1","0"
"0.36","122","Coracias garrulus","0","0","1","0"
"0.36","122","Passer hispaniolensis","0","0","1","0"
"0.36","122","Cecropis daurica","0","0","1","0"
"0.36","122","Falco naumanni","0","0","1","0"
"0.36","122","Athene noctua","0","0","1","0"
"0.36","122","Psittacula krameri","0","0","1","0"
"0.36","122","Rallus aquaticus","0","0","1","0"
"0.36","122","Platalea leucorodia","0","0","1","0"
"0.36","122","Lanius meridionalis","0","0","1","0"
"0.36","122","Chlidonias niger","0","0","1","0"
"0.36","122","Otus scops","0","0","1","0"
"0.36","122","Jynx torquilla","0","0","1","0"
"0.36","123","Turdus merula","0","0","0","1"
"0.36","123","Apus apus","0","0","1","0"
"0.36","123","Fringilla coelebs","0","0","1","0"
"0.36","123","Columba palumbus","0","0","1","0"
"0.36","123","Hirundo rustica","0","0","1","0"
"0.36","123","Passer domesticus","0","0","1","0"
"0.36","123","Sylvia atricapilla","0","0","0","1"
"0.36","123","Corvus corone","0","0","1","0"
"0.36","123","Pica pica","0","0","1","0"
"0.36","123","Carduelis carduelis","0","0","1","0"
"0.36","123","Serinus serinus","0","0","1","0"
"0.36","123","Streptopelia decaocto","0","0","0","1"
"0.36","123","Parus major","0","0","1","0"
"0.36","123","Milvus migrans","0","0","1","0"
"0.36","123","Delichon urbicum","0","0","1","0"
"0.36","123","Phoenicurus ochruros","0","0","1","0"
"0.36","123","Erithacus rubecula","0","0","1","0"
"0.36","123","Gyps fulvus","0","0","1","0"
"0.36","123","Motacilla alba","0","0","1","0"
"0.36","123","Garrulus glandarius","0","0","1","0"
"0.36","123","Cyanistes caeruleus","0","0","1","0"
"0.36","123","Chloris chloris","0","0","1","0"
"0.36","123","Emberiza cirlus","0","0","0","1"
"0.36","123","Troglodytes troglodytes","0","0","1","0"
"0.36","123","Luscinia megarhynchos","1","0","0","0"
"0.36","123","Oriolus oriolus","0","0","1","0"
"0.36","123","Columba livia","0","0","1","0"
"0.36","123","Falco tinnunculus","0","0","1","0"
"0.36","123","Cuculus canorus","0","0","1","0"
"0.36","123","Buteo buteo","0","0","1","0"
"0.36","123","Sturnus vulgaris","0","0","1","0"
"0.36","123","Phylloscopus bonelli","0","1","0","0"
"0.36","123","Periparus ater","0","0","1","0"
"0.36","123","Linaria cannabina","0","0","1","0"
"0.36","123","Hippolais polyglotta","0","0","1","0"
"0.36","123","Merops apiaster","0","0","1","0"
"0.36","123","Larus michahellis","0","0","1","0"
"0.36","123","Anas platyrhynchos","0","0","1","0"
"0.36","123","Ptyonoprogne rupestris","0","0","1","0"
"0.36","123","Certhia brachydactyla","0","0","1","0"
"0.36","123","Saxicola rubicola","0","0","0","1"
"0.36","123","Ardea cinerea","0","0","1","0"
"0.36","123","Dendrocopos major","0","0","1","0"
"0.36","123","Streptopelia turtur","0","0","1","0"
"0.36","123","Upupa epops","0","0","1","0"
"0.36","123","Picus viridis","0","0","1","0"
"0.36","123","Emberiza calandra","0","0","1","0"
"0.36","123","Regulus ignicapilla","0","0","1","0"
"0.36","123","Corvus corax","0","0","1","0"
"0.36","123","Aegithalos caudatus","0","0","1","0"
"0.36","123","Turdus viscivorus","0","0","1","0"
"0.36","123","Alauda arvensis","0","0","1","0"
"0.36","123","Turdus philomelos","0","0","1","0"
"0.36","123","Sitta europaea","0","0","1","0"
"0.36","123","Lullula arborea","0","0","1","0"
"0.36","123","Pyrrhocorax pyrrhocorax","0","0","1","0"
"0.36","123","Galerida cristata","0","0","1","0"
"0.36","123","Petronia petronia","0","0","1","0"
"0.36","123","Lophophanes cristatus","0","0","1","0"
"0.36","123","Cettia cetti","0","0","1","0"
"0.36","123","Phylloscopus collybita","0","0","1","0"
"0.36","123","Fulica atra","0","0","1","0"
"0.36","123","Curruca melanocephala","0","0","1","0"
"0.36","123","Egretta garzetta","0","0","1","0"
"0.36","123","Lanius collurio","0","0","1","0"
"0.36","123","Cisticola juncidis","0","0","1","0"
"0.36","123","Circaetus gallicus","0","0","1","0"
"0.36","123","Curruca communis","0","0","1","0"
"0.36","123","Carduelis citrinella","0","0","1","0"
"0.36","123","Phalacrocorax carbo","0","0","1","0"
"0.36","123","Gallinula chloropus","0","0","1","0"
"0.36","123","Milvus milvus","0","0","1","0"
"0.36","123","Oenanthe oenanthe","0","0","1","0"
"0.36","123","Hieraaetus pennatus","0","0","1","0"
"0.36","123","Phoenicurus phoenicurus","0","0","1","0"
"0.36","123","Picus sharpei","0","0","1","0"
"0.36","123","Ciconia ciconia","0","0","1","0"
"0.36","123","Chroicocephalus ridibundus","0","0","1","0"
"0.36","123","Corvus monedula","0","0","1","0"
"0.36","123","Motacilla cinerea","0","0","1","0"
"0.36","123","Lanius senator","0","0","1","0"
"0.36","123","Himantopus himantopus","0","0","1","0"
"0.36","123","Acrocephalus scirpaceus","0","0","1","0"
"0.36","123","Emberiza cia","0","0","1","0"
"0.36","123","Bubulcus ibis","0","0","1","0"
"0.36","123","Alectoris rufa","0","0","1","0"
"0.36","123","Curruca iberiae","0","0","1","0"
"0.36","123","Coturnix coturnix","0","0","1","0"
"0.36","123","Prunella modularis","0","0","1","0"
"0.36","123","Circus aeruginosus","0","0","1","0"
"0.36","123","Sturnus unicolor","0","0","1","0"
"0.36","123","Emberiza citrinella","0","0","1","0"
"0.36","123","Motacilla flava","0","0","1","0"
"0.36","123","Muscicapa striata","0","0","1","0"
"0.36","123","Pernis apivorus","0","0","1","0"
"0.36","123","Acrocephalus arundinaceus","0","0","1","0"
"0.36","123","Sterna hirundo","0","0","1","0"
"0.36","123","Passer montanus","0","0","1","0"
"0.36","123","Podiceps cristatus","0","0","1","0"
"0.36","123","Anthus trivialis","0","0","1","0"
"0.36","123","Ardea purpurea","0","0","1","0"
"0.36","123","Sylvia borin","0","0","1","0"
"0.36","123","Tachybaptus ruficollis","0","0","1","0"
"0.36","123","Falco subbuteo","0","0","1","0"
"0.36","123","Charadrius dubius","0","0","1","0"
"0.36","123","Curruca undata","0","0","1","0"
"0.36","123","Apus melba","0","0","1","0"
"0.36","123","Recurvirostra avosetta","0","0","1","0"
"0.36","123","Pyrrhula pyrrhula","0","0","1","0"
"0.36","123","Tadorna tadorna","0","0","1","0"
"0.36","123","Anthus campestris","0","0","1","0"
"0.36","123","Riparia riparia","0","0","1","0"
"0.36","123","Netta rufina","0","0","1","0"
"0.36","123","Circus pygargus","0","0","1","0"
"0.36","123","Cinclus cinclus","0","0","1","0"
"0.36","123","Galerida theklae","0","0","1","0"
"0.36","123","Aquila chrysaetos","0","0","1","0"
"0.36","123","Poecile palustris","0","0","1","0"
"0.36","123","Actitis hypoleucos","0","0","1","0"
"0.36","123","Aythya ferina","0","0","1","0"
"0.36","123","Pyrrhocorax graculus","0","0","1","0"
"0.36","123","Alcedo atthis","0","0","1","0"
"0.36","123","Burhinus oedicnemus","0","0","1","0"
"0.36","123","Sternula albifrons","0","0","1","0"
"0.36","123","Accipiter nisus","0","0","1","0"
"0.36","123","Anthus spinoletta","0","0","1","0"
"0.36","123","Nycticorax nycticorax","0","0","1","0"
"0.36","123","Melanocorypha calandra","0","0","1","0"
"0.36","123","Coccothraustes coccothraustes","0","0","1","0"
"0.36","123","Vanellus vanellus","0","0","1","0"
"0.36","123","Phasianus colchicus","0","0","1","0"
"0.36","123","Saxicola rubetra","0","0","1","0"
"0.36","123","Loxia curvirostra","0","0","1","0"
"0.36","123","Phoenicopterus roseus","0","0","1","0"
"0.36","123","Emberiza schoeniclus","0","0","1","0"
"0.36","123","Mareca strepera","0","0","1","0"
"0.36","123","Tringa ochropus","0","0","1","0"
"0.36","123","Cygnus olor","0","0","1","0"
"0.36","123","Plegadis falcinellus","0","0","1","0"
"0.36","123","Ardea alba","0","0","1","0"
"0.36","123","Columba oenas","0","0","1","0"
"0.36","123","Tringa totanus","0","0","1","0"
"0.36","123","Strix aluco","0","0","1","0"
"0.36","123","Ichthyaetus melanocephalus","0","0","1","0"
"0.36","123","Regulus regulus","0","0","1","0"
"0.36","123","Coracias garrulus","0","0","1","0"
"0.36","123","Passer hispaniolensis","0","0","1","0"
"0.36","123","Cecropis daurica","0","0","1","0"
"0.36","123","Falco naumanni","0","0","1","0"
"0.36","123","Athene noctua","0","0","1","0"
"0.36","123","Psittacula krameri","0","0","1","0"
"0.36","123","Rallus aquaticus","0","0","1","0"
"0.36","123","Platalea leucorodia","0","0","1","0"
"0.36","123","Lanius meridionalis","0","0","1","0"
"0.36","123","Chlidonias niger","0","0","1","0"
"0.36","123","Otus scops","0","0","1","0"
"0.36","123","Jynx torquilla","0","0","1","0"
"0.36","124","Turdus merula","0","0","1","0"
"0.36","124","Apus apus","0","0","1","0"
"0.36","124","Fringilla coelebs","0","0","1","0"
"0.36","124","Columba palumbus","0","0","1","0"
"0.36","124","Hirundo rustica","0","0","1","0"
"0.36","124","Passer domesticus","0","0","1","0"
"0.36","124","Sylvia atricapilla","0","0","1","0"
"0.36","124","Corvus corone","0","0","1","0"
"0.36","124","Pica pica","0","0","1","0"
"0.36","124","Carduelis carduelis","0","0","1","0"
"0.36","124","Serinus serinus","0","0","1","0"
"0.36","124","Streptopelia decaocto","0","0","1","0"
"0.36","124","Parus major","0","0","1","0"
"0.36","124","Milvus migrans","0","0","1","0"
"0.36","124","Delichon urbicum","0","0","1","0"
"0.36","124","Phoenicurus ochruros","0","0","1","0"
"0.36","124","Erithacus rubecula","0","0","1","0"
"0.36","124","Gyps fulvus","0","0","1","0"
"0.36","124","Motacilla alba","0","0","1","0"
"0.36","124","Garrulus glandarius","0","0","1","0"
"0.36","124","Cyanistes caeruleus","0","0","1","0"
"0.36","124","Chloris chloris","0","0","1","0"
"0.36","124","Emberiza cirlus","0","0","1","0"
"0.36","124","Troglodytes troglodytes","0","0","1","0"
"0.36","124","Luscinia megarhynchos","0","0","1","0"
"0.36","124","Oriolus oriolus","0","0","1","0"
"0.36","124","Columba livia","0","0","1","0"
"0.36","124","Falco tinnunculus","0","0","1","0"
"0.36","124","Cuculus canorus","0","0","1","0"
"0.36","124","Buteo buteo","0","0","1","0"
"0.36","124","Sturnus vulgaris","0","0","1","0"
"0.36","124","Phylloscopus bonelli","0","0","1","0"
"0.36","124","Linaria cannabina","0","0","1","0"
"0.36","124","Periparus ater","0","0","1","0"
"0.36","124","Hippolais polyglotta","0","0","1","0"
"0.36","124","Merops apiaster","0","0","1","0"
"0.36","124","Larus michahellis","0","0","1","0"
"0.36","124","Anas platyrhynchos","0","0","1","0"
"0.36","124","Ptyonoprogne rupestris","0","0","1","0"
"0.36","124","Certhia brachydactyla","0","0","1","0"
"0.36","124","Saxicola rubicola","0","0","1","0"
"0.36","124","Ardea cinerea","0","0","1","0"
"0.36","124","Dendrocopos major","0","0","1","0"
"0.36","124","Streptopelia turtur","0","0","1","0"
"0.36","124","Upupa epops","0","0","1","0"
"0.36","124","Picus viridis","0","0","1","0"
"0.36","124","Emberiza calandra","0","0","1","0"
"0.36","124","Regulus ignicapilla","0","0","1","0"
"0.36","124","Corvus corax","0","0","1","0"
"0.36","124","Aegithalos caudatus","0","0","1","0"
"0.36","124","Turdus viscivorus","0","0","1","0"
"0.36","124","Alauda arvensis","0","0","1","0"
"0.36","124","Turdus philomelos","0","0","1","0"
"0.36","124","Sitta europaea","0","0","1","0"
"0.36","124","Lullula arborea","0","0","1","0"
"0.36","124","Pyrrhocorax pyrrhocorax","0","0","1","0"
"0.36","124","Galerida cristata","0","0","1","0"
"0.36","124","Petronia petronia","0","0","1","0"
"0.36","124","Cettia cetti","0","0","1","0"
"0.36","124","Lophophanes cristatus","0","0","1","0"
"0.36","124","Phylloscopus collybita","0","0","1","0"
"0.36","124","Curruca melanocephala","0","0","1","0"
"0.36","124","Fulica atra","0","0","1","0"
"0.36","124","Egretta garzetta","0","0","1","0"
"0.36","124","Cisticola juncidis","0","0","1","0"
"0.36","124","Lanius collurio","0","0","1","0"
"0.36","124","Circaetus gallicus","0","0","1","0"
"0.36","124","Curruca communis","0","0","1","0"
"0.36","124","Carduelis citrinella","0","0","1","0"
"0.36","124","Phalacrocorax carbo","0","0","1","0"
"0.36","124","Gallinula chloropus","0","0","1","0"
"0.36","124","Milvus milvus","0","0","1","0"
"0.36","124","Hieraaetus pennatus","0","0","1","0"
"0.36","124","Oenanthe oenanthe","0","0","1","0"
"0.36","124","Picus sharpei","0","0","1","0"
"0.36","124","Phoenicurus phoenicurus","0","0","1","0"
"0.36","124","Ciconia ciconia","0","0","1","0"
"0.36","124","Chroicocephalus ridibundus","0","0","1","0"
"0.36","124","Corvus monedula","0","0","1","0"
"0.36","124","Motacilla cinerea","0","0","1","0"
"0.36","124","Lanius senator","0","0","1","0"
"0.36","124","Himantopus himantopus","0","0","1","0"
"0.36","124","Acrocephalus scirpaceus","0","0","1","0"
"0.36","124","Emberiza cia","0","0","1","0"
"0.36","124","Alectoris rufa","0","0","1","0"
"0.36","124","Curruca iberiae","0","0","1","0"
"0.36","124","Bubulcus ibis","0","0","1","0"
"0.36","124","Coturnix coturnix","0","0","1","0"
"0.36","124","Prunella modularis","0","0","1","0"
"0.36","124","Sturnus unicolor","0","0","1","0"
"0.36","124","Circus aeruginosus","0","0","1","0"
"0.36","124","Emberiza citrinella","0","0","1","0"
"0.36","124","Motacilla flava","0","0","1","0"
"0.36","124","Muscicapa striata","0","0","1","0"
"0.36","124","Pernis apivorus","0","0","1","0"
"0.36","124","Acrocephalus arundinaceus","0","0","1","0"
"0.36","124","Sterna hirundo","0","0","1","0"
"0.36","124","Passer montanus","0","0","1","0"
"0.36","124","Podiceps cristatus","0","0","1","0"
"0.36","124","Anthus trivialis","0","0","1","0"
"0.36","124","Ardea purpurea","0","0","1","0"
"0.36","124","Sylvia borin","0","0","1","0"
"0.36","124","Tachybaptus ruficollis","0","0","1","0"
"0.36","124","Charadrius dubius","0","0","1","0"
"0.36","124","Falco subbuteo","0","0","1","0"
"0.36","124","Curruca undata","0","0","1","0"
"0.36","124","Apus melba","0","0","1","0"
"0.36","124","Recurvirostra avosetta","0","0","1","0"
"0.36","124","Pyrrhula pyrrhula","0","0","1","0"
"0.36","124","Tadorna tadorna","0","0","1","0"
"0.36","124","Anthus campestris","0","0","1","0"
"0.36","124","Riparia riparia","0","0","1","0"
"0.36","124","Netta rufina","0","0","1","0"
"0.36","124","Circus pygargus","0","0","1","0"
"0.36","124","Galerida theklae","0","0","1","0"
"0.36","124","Cinclus cinclus","0","0","1","0"
"0.36","124","Aquila chrysaetos","0","0","1","0"
"0.36","124","Poecile palustris","0","0","1","0"
"0.36","124","Actitis hypoleucos","0","0","1","0"
"0.36","124","Aythya ferina","0","0","1","0"
"0.36","124","Pyrrhocorax graculus","0","0","1","0"
"0.36","124","Alcedo atthis","0","0","1","0"
"0.36","124","Burhinus oedicnemus","0","0","1","0"
"0.36","124","Sternula albifrons","0","0","1","0"
"0.36","124","Accipiter nisus","0","0","1","0"
"0.36","124","Anthus spinoletta","0","0","1","0"
"0.36","124","Melanocorypha calandra","0","0","1","0"
"0.36","124","Nycticorax nycticorax","0","0","1","0"
"0.36","124","Coccothraustes coccothraustes","0","0","1","0"
"0.36","124","Vanellus vanellus","0","0","1","0"
"0.36","124","Phasianus colchicus","0","0","1","0"
"0.36","124","Saxicola rubetra","0","0","1","0"
"0.36","124","Loxia curvirostra","0","0","1","0"
"0.36","124","Phoenicopterus roseus","0","0","1","0"
"0.36","124","Tringa ochropus","0","0","1","0"
"0.36","124","Mareca strepera","0","0","1","0"
"0.36","124","Emberiza schoeniclus","0","0","1","0"
"0.36","124","Cygnus olor","0","0","1","0"
"0.36","124","Plegadis falcinellus","0","0","1","0"
"0.36","124","Ardea alba","0","0","1","0"
"0.36","124","Tringa totanus","0","0","1","0"
"0.36","124","Columba oenas","0","0","1","0"
"0.36","124","Strix aluco","0","0","1","0"
"0.36","124","Ichthyaetus melanocephalus","0","0","1","0"
"0.36","124","Regulus regulus","0","0","1","0"
"0.36","124","Coracias garrulus","0","0","1","0"
"0.36","124","Passer hispaniolensis","0","0","1","0"
"0.36","124","Cecropis daurica","0","0","1","0"
"0.36","124","Falco naumanni","0","0","1","0"
"0.36","124","Athene noctua","0","0","1","0"
"0.36","124","Rallus aquaticus","0","0","1","0"
"0.36","124","Psittacula krameri","0","0","1","0"
"0.36","124","Platalea leucorodia","0","0","1","0"
"0.36","124","Lanius meridionalis","0","0","1","0"
"0.36","124","Chlidonias niger","0","0","1","0"
"0.36","124","Phylloscopus ibericus","0","0","1","0"
"0.36","124","Otus scops","0","0","1","0"
"0.36","124","Jynx torquilla","0","0","1","0"
"0.36","125","Turdus merula","0","0","0","1"
"0.36","125","Apus apus","0","0","1","0"
"0.36","125","Fringilla coelebs","0","0","1","0"
"0.36","125","Columba palumbus","0","0","1","0"
"0.36","125","Hirundo rustica","0","0","1","0"
"0.36","125","Passer domesticus","0","0","1","0"
"0.36","125","Sylvia atricapilla","0","0","0","1"
"0.36","125","Corvus corone","0","0","1","0"
"0.36","125","Pica pica","0","0","1","0"
"0.36","125","Carduelis carduelis","0","0","1","0"
"0.36","125","Serinus serinus","0","0","1","0"
"0.36","125","Streptopelia decaocto","0","0","1","0"
"0.36","125","Parus major","0","0","0","1"
"0.36","125","Milvus migrans","0","0","1","0"
"0.36","125","Delichon urbicum","0","0","1","0"
"0.36","125","Phoenicurus ochruros","0","0","1","0"
"0.36","125","Erithacus rubecula","0","0","1","0"
"0.36","125","Gyps fulvus","0","0","1","0"
"0.36","125","Motacilla alba","0","0","1","0"
"0.36","125","Garrulus glandarius","0","0","1","0"
"0.36","125","Cyanistes caeruleus","0","0","0","1"
"0.36","125","Chloris chloris","0","0","1","0"
"0.36","125","Emberiza cirlus","0","0","1","0"
"0.36","125","Troglodytes troglodytes","1","0","0","0"
"0.36","125","Luscinia megarhynchos","0","0","1","0"
"0.36","125","Oriolus oriolus","0","0","1","0"
"0.36","125","Columba livia","0","0","1","0"
"0.36","125","Falco tinnunculus","0","0","1","0"
"0.36","125","Cuculus canorus","0","0","1","0"
"0.36","125","Buteo buteo","0","0","1","0"
"0.36","125","Sturnus vulgaris","0","0","1","0"
"0.36","125","Phylloscopus bonelli","0","0","1","0"
"0.36","125","Linaria cannabina","0","0","1","0"
"0.36","125","Periparus ater","0","0","1","0"
"0.36","125","Hippolais polyglotta","0","0","1","0"
"0.36","125","Merops apiaster","0","0","1","0"
"0.36","125","Larus michahellis","0","0","1","0"
"0.36","125","Anas platyrhynchos","0","0","1","0"
"0.36","125","Ptyonoprogne rupestris","0","0","1","0"
"0.36","125","Certhia brachydactyla","1","0","0","0"
"0.36","125","Saxicola rubicola","0","0","1","0"
"0.36","125","Ardea cinerea","0","0","1","0"
"0.36","125","Dendrocopos major","0","0","1","0"
"0.36","125","Streptopelia turtur","0","0","1","0"
"0.36","125","Upupa epops","0","0","1","0"
"0.36","125","Picus viridis","0","0","1","0"
"0.36","125","Emberiza calandra","0","0","1","0"
"0.36","125","Regulus ignicapilla","1","0","0","0"
"0.36","125","Corvus corax","0","0","1","0"
"0.36","125","Aegithalos caudatus","0","0","1","0"
"0.36","125","Turdus viscivorus","0","0","1","0"
"0.36","125","Alauda arvensis","0","0","1","0"
"0.36","125","Turdus philomelos","0","0","0","1"
"0.36","125","Sitta europaea","0","0","1","0"
"0.36","125","Lullula arborea","0","0","1","0"
"0.36","125","Pyrrhocorax pyrrhocorax","0","0","1","0"
"0.36","125","Galerida cristata","0","0","1","0"
"0.36","125","Petronia petronia","0","0","1","0"
"0.36","125","Cettia cetti","0","0","1","0"
"0.36","125","Lophophanes cristatus","0","0","1","0"
"0.36","125","Phylloscopus collybita","0","0","1","0"
"0.36","125","Curruca melanocephala","0","0","1","0"
"0.36","125","Fulica atra","0","0","1","0"
"0.36","125","Egretta garzetta","0","0","1","0"
"0.36","125","Cisticola juncidis","0","0","1","0"
"0.36","125","Lanius collurio","0","0","1","0"
"0.36","125","Circaetus gallicus","0","0","1","0"
"0.36","125","Curruca communis","0","0","1","0"
"0.36","125","Carduelis citrinella","0","0","1","0"
"0.36","125","Phalacrocorax carbo","0","0","1","0"
"0.36","125","Gallinula chloropus","0","0","1","0"
"0.36","125","Milvus milvus","0","0","1","0"
"0.36","125","Hieraaetus pennatus","0","0","1","0"
"0.36","125","Oenanthe oenanthe","0","0","1","0"
"0.36","125","Picus sharpei","0","0","1","0"
"0.36","125","Phoenicurus phoenicurus","0","0","1","0"
"0.36","125","Ciconia ciconia","0","0","1","0"
"0.36","125","Chroicocephalus ridibundus","0","0","1","0"
"0.36","125","Corvus monedula","0","0","1","0"
"0.36","125","Motacilla cinerea","0","0","1","0"
"0.36","125","Lanius senator","0","0","1","0"
"0.36","125","Himantopus himantopus","0","0","1","0"
"0.36","125","Acrocephalus scirpaceus","0","0","1","0"
"0.36","125","Emberiza cia","0","0","1","0"
"0.36","125","Alectoris rufa","0","0","1","0"
"0.36","125","Curruca iberiae","0","0","1","0"
"0.36","125","Bubulcus ibis","0","0","1","0"
"0.36","125","Coturnix coturnix","0","0","1","0"
"0.36","125","Prunella modularis","0","0","1","0"
"0.36","125","Sturnus unicolor","0","0","1","0"
"0.36","125","Circus aeruginosus","0","0","1","0"
"0.36","125","Emberiza citrinella","0","0","1","0"
"0.36","125","Motacilla flava","0","0","1","0"
"0.36","125","Muscicapa striata","0","0","1","0"
"0.36","125","Pernis apivorus","0","0","1","0"
"0.36","125","Acrocephalus arundinaceus","0","0","1","0"
"0.36","125","Sterna hirundo","0","0","1","0"
"0.36","125","Passer montanus","0","0","1","0"
"0.36","125","Podiceps cristatus","0","0","1","0"
"0.36","125","Anthus trivialis","0","0","1","0"
"0.36","125","Ardea purpurea","0","0","1","0"
"0.36","125","Sylvia borin","0","0","1","0"
"0.36","125","Tachybaptus ruficollis","0","0","1","0"
"0.36","125","Charadrius dubius","0","0","1","0"
"0.36","125","Falco subbuteo","0","0","1","0"
"0.36","125","Curruca undata","0","0","1","0"
"0.36","125","Apus melba","0","0","1","0"
"0.36","125","Recurvirostra avosetta","0","0","1","0"
"0.36","125","Pyrrhula pyrrhula","0","0","1","0"
"0.36","125","Tadorna tadorna","0","0","1","0"
"0.36","125","Anthus campestris","0","0","1","0"
"0.36","125","Riparia riparia","0","0","1","0"
"0.36","125","Netta rufina","0","0","1","0"
"0.36","125","Circus pygargus","0","0","1","0"
"0.36","125","Galerida theklae","0","0","1","0"
"0.36","125","Cinclus cinclus","0","0","1","0"
"0.36","125","Aquila chrysaetos","0","0","1","0"
"0.36","125","Poecile palustris","0","0","1","0"
"0.36","125","Actitis hypoleucos","0","0","1","0"
"0.36","125","Aythya ferina","0","0","1","0"
"0.36","125","Pyrrhocorax graculus","0","0","1","0"
"0.36","125","Alcedo atthis","0","0","1","0"
"0.36","125","Burhinus oedicnemus","0","0","1","0"
"0.36","125","Sternula albifrons","0","0","1","0"
"0.36","125","Accipiter nisus","0","0","1","0"
"0.36","125","Anthus spinoletta","0","0","1","0"
"0.36","125","Melanocorypha calandra","0","0","1","0"
"0.36","125","Nycticorax nycticorax","0","0","1","0"
"0.36","125","Coccothraustes coccothraustes","0","0","1","0"
"0.36","125","Vanellus vanellus","0","0","1","0"
"0.36","125","Phasianus colchicus","0","0","1","0"
"0.36","125","Saxicola rubetra","0","0","1","0"
"0.36","125","Loxia curvirostra","0","0","1","0"
"0.36","125","Phoenicopterus roseus","0","0","1","0"
"0.36","125","Tringa ochropus","0","0","1","0"
"0.36","125","Mareca strepera","0","0","1","0"
"0.36","125","Emberiza schoeniclus","0","0","1","0"
"0.36","125","Cygnus olor","0","0","1","0"
"0.36","125","Plegadis falcinellus","0","0","1","0"
"0.36","125","Ardea alba","0","0","1","0"
"0.36","125","Tringa totanus","0","0","1","0"
"0.36","125","Columba oenas","0","0","1","0"
"0.36","125","Strix aluco","0","0","1","0"
"0.36","125","Ichthyaetus melanocephalus","0","0","1","0"
"0.36","125","Regulus regulus","0","0","1","0"
"0.36","125","Coracias garrulus","0","0","1","0"
"0.36","125","Passer hispaniolensis","0","0","1","0"
"0.36","125","Cecropis daurica","0","0","1","0"
"0.36","125","Falco naumanni","0","0","1","0"
"0.36","125","Athene noctua","0","0","1","0"
"0.36","125","Rallus aquaticus","0","0","1","0"
"0.36","125","Psittacula krameri","0","0","1","0"
"0.36","125","Platalea leucorodia","0","0","1","0"
"0.36","125","Lanius meridionalis","0","0","1","0"
"0.36","125","Chlidonias niger","0","0","1","0"
"0.36","125","Phylloscopus ibericus","0","0","1","0"
"0.36","125","Otus scops","0","0","1","0"
"0.36","125","Jynx torquilla","0","0","1","0"
"0.36","126","Turdus merula","1","0","0","0"
"0.36","126","Apus apus","0","0","1","0"
"0.36","126","Fringilla coelebs","0","0","1","0"
"0.36","126","Columba palumbus","0","0","1","0"
"0.36","126","Hirundo rustica","0","0","1","0"
"0.36","126","Passer domesticus","0","0","1","0"
"0.36","126","Sylvia atricapilla","0","0","0","1"
"0.36","126","Corvus corone","0","0","1","0"
"0.36","126","Pica pica","0","0","1","0"
"0.36","126","Carduelis carduelis","0","0","1","0"
"0.36","126","Serinus serinus","0","0","1","0"
"0.36","126","Streptopelia decaocto","0","0","1","0"
"0.36","126","Parus major","0","0","1","0"
"0.36","126","Milvus migrans","0","0","1","0"
"0.36","126","Delichon urbicum","0","0","1","0"
"0.36","126","Phoenicurus ochruros","0","0","1","0"
"0.36","126","Erithacus rubecula","0","0","1","0"
"0.36","126","Gyps fulvus","0","0","1","0"
"0.36","126","Motacilla alba","0","0","1","0"
"0.36","126","Garrulus glandarius","0","0","1","0"
"0.36","126","Cyanistes caeruleus","0","0","1","0"
"0.36","126","Chloris chloris","0","0","1","0"
"0.36","126","Emberiza cirlus","0","0","1","0"
"0.36","126","Troglodytes troglodytes","0","0","1","0"
"0.36","126","Luscinia megarhynchos","0","0","1","0"
"0.36","126","Oriolus oriolus","0","0","1","0"
"0.36","126","Columba livia","0","0","1","0"
"0.36","126","Falco tinnunculus","0","0","1","0"
"0.36","126","Cuculus canorus","0","0","1","0"
"0.36","126","Buteo buteo","0","0","1","0"
"0.36","126","Sturnus vulgaris","0","0","1","0"
"0.36","126","Phylloscopus bonelli","0","0","1","0"
"0.36","126","Linaria cannabina","0","0","1","0"
"0.36","126","Periparus ater","0","0","1","0"
"0.36","126","Hippolais polyglotta","0","0","1","0"
"0.36","126","Merops apiaster","0","0","1","0"
"0.36","126","Larus michahellis","0","0","1","0"
"0.36","126","Anas platyrhynchos","0","0","1","0"
"0.36","126","Ptyonoprogne rupestris","0","0","1","0"
"0.36","126","Certhia brachydactyla","0","0","1","0"
"0.36","126","Saxicola rubicola","0","0","1","0"
"0.36","126","Ardea cinerea","0","0","1","0"
"0.36","126","Dendrocopos major","0","0","1","0"
"0.36","126","Streptopelia turtur","0","0","1","0"
"0.36","126","Upupa epops","0","0","1","0"
"0.36","126","Picus viridis","0","0","1","0"
"0.36","126","Emberiza calandra","0","0","1","0"
"0.36","126","Regulus ignicapilla","0","0","1","0"
"0.36","126","Corvus corax","0","0","1","0"
"0.36","126","Aegithalos caudatus","0","0","1","0"
"0.36","126","Turdus viscivorus","0","0","1","0"
"0.36","126","Alauda arvensis","0","0","1","0"
"0.36","126","Turdus philomelos","0","0","1","0"
"0.36","126","Sitta europaea","0","0","1","0"
"0.36","126","Lullula arborea","0","0","1","0"
"0.36","126","Pyrrhocorax pyrrhocorax","0","0","1","0"
"0.36","126","Galerida cristata","0","0","1","0"
"0.36","126","Petronia petronia","0","0","1","0"
"0.36","126","Cettia cetti","0","0","1","0"
"0.36","126","Lophophanes cristatus","0","0","1","0"
"0.36","126","Phylloscopus collybita","0","0","1","0"
"0.36","126","Curruca melanocephala","0","0","1","0"
"0.36","126","Fulica atra","0","0","1","0"
"0.36","126","Egretta garzetta","0","0","1","0"
"0.36","126","Cisticola juncidis","0","0","1","0"
"0.36","126","Lanius collurio","0","0","1","0"
"0.36","126","Circaetus gallicus","0","0","1","0"
"0.36","126","Curruca communis","0","0","1","0"
"0.36","126","Carduelis citrinella","0","0","1","0"
"0.36","126","Phalacrocorax carbo","0","0","1","0"
"0.36","126","Gallinula chloropus","0","0","1","0"
"0.36","126","Milvus milvus","0","0","1","0"
"0.36","126","Hieraaetus pennatus","0","0","1","0"
"0.36","126","Oenanthe oenanthe","0","0","1","0"
"0.36","126","Picus sharpei","0","0","1","0"
"0.36","126","Phoenicurus phoenicurus","0","0","1","0"
"0.36","126","Ciconia ciconia","0","0","1","0"
"0.36","126","Chroicocephalus ridibundus","0","0","1","0"
"0.36","126","Corvus monedula","0","0","1","0"
"0.36","126","Motacilla cinerea","0","0","1","0"
"0.36","126","Lanius senator","0","0","1","0"
"0.36","126","Himantopus himantopus","0","0","1","0"
"0.36","126","Acrocephalus scirpaceus","0","0","1","0"
"0.36","126","Emberiza cia","0","0","1","0"
"0.36","126","Alectoris rufa","0","0","1","0"
"0.36","126","Curruca iberiae","0","0","1","0"
"0.36","126","Bubulcus ibis","0","0","1","0"
"0.36","126","Coturnix coturnix","0","0","1","0"
"0.36","126","Prunella modularis","0","0","1","0"
"0.36","126","Sturnus unicolor","0","0","1","0"
"0.36","126","Circus aeruginosus","0","0","1","0"
"0.36","126","Emberiza citrinella","0","0","1","0"
"0.36","126","Motacilla flava","0","0","1","0"
"0.36","126","Muscicapa striata","0","0","1","0"
"0.36","126","Pernis apivorus","0","0","1","0"
"0.36","126","Acrocephalus arundinaceus","0","0","1","0"
"0.36","126","Sterna hirundo","0","0","1","0"
"0.36","126","Passer montanus","0","0","1","0"
"0.36","126","Podiceps cristatus","0","0","1","0"
"0.36","126","Anthus trivialis","0","0","1","0"
"0.36","126","Ardea purpurea","0","0","1","0"
"0.36","126","Sylvia borin","0","0","1","0"
"0.36","126","Tachybaptus ruficollis","0","0","1","0"
"0.36","126","Charadrius dubius","0","0","1","0"
"0.36","126","Falco subbuteo","0","0","1","0"
"0.36","126","Curruca undata","0","0","1","0"
"0.36","126","Apus melba","0","0","1","0"
"0.36","126","Recurvirostra avosetta","0","0","1","0"
"0.36","126","Pyrrhula pyrrhula","0","0","1","0"
"0.36","126","Tadorna tadorna","0","0","1","0"
"0.36","126","Anthus campestris","0","0","1","0"
"0.36","126","Riparia riparia","0","0","1","0"
"0.36","126","Netta rufina","0","0","1","0"
"0.36","126","Circus pygargus","0","0","1","0"
"0.36","126","Galerida theklae","0","0","1","0"
"0.36","126","Cinclus cinclus","0","0","1","0"
"0.36","126","Aquila chrysaetos","0","0","1","0"
"0.36","126","Poecile palustris","0","0","1","0"
"0.36","126","Actitis hypoleucos","0","0","1","0"
"0.36","126","Aythya ferina","0","0","1","0"
"0.36","126","Pyrrhocorax graculus","0","0","1","0"
"0.36","126","Alcedo atthis","0","0","1","0"
"0.36","126","Burhinus oedicnemus","0","0","1","0"
"0.36","126","Sternula albifrons","0","0","1","0"
"0.36","126","Accipiter nisus","0","0","1","0"
"0.36","126","Anthus spinoletta","0","0","1","0"
"0.36","126","Melanocorypha calandra","0","0","1","0"
"0.36","126","Nycticorax nycticorax","0","0","1","0"
"0.36","126","Coccothraustes coccothraustes","0","0","1","0"
"0.36","126","Vanellus vanellus","0","0","1","0"
"0.36","126","Phasianus colchicus","0","0","1","0"
"0.36","126","Saxicola rubetra","0","0","1","0"
"0.36","126","Loxia curvirostra","0","0","1","0"
"0.36","126","Phoenicopterus roseus","0","0","1","0"
"0.36","126","Tringa ochropus","0","0","1","0"
"0.36","126","Mareca strepera","0","0","1","0"
"0.36","126","Emberiza schoeniclus","0","0","1","0"
"0.36","126","Cygnus olor","0","0","1","0"
"0.36","126","Plegadis falcinellus","0","0","1","0"
"0.36","126","Ardea alba","0","0","1","0"
"0.36","126","Tringa totanus","0","0","1","0"
"0.36","126","Columba oenas","0","0","1","0"
"0.36","126","Strix aluco","0","0","1","0"
"0.36","126","Ichthyaetus melanocephalus","0","0","1","0"
"0.36","126","Regulus regulus","0","0","1","0"
"0.36","126","Coracias garrulus","0","0","1","0"
"0.36","126","Passer hispaniolensis","0","0","1","0"
"0.36","126","Cecropis daurica","0","0","1","0"
"0.36","126","Falco naumanni","0","0","1","0"
"0.36","126","Athene noctua","0","0","1","0"
"0.36","126","Rallus aquaticus","0","0","1","0"
"0.36","126","Psittacula krameri","0","0","1","0"
"0.36","126","Platalea leucorodia","0","0","1","0"
"0.36","126","Lanius meridionalis","0","0","1","0"
"0.36","126","Chlidonias niger","0","0","1","0"
"0.36","126","Phylloscopus ibericus","0","0","1","0"
"0.36","126","Otus scops","0","0","1","0"
"0.36","126","Jynx torquilla","0","0","1","0"
"0.36","127","Turdus merula","0","0","1","0"
"0.36","127","Apus apus","0","0","1","0"
"0.36","127","Fringilla coelebs","0","0","1","0"
"0.36","127","Columba palumbus","0","0","1","0"
"0.36","127","Hirundo rustica","0","0","1","0"
"0.36","127","Passer domesticus","0","0","1","0"
"0.36","127","Sylvia atricapilla","0","0","1","0"
"0.36","127","Corvus corone","0","0","1","0"
"0.36","127","Pica pica","0","0","1","0"
"0.36","127","Carduelis carduelis","0","0","1","0"
"0.36","127","Serinus serinus","0","0","1","0"
"0.36","127","Streptopelia decaocto","0","0","1","0"
"0.36","127","Parus major","0","0","1","0"
"0.36","127","Milvus migrans","0","0","1","0"
"0.36","127","Delichon urbicum","0","0","1","0"
"0.36","127","Phoenicurus ochruros","0","0","1","0"
"0.36","127","Erithacus rubecula","0","0","1","0"
"0.36","127","Gyps fulvus","0","0","1","0"
"0.36","127","Motacilla alba","0","0","1","0"
"0.36","127","Garrulus glandarius","0","0","1","0"
"0.36","127","Cyanistes caeruleus","0","0","1","0"
"0.36","127","Chloris chloris","0","0","1","0"
"0.36","127","Emberiza cirlus","0","0","1","0"
"0.36","127","Luscinia megarhynchos","1","0","0","0"
"0.36","127","Troglodytes troglodytes","0","0","1","0"
"0.36","127","Oriolus oriolus","0","0","1","0"
"0.36","127","Columba livia","0","0","1","0"
"0.36","127","Falco tinnunculus","0","0","1","0"
"0.36","127","Cuculus canorus","0","0","1","0"
"0.36","127","Buteo buteo","0","0","1","0"
"0.36","127","Sturnus vulgaris","0","0","1","0"
"0.36","127","Phylloscopus bonelli","0","0","1","0"
"0.36","127","Periparus ater","0","0","1","0"
"0.36","127","Linaria cannabina","0","0","1","0"
"0.36","127","Hippolais polyglotta","0","0","1","0"
"0.36","127","Merops apiaster","0","0","1","0"
"0.36","127","Larus michahellis","0","0","1","0"
"0.36","127","Anas platyrhynchos","0","0","1","0"
"0.36","127","Ptyonoprogne rupestris","0","0","1","0"
"0.36","127","Certhia brachydactyla","0","0","1","0"
"0.36","127","Saxicola rubicola","0","0","1","0"
"0.36","127","Ardea cinerea","0","0","1","0"
"0.36","127","Dendrocopos major","0","0","1","0"
"0.36","127","Streptopelia turtur","0","0","1","0"
"0.36","127","Upupa epops","0","0","1","0"
"0.36","127","Picus viridis","0","0","1","0"
"0.36","127","Emberiza calandra","0","0","1","0"
"0.36","127","Regulus ignicapilla","0","0","1","0"
"0.36","127","Corvus corax","0","0","1","0"
"0.36","127","Aegithalos caudatus","0","0","1","0"
"0.36","127","Turdus viscivorus","0","0","1","0"
"0.36","127","Alauda arvensis","0","0","1","0"
"0.36","127","Sitta europaea","0","0","1","0"
"0.36","127","Turdus philomelos","0","0","1","0"
"0.36","127","Lullula arborea","0","0","1","0"
"0.36","127","Pyrrhocorax pyrrhocorax","0","0","1","0"
"0.36","127","Galerida cristata","0","0","1","0"
"0.36","127","Lophophanes cristatus","0","0","1","0"
"0.36","127","Petronia petronia","0","0","1","0"
"0.36","127","Cettia cetti","0","0","1","0"
"0.36","127","Phylloscopus collybita","0","0","1","0"
"0.36","127","Curruca melanocephala","0","0","1","0"
"0.36","127","Fulica atra","0","0","1","0"
"0.36","127","Egretta garzetta","0","0","1","0"
"0.36","127","Lanius collurio","0","0","1","0"
"0.36","127","Cisticola juncidis","0","0","1","0"
"0.36","127","Circaetus gallicus","0","0","1","0"
"0.36","127","Curruca communis","0","0","1","0"
"0.36","127","Carduelis citrinella","0","0","1","0"
"0.36","127","Phalacrocorax carbo","0","0","1","0"
"0.36","127","Gallinula chloropus","0","0","1","0"
"0.36","127","Milvus milvus","0","0","1","0"
"0.36","127","Oenanthe oenanthe","0","0","1","0"
"0.36","127","Hieraaetus pennatus","0","0","1","0"
"0.36","127","Phoenicurus phoenicurus","0","0","1","0"
"0.36","127","Picus sharpei","0","0","1","0"
"0.36","127","Chroicocephalus ridibundus","0","0","1","0"
"0.36","127","Ciconia ciconia","0","0","1","0"
"0.36","127","Corvus monedula","0","0","1","0"
"0.36","127","Motacilla cinerea","0","0","1","0"
"0.36","127","Lanius senator","0","0","1","0"
"0.36","127","Himantopus himantopus","0","0","1","0"
"0.36","127","Acrocephalus scirpaceus","0","0","1","0"
"0.36","127","Emberiza cia","0","0","1","0"
"0.36","127","Bubulcus ibis","0","0","1","0"
"0.36","127","Alectoris rufa","0","0","1","0"
"0.36","127","Curruca iberiae","0","0","1","0"
"0.36","127","Coturnix coturnix","0","0","1","0"
"0.36","127","Prunella modularis","0","0","1","0"
"0.36","127","Circus aeruginosus","0","0","1","0"
"0.36","127","Sturnus unicolor","0","0","1","0"
"0.36","127","Emberiza citrinella","0","0","1","0"
"0.36","127","Motacilla flava","0","0","1","0"
"0.36","127","Muscicapa striata","0","0","1","0"
"0.36","127","Pernis apivorus","0","0","1","0"
"0.36","127","Acrocephalus arundinaceus","0","0","1","0"
"0.36","127","Sterna hirundo","0","0","1","0"
"0.36","127","Passer montanus","0","0","1","0"
"0.36","127","Podiceps cristatus","0","0","1","0"
"0.36","127","Anthus trivialis","0","0","1","0"
"0.36","127","Ardea purpurea","0","0","1","0"
"0.36","127","Sylvia borin","0","0","1","0"
"0.36","127","Tachybaptus ruficollis","0","0","1","0"
"0.36","127","Falco subbuteo","0","0","1","0"
"0.36","127","Charadrius dubius","0","0","1","0"
"0.36","127","Curruca undata","0","0","1","0"
"0.36","127","Apus melba","0","0","1","0"
"0.36","127","Recurvirostra avosetta","0","0","1","0"
"0.36","127","Pyrrhula pyrrhula","0","0","1","0"
"0.36","127","Tadorna tadorna","0","0","1","0"
"0.36","127","Anthus campestris","0","0","1","0"
"0.36","127","Riparia riparia","0","0","1","0"
"0.36","127","Netta rufina","0","0","1","0"
"0.36","127","Circus pygargus","0","0","1","0"
"0.36","127","Cinclus cinclus","0","0","1","0"
"0.36","127","Galerida theklae","0","0","1","0"
"0.36","127","Aquila chrysaetos","0","0","1","0"
"0.36","127","Poecile palustris","0","0","1","0"
"0.36","127","Actitis hypoleucos","0","0","1","0"
"0.36","127","Aythya ferina","0","0","1","0"
"0.36","127","Pyrrhocorax graculus","0","0","1","0"
"0.36","127","Alcedo atthis","0","0","1","0"
"0.36","127","Burhinus oedicnemus","0","0","1","0"
"0.36","127","Sternula albifrons","0","0","1","0"
"0.36","127","Accipiter nisus","0","0","1","0"
"0.36","127","Anthus spinoletta","0","0","1","0"
"0.36","127","Nycticorax nycticorax","0","0","1","0"
"0.36","127","Melanocorypha calandra","0","0","1","0"
"0.36","127","Coccothraustes coccothraustes","0","0","1","0"
"0.36","127","Vanellus vanellus","0","0","1","0"
"0.36","127","Phasianus colchicus","0","0","1","0"
"0.36","127","Saxicola rubetra","0","0","1","0"
"0.36","127","Loxia curvirostra","0","0","1","0"
"0.36","127","Phoenicopterus roseus","0","0","1","0"
"0.36","127","Emberiza schoeniclus","0","0","1","0"
"0.36","127","Mareca strepera","0","0","1","0"
"0.36","127","Tringa ochropus","0","0","1","0"
"0.36","127","Cygnus olor","0","0","1","0"
"0.36","127","Plegadis falcinellus","0","0","1","0"
"0.36","127","Ardea alba","0","0","1","0"
"0.36","127","Columba oenas","0","0","1","0"
"0.36","127","Tringa totanus","0","0","1","0"
"0.36","127","Strix aluco","0","0","1","0"
"0.36","127","Ichthyaetus melanocephalus","0","0","1","0"
"0.36","127","Regulus regulus","0","0","1","0"
"0.36","127","Coracias garrulus","0","0","1","0"
"0.36","127","Passer hispaniolensis","0","0","1","0"
"0.36","127","Cecropis daurica","0","0","1","0"
"0.36","127","Falco naumanni","0","0","1","0"
"0.36","127","Psittacula krameri","0","0","1","0"
"0.36","127","Athene noctua","0","0","1","0"
"0.36","127","Rallus aquaticus","0","0","1","0"
"0.36","127","Platalea leucorodia","0","0","1","0"
"0.36","127","Chlidonias niger","0","0","1","0"
"0.36","127","Lanius meridionalis","0","0","1","0"
"0.36","127","Otus scops","0","0","1","0"
"0.36","127","Jynx torquilla","0","0","1","0"
"0.36","128","Turdus merula","0","0","0","1"
"0.36","128","Apus apus","0","0","1","0"
"0.36","128","Fringilla coelebs","0","0","0","1"
"0.36","128","Columba palumbus","0","0","0","1"
"0.36","128","Hirundo rustica","0","0","1","0"
"0.36","128","Passer domesticus","0","0","1","0"
"0.36","128","Sylvia atricapilla","0","0","1","0"
"0.36","128","Corvus corone","0","0","1","0"
"0.36","128","Pica pica","0","0","1","0"
"0.36","128","Carduelis carduelis","0","0","1","0"
"0.36","128","Serinus serinus","0","0","1","0"
"0.36","128","Streptopelia decaocto","0","0","1","0"
"0.36","128","Parus major","0","0","0","1"
"0.36","128","Milvus migrans","0","0","1","0"
"0.36","128","Delichon urbicum","0","0","1","0"
"0.36","128","Phoenicurus ochruros","0","0","1","0"
"0.36","128","Erithacus rubecula","0","0","0","1"
"0.36","128","Gyps fulvus","0","0","1","0"
"0.36","128","Motacilla alba","0","0","1","0"
"0.36","128","Garrulus glandarius","0","0","1","0"
"0.36","128","Cyanistes caeruleus","0","0","1","0"
"0.36","128","Chloris chloris","0","0","1","0"
"0.36","128","Emberiza cirlus","1","0","0","0"
"0.36","128","Luscinia megarhynchos","0","0","0","1"
"0.36","128","Troglodytes troglodytes","0","0","0","1"
"0.36","128","Oriolus oriolus","0","0","1","0"
"0.36","128","Columba livia","0","0","1","0"
"0.36","128","Falco tinnunculus","0","0","1","0"
"0.36","128","Cuculus canorus","0","0","1","0"
"0.36","128","Buteo buteo","0","0","1","0"
"0.36","128","Sturnus vulgaris","0","0","1","0"
"0.36","128","Phylloscopus bonelli","0","0","1","0"
"0.36","128","Periparus ater","0","0","1","0"
"0.36","128","Linaria cannabina","0","0","1","0"
"0.36","128","Hippolais polyglotta","0","0","1","0"
"0.36","128","Merops apiaster","0","0","1","0"
"0.36","128","Larus michahellis","0","0","1","0"
"0.36","128","Anas platyrhynchos","0","0","1","0"
"0.36","128","Ptyonoprogne rupestris","0","0","1","0"
"0.36","128","Certhia brachydactyla","0","0","1","0"
"0.36","128","Saxicola rubicola","0","0","1","0"
"0.36","128","Ardea cinerea","0","0","1","0"
"0.36","128","Dendrocopos major","0","0","1","0"
"0.36","128","Streptopelia turtur","0","0","1","0"
"0.36","128","Upupa epops","0","0","1","0"
"0.36","128","Picus viridis","0","0","1","0"
"0.36","128","Emberiza calandra","0","0","1","0"
"0.36","128","Regulus ignicapilla","0","0","1","0"
"0.36","128","Corvus corax","0","0","1","0"
"0.36","128","Aegithalos caudatus","0","0","1","0"
"0.36","128","Turdus viscivorus","0","0","1","0"
"0.36","128","Alauda arvensis","0","0","1","0"
"0.36","128","Sitta europaea","0","0","1","0"
"0.36","128","Turdus philomelos","0","0","1","0"
"0.36","128","Lullula arborea","0","0","1","0"
"0.36","128","Pyrrhocorax pyrrhocorax","0","0","1","0"
"0.36","128","Galerida cristata","0","0","1","0"
"0.36","128","Lophophanes cristatus","0","0","1","0"
"0.36","128","Petronia petronia","0","0","1","0"
"0.36","128","Cettia cetti","0","0","1","0"
"0.36","128","Phylloscopus collybita","0","0","0","1"
"0.36","128","Curruca melanocephala","0","0","1","0"
"0.36","128","Fulica atra","0","0","1","0"
"0.36","128","Egretta garzetta","0","0","1","0"
"0.36","128","Lanius collurio","0","0","1","0"
"0.36","128","Cisticola juncidis","0","0","1","0"
"0.36","128","Circaetus gallicus","0","0","1","0"
"0.36","128","Curruca communis","0","0","0","1"
"0.36","128","Carduelis citrinella","0","0","1","0"
"0.36","128","Phalacrocorax carbo","0","0","1","0"
"0.36","128","Gallinula chloropus","0","0","1","0"
"0.36","128","Milvus milvus","0","0","1","0"
"0.36","128","Oenanthe oenanthe","0","0","1","0"
"0.36","128","Hieraaetus pennatus","0","0","1","0"
"0.36","128","Phoenicurus phoenicurus","0","0","1","0"
"0.36","128","Picus sharpei","0","0","1","0"
"0.36","128","Chroicocephalus ridibundus","0","0","1","0"
"0.36","128","Ciconia ciconia","0","0","1","0"
"0.36","128","Corvus monedula","0","0","1","0"
"0.36","128","Motacilla cinerea","0","0","1","0"
"0.36","128","Lanius senator","0","0","1","0"
"0.36","128","Himantopus himantopus","0","0","1","0"
"0.36","128","Acrocephalus scirpaceus","0","0","1","0"
"0.36","128","Emberiza cia","0","0","1","0"
"0.36","128","Bubulcus ibis","0","0","1","0"
"0.36","128","Alectoris rufa","0","0","1","0"
"0.36","128","Curruca iberiae","0","0","1","0"
"0.36","128","Coturnix coturnix","0","0","1","0"
"0.36","128","Prunella modularis","0","0","1","0"
"0.36","128","Circus aeruginosus","0","0","1","0"
"0.36","128","Sturnus unicolor","0","0","1","0"
"0.36","128","Emberiza citrinella","0","0","1","0"
"0.36","128","Motacilla flava","0","0","1","0"
"0.36","128","Muscicapa striata","0","0","1","0"
"0.36","128","Pernis apivorus","0","0","1","0"
"0.36","128","Acrocephalus arundinaceus","0","0","1","0"
"0.36","128","Sterna hirundo","0","0","1","0"
"0.36","128","Passer montanus","0","0","1","0"
"0.36","128","Podiceps cristatus","0","0","1","0"
"0.36","128","Anthus trivialis","0","0","1","0"
"0.36","128","Ardea purpurea","0","0","1","0"
"0.36","128","Sylvia borin","0","0","1","0"
"0.36","128","Tachybaptus ruficollis","0","0","1","0"
"0.36","128","Falco subbuteo","0","0","1","0"
"0.36","128","Charadrius dubius","0","0","1","0"
"0.36","128","Curruca undata","0","0","1","0"
"0.36","128","Apus melba","0","0","1","0"
"0.36","128","Recurvirostra avosetta","0","0","1","0"
"0.36","128","Pyrrhula pyrrhula","0","0","1","0"
"0.36","128","Tadorna tadorna","0","0","1","0"
"0.36","128","Anthus campestris","0","0","1","0"
"0.36","128","Riparia riparia","0","0","1","0"
"0.36","128","Netta rufina","0","0","1","0"
"0.36","128","Circus pygargus","0","0","1","0"
"0.36","128","Cinclus cinclus","0","0","1","0"
"0.36","128","Galerida theklae","0","0","1","0"
"0.36","128","Aquila chrysaetos","0","0","1","0"
"0.36","128","Poecile palustris","0","0","1","0"
"0.36","128","Actitis hypoleucos","0","0","1","0"
"0.36","128","Aythya ferina","0","0","1","0"
"0.36","128","Pyrrhocorax graculus","0","0","1","0"
"0.36","128","Alcedo atthis","0","0","1","0"
"0.36","128","Burhinus oedicnemus","0","0","1","0"
"0.36","128","Sternula albifrons","0","0","1","0"
"0.36","128","Accipiter nisus","0","0","1","0"
"0.36","128","Anthus spinoletta","0","0","1","0"
"0.36","128","Nycticorax nycticorax","0","0","1","0"
"0.36","128","Melanocorypha calandra","0","0","1","0"
"0.36","128","Coccothraustes coccothraustes","0","0","1","0"
"0.36","128","Vanellus vanellus","0","0","1","0"
"0.36","128","Phasianus colchicus","0","0","1","0"
"0.36","128","Saxicola rubetra","0","0","1","0"
"0.36","128","Loxia curvirostra","0","0","1","0"
"0.36","128","Phoenicopterus roseus","0","0","1","0"
"0.36","128","Emberiza schoeniclus","0","0","1","0"
"0.36","128","Mareca strepera","0","0","1","0"
"0.36","128","Tringa ochropus","0","0","1","0"
"0.36","128","Cygnus olor","0","0","1","0"
"0.36","128","Plegadis falcinellus","0","0","1","0"
"0.36","128","Ardea alba","0","0","1","0"
"0.36","128","Columba oenas","0","0","1","0"
"0.36","128","Tringa totanus","0","0","1","0"
"0.36","128","Strix aluco","0","0","1","0"
"0.36","128","Ichthyaetus melanocephalus","0","0","1","0"
"0.36","128","Regulus regulus","0","0","1","0"
"0.36","128","Coracias garrulus","0","0","1","0"
"0.36","128","Passer hispaniolensis","0","0","1","0"
"0.36","128","Cecropis daurica","0","0","1","0"
"0.36","128","Falco naumanni","0","0","1","0"
"0.36","128","Psittacula krameri","0","0","1","0"
"0.36","128","Athene noctua","0","0","1","0"
"0.36","128","Rallus aquaticus","0","0","1","0"
"0.36","128","Platalea leucorodia","0","0","1","0"
"0.36","128","Chlidonias niger","0","0","1","0"
"0.36","128","Lanius meridionalis","0","0","1","0"
"0.36","128","Otus scops","0","0","1","0"
"0.36","128","Jynx torquilla","0","0","1","0"
"0.36","129","Turdus merula","0","0","0","1"
"0.36","129","Apus apus","0","0","1","0"
"0.36","129","Fringilla coelebs","0","0","1","0"
"0.36","129","Columba palumbus","0","0","1","0"
"0.36","129","Hirundo rustica","0","0","1","0"
"0.36","129","Passer domesticus","0","0","1","0"
"0.36","129","Sylvia atricapilla","0","0","1","0"
"0.36","129","Corvus corone","0","0","0","1"
"0.36","129","Pica pica","0","0","1","0"
"0.36","129","Carduelis carduelis","0","0","1","0"
"0.36","129","Serinus serinus","0","0","1","0"
"0.36","129","Streptopelia decaocto","0","0","1","0"
"0.36","129","Parus major","0","0","1","0"
"0.36","129","Milvus migrans","0","0","1","0"
"0.36","129","Delichon urbicum","0","0","1","0"
"0.36","129","Phoenicurus ochruros","0","0","1","0"
"0.36","129","Erithacus rubecula","0","0","1","0"
"0.36","129","Gyps fulvus","0","0","1","0"
"0.36","129","Motacilla alba","0","0","1","0"
"0.36","129","Garrulus glandarius","0","0","1","0"
"0.36","129","Cyanistes caeruleus","0","0","1","0"
"0.36","129","Chloris chloris","0","0","1","0"
"0.36","129","Emberiza cirlus","0","0","1","0"
"0.36","129","Luscinia megarhynchos","0","0","1","0"
"0.36","129","Troglodytes troglodytes","0","0","1","0"
"0.36","129","Oriolus oriolus","0","0","1","0"
"0.36","129","Columba livia","0","0","1","0"
"0.36","129","Falco tinnunculus","0","0","1","0"
"0.36","129","Cuculus canorus","0","0","0","1"
"0.36","129","Buteo buteo","0","0","1","0"
"0.36","129","Sturnus vulgaris","0","0","1","0"
"0.36","129","Phylloscopus bonelli","0","0","0","1"
"0.36","129","Periparus ater","0","0","1","0"
"0.36","129","Linaria cannabina","0","0","1","0"
"0.36","129","Hippolais polyglotta","0","0","1","0"
"0.36","129","Merops apiaster","0","0","1","0"
"0.36","129","Larus michahellis","0","0","1","0"
"0.36","129","Anas platyrhynchos","0","0","1","0"
"0.36","129","Ptyonoprogne rupestris","0","0","1","0"
"0.36","129","Certhia brachydactyla","0","0","1","0"
"0.36","129","Saxicola rubicola","0","0","1","0"
"0.36","129","Ardea cinerea","0","0","1","0"
"0.36","129","Dendrocopos major","0","0","1","0"
"0.36","129","Streptopelia turtur","0","0","1","0"
"0.36","129","Upupa epops","0","0","1","0"
"0.36","129","Picus viridis","0","0","1","0"
"0.36","129","Emberiza calandra","0","0","1","0"
"0.36","129","Regulus ignicapilla","0","0","1","0"
"0.36","129","Corvus corax","0","0","1","0"
"0.36","129","Aegithalos caudatus","0","0","1","0"
"0.36","129","Turdus viscivorus","0","0","1","0"
"0.36","129","Alauda arvensis","0","0","1","0"
"0.36","129","Sitta europaea","0","0","1","0"
"0.36","129","Turdus philomelos","0","0","1","0"
"0.36","129","Lullula arborea","0","0","1","0"
"0.36","129","Pyrrhocorax pyrrhocorax","0","0","1","0"
"0.36","129","Galerida cristata","0","0","1","0"
"0.36","129","Lophophanes cristatus","0","0","1","0"
"0.36","129","Petronia petronia","0","0","1","0"
"0.36","129","Cettia cetti","0","0","1","0"
"0.36","129","Phylloscopus collybita","1","0","0","0"
"0.36","129","Curruca melanocephala","0","0","1","0"
"0.36","129","Fulica atra","0","0","1","0"
"0.36","129","Egretta garzetta","0","0","1","0"
"0.36","129","Lanius collurio","0","0","1","0"
"0.36","129","Cisticola juncidis","0","0","1","0"
"0.36","129","Circaetus gallicus","0","0","1","0"
"0.36","129","Curruca communis","0","0","0","1"
"0.36","129","Carduelis citrinella","0","0","1","0"
"0.36","129","Phalacrocorax carbo","0","0","1","0"
"0.36","129","Gallinula chloropus","0","0","1","0"
"0.36","129","Milvus milvus","0","0","1","0"
"0.36","129","Oenanthe oenanthe","0","0","1","0"
"0.36","129","Hieraaetus pennatus","0","0","1","0"
"0.36","129","Phoenicurus phoenicurus","0","1","0","0"
"0.36","129","Picus sharpei","0","0","1","0"
"0.36","129","Chroicocephalus ridibundus","0","0","1","0"
"0.36","129","Ciconia ciconia","0","0","1","0"
"0.36","129","Corvus monedula","0","0","1","0"
"0.36","129","Motacilla cinerea","0","0","1","0"
"0.36","129","Lanius senator","0","0","1","0"
"0.36","129","Himantopus himantopus","0","0","1","0"
"0.36","129","Acrocephalus scirpaceus","0","0","1","0"
"0.36","129","Emberiza cia","0","0","1","0"
"0.36","129","Bubulcus ibis","0","0","1","0"
"0.36","129","Alectoris rufa","0","0","1","0"
"0.36","129","Curruca iberiae","0","0","1","0"
"0.36","129","Coturnix coturnix","0","0","1","0"
"0.36","129","Prunella modularis","0","0","1","0"
"0.36","129","Circus aeruginosus","0","0","1","0"
"0.36","129","Sturnus unicolor","0","0","1","0"
"0.36","129","Emberiza citrinella","0","0","1","0"
"0.36","129","Motacilla flava","0","0","1","0"
"0.36","129","Muscicapa striata","0","0","1","0"
"0.36","129","Pernis apivorus","0","0","1","0"
"0.36","129","Acrocephalus arundinaceus","0","0","1","0"
"0.36","129","Sterna hirundo","0","0","1","0"
"0.36","129","Passer montanus","0","0","1","0"
"0.36","129","Podiceps cristatus","0","0","1","0"
"0.36","129","Anthus trivialis","0","0","1","0"
"0.36","129","Ardea purpurea","0","0","1","0"
"0.36","129","Sylvia borin","0","0","1","0"
"0.36","129","Tachybaptus ruficollis","0","0","1","0"
"0.36","129","Falco subbuteo","0","0","1","0"
"0.36","129","Charadrius dubius","0","0","1","0"
"0.36","129","Curruca undata","0","0","1","0"
"0.36","129","Apus melba","0","0","1","0"
"0.36","129","Recurvirostra avosetta","0","0","1","0"
"0.36","129","Pyrrhula pyrrhula","0","0","1","0"
"0.36","129","Tadorna tadorna","0","0","1","0"
"0.36","129","Anthus campestris","0","0","1","0"
"0.36","129","Riparia riparia","0","0","1","0"
"0.36","129","Netta rufina","0","0","1","0"
"0.36","129","Circus pygargus","0","0","1","0"
"0.36","129","Cinclus cinclus","0","0","1","0"
"0.36","129","Galerida theklae","0","0","1","0"
"0.36","129","Aquila chrysaetos","0","0","1","0"
"0.36","129","Poecile palustris","0","0","1","0"
"0.36","129","Actitis hypoleucos","0","0","1","0"
"0.36","129","Aythya ferina","0","0","1","0"
"0.36","129","Pyrrhocorax graculus","0","0","1","0"
"0.36","129","Alcedo atthis","0","0","1","0"
"0.36","129","Burhinus oedicnemus","0","0","1","0"
"0.36","129","Sternula albifrons","0","0","1","0"
"0.36","129","Accipiter nisus","0","0","1","0"
"0.36","129","Anthus spinoletta","0","0","1","0"
"0.36","129","Nycticorax nycticorax","0","0","1","0"
"0.36","129","Melanocorypha calandra","0","0","1","0"
"0.36","129","Coccothraustes coccothraustes","0","0","1","0"
"0.36","129","Vanellus vanellus","0","0","1","0"
"0.36","129","Phasianus colchicus","0","0","1","0"
"0.36","129","Saxicola rubetra","0","0","1","0"
"0.36","129","Loxia curvirostra","0","0","1","0"
"0.36","129","Phoenicopterus roseus","0","0","1","0"
"0.36","129","Emberiza schoeniclus","0","0","1","0"
"0.36","129","Mareca strepera","0","0","1","0"
"0.36","129","Tringa ochropus","0","0","1","0"
"0.36","129","Cygnus olor","0","0","1","0"
"0.36","129","Plegadis falcinellus","0","0","1","0"
"0.36","129","Ardea alba","0","0","1","0"
"0.36","129","Columba oenas","0","0","1","0"
"0.36","129","Tringa totanus","0","0","1","0"
"0.36","129","Strix aluco","0","0","1","0"
"0.36","129","Ichthyaetus melanocephalus","0","0","1","0"
"0.36","129","Regulus regulus","0","0","1","0"
"0.36","129","Coracias garrulus","0","0","1","0"
"0.36","129","Passer hispaniolensis","0","0","1","0"
"0.36","129","Cecropis daurica","0","0","1","0"
"0.36","129","Falco naumanni","0","0","1","0"
"0.36","129","Psittacula krameri","0","0","1","0"
"0.36","129","Athene noctua","0","0","1","0"
"0.36","129","Rallus aquaticus","0","0","1","0"
"0.36","129","Platalea leucorodia","0","0","1","0"
"0.36","129","Chlidonias niger","0","0","1","0"
"0.36","129","Lanius meridionalis","0","0","1","0"
"0.36","129","Otus scops","0","0","1","0"
"0.36","129","Jynx torquilla","0","0","1","0"
"0.36","130","Turdus merula","0","0","0","1"
"0.36","130","Apus apus","0","0","1","0"
"0.36","130","Fringilla coelebs","0","0","1","0"
"0.36","130","Columba palumbus","0","0","1","0"
"0.36","130","Hirundo rustica","0","0","1","0"
"0.36","130","Passer domesticus","0","0","1","0"
"0.36","130","Sylvia atricapilla","0","0","0","1"
"0.36","130","Corvus corone","0","0","1","0"
"0.36","130","Pica pica","0","0","1","0"
"0.36","130","Carduelis carduelis","0","0","1","0"
"0.36","130","Serinus serinus","0","0","1","0"
"0.36","130","Parus major","0","0","1","0"
"0.36","130","Streptopelia decaocto","0","0","1","0"
"0.36","130","Milvus migrans","0","0","1","0"
"0.36","130","Delichon urbicum","0","0","1","0"
"0.36","130","Phoenicurus ochruros","0","0","1","0"
"0.36","130","Erithacus rubecula","0","0","1","0"
"0.36","130","Gyps fulvus","0","0","1","0"
"0.36","130","Motacilla alba","0","0","1","0"
"0.36","130","Garrulus glandarius","0","0","1","0"
"0.36","130","Cyanistes caeruleus","0","0","1","0"
"0.36","130","Chloris chloris","0","0","1","0"
"0.36","130","Troglodytes troglodytes","0","0","1","0"
"0.36","130","Emberiza cirlus","0","0","1","0"
"0.36","130","Luscinia megarhynchos","0","0","0","1"
"0.36","130","Oriolus oriolus","0","0","1","0"
"0.36","130","Columba livia","0","0","1","0"
"0.36","130","Falco tinnunculus","0","0","1","0"
"0.36","130","Cuculus canorus","0","0","1","0"
"0.36","130","Buteo buteo","0","0","1","0"
"0.36","130","Sturnus vulgaris","0","0","1","0"
"0.36","130","Phylloscopus bonelli","0","0","1","0"
"0.36","130","Linaria cannabina","0","0","1","0"
"0.36","130","Periparus ater","0","0","1","0"
"0.36","130","Hippolais polyglotta","0","0","1","0"
"0.36","130","Larus michahellis","0","0","1","0"
"0.36","130","Merops apiaster","0","0","1","0"
"0.36","130","Ptyonoprogne rupestris","0","0","1","0"
"0.36","130","Anas platyrhynchos","0","0","1","0"
"0.36","130","Certhia brachydactyla","0","0","1","0"
"0.36","130","Saxicola rubicola","0","0","1","0"
"0.36","130","Ardea cinerea","0","0","1","0"
"0.36","130","Dendrocopos major","0","0","1","0"
"0.36","130","Picus viridis","0","0","1","0"
"0.36","130","Streptopelia turtur","0","0","1","0"
"0.36","130","Upupa epops","0","0","1","0"
"0.36","130","Emberiza calandra","1","0","0","0"
"0.36","130","Regulus ignicapilla","0","0","1","0"
"0.36","130","Corvus corax","0","0","1","0"
"0.36","130","Aegithalos caudatus","0","0","1","0"
"0.36","130","Alauda arvensis","0","0","1","0"
"0.36","130","Turdus philomelos","0","0","1","0"
"0.36","130","Turdus viscivorus","0","0","1","0"
"0.36","130","Sitta europaea","0","0","1","0"
"0.36","130","Lullula arborea","0","0","1","0"
"0.36","130","Pyrrhocorax pyrrhocorax","0","0","1","0"
"0.36","130","Galerida cristata","0","0","1","0"
"0.36","130","Phylloscopus collybita","0","0","1","0"
"0.36","130","Petronia petronia","0","0","1","0"
"0.36","130","Cettia cetti","0","0","1","0"
"0.36","130","Lophophanes cristatus","0","0","1","0"
"0.36","130","Fulica atra","0","0","1","0"
"0.36","130","Egretta garzetta","0","0","1","0"
"0.36","130","Curruca melanocephala","0","0","1","0"
"0.36","130","Lanius collurio","0","0","1","0"
"0.36","130","Cisticola juncidis","0","0","1","0"
"0.36","130","Curruca communis","0","0","0","1"
"0.36","130","Circaetus gallicus","0","0","1","0"
"0.36","130","Phalacrocorax carbo","0","0","1","0"
"0.36","130","Carduelis citrinella","0","0","1","0"
"0.36","130","Milvus milvus","0","0","1","0"
"0.36","130","Gallinula chloropus","0","0","1","0"
"0.36","130","Oenanthe oenanthe","0","0","1","0"
"0.36","130","Hieraaetus pennatus","0","0","1","0"
"0.36","130","Ciconia ciconia","0","0","1","0"
"0.36","130","Phoenicurus phoenicurus","0","0","1","0"
"0.36","130","Picus sharpei","0","0","1","0"
"0.36","130","Chroicocephalus ridibundus","0","0","1","0"
"0.36","130","Motacilla cinerea","0","0","1","0"
"0.36","130","Corvus monedula","0","0","1","0"
"0.36","130","Lanius senator","0","0","1","0"
"0.36","130","Himantopus himantopus","0","0","1","0"
"0.36","130","Acrocephalus scirpaceus","0","0","1","0"
"0.36","130","Prunella modularis","0","0","1","0"
"0.36","130","Emberiza cia","0","0","1","0"
"0.36","130","Alectoris rufa","0","0","1","0"
"0.36","130","Curruca iberiae","0","0","1","0"
"0.36","130","Coturnix coturnix","0","0","1","0"
"0.36","130","Emberiza citrinella","0","0","1","0"
"0.36","130","Bubulcus ibis","0","0","1","0"
"0.36","130","Circus aeruginosus","0","0","1","0"
"0.36","130","Sturnus unicolor","0","0","1","0"
"0.36","130","Motacilla flava","0","0","1","0"
"0.36","130","Muscicapa striata","0","0","1","0"
"0.36","130","Sterna hirundo","0","0","1","0"
"0.36","130","Pernis apivorus","0","0","1","0"
"0.36","130","Acrocephalus arundinaceus","0","0","1","0"
"0.36","130","Passer montanus","0","0","1","0"
"0.36","130","Podiceps cristatus","0","0","1","0"
"0.36","130","Anthus trivialis","0","0","1","0"
"0.36","130","Ardea purpurea","0","0","1","0"
"0.36","130","Sylvia borin","0","0","1","0"
"0.36","130","Tachybaptus ruficollis","0","0","1","0"
"0.36","130","Charadrius dubius","0","0","1","0"
"0.36","130","Falco subbuteo","0","0","1","0"
"0.36","130","Curruca undata","0","0","1","0"
"0.36","130","Apus melba","0","0","1","0"
"0.36","130","Pyrrhula pyrrhula","0","0","1","0"
"0.36","130","Recurvirostra avosetta","0","0","1","0"
"0.36","130","Tadorna tadorna","0","0","1","0"
"0.36","130","Riparia riparia","0","0","1","0"
"0.36","130","Anthus campestris","0","0","1","0"
"0.36","130","Netta rufina","0","0","1","0"
"0.36","130","Circus pygargus","0","0","1","0"
"0.36","130","Galerida theklae","0","0","1","0"
"0.36","130","Cinclus cinclus","0","0","1","0"
"0.36","130","Poecile palustris","0","0","1","0"
"0.36","130","Aquila chrysaetos","0","0","1","0"
"0.36","130","Actitis hypoleucos","0","0","1","0"
"0.36","130","Pyrrhocorax graculus","0","0","1","0"
"0.36","130","Aythya ferina","0","0","1","0"
"0.36","130","Alcedo atthis","0","0","1","0"
"0.36","130","Burhinus oedicnemus","0","0","1","0"
"0.36","130","Accipiter nisus","0","0","1","0"
"0.36","130","Sternula albifrons","0","0","1","0"
"0.36","130","Anthus spinoletta","0","0","1","0"
"0.36","130","Nycticorax nycticorax","0","0","1","0"
"0.36","130","Melanocorypha calandra","0","0","1","0"
"0.36","130","Vanellus vanellus","0","0","1","0"
"0.36","130","Coccothraustes coccothraustes","0","0","1","0"
"0.36","130","Phasianus colchicus","0","0","1","0"
"0.36","130","Cygnus olor","0","0","1","0"
"0.36","130","Saxicola rubetra","0","0","1","0"
"0.36","130","Loxia curvirostra","0","0","1","0"
"0.36","130","Emberiza schoeniclus","0","0","1","0"
"0.36","130","Tringa ochropus","0","0","1","0"
"0.36","130","Mareca strepera","0","0","1","0"
"0.36","130","Phoenicopterus roseus","0","0","1","0"
"0.36","130","Plegadis falcinellus","0","0","1","0"
"0.36","130","Ardea alba","0","0","1","0"
"0.36","130","Strix aluco","0","0","1","0"
"0.36","130","Tringa totanus","0","0","1","0"
"0.36","130","Columba oenas","0","0","1","0"
"0.36","130","Regulus regulus","0","0","1","0"
"0.36","130","Ichthyaetus melanocephalus","0","0","1","0"
"0.36","130","Coracias garrulus","0","0","1","0"
"0.36","130","Passer hispaniolensis","0","0","1","0"
"0.36","130","Cecropis daurica","0","0","1","0"
"0.36","130","Falco naumanni","0","0","1","0"
"0.36","130","Rallus aquaticus","0","0","1","0"
"0.36","130","Psittacula krameri","0","0","1","0"
"0.36","130","Athene noctua","0","0","1","0"
"0.36","130","Platalea leucorodia","0","0","1","0"
"0.36","130","Lanius meridionalis","0","0","1","0"
"0.36","130","Phylloscopus ibericus","0","0","1","0"
"0.36","130","Aegypius monachus","0","0","1","0"
"0.36","130","Otus scops","0","0","1","0"
"0.36","130","Jynx torquilla","0","0","1","0"
"0.36","131","Turdus merula","0","0","1","0"
"0.36","131","Apus apus","0","0","1","0"
"0.36","131","Fringilla coelebs","0","0","1","0"
"0.36","131","Columba palumbus","0","0","1","0"
"0.36","131","Hirundo rustica","0","0","1","0"
"0.36","131","Passer domesticus","0","0","1","0"
"0.36","131","Sylvia atricapilla","0","0","1","0"
"0.36","131","Corvus corone","0","0","1","0"
"0.36","131","Pica pica","0","0","1","0"
"0.36","131","Carduelis carduelis","0","0","1","0"
"0.36","131","Serinus serinus","0","0","1","0"
"0.36","131","Parus major","0","0","1","0"
"0.36","131","Streptopelia decaocto","0","0","1","0"
"0.36","131","Milvus migrans","0","0","1","0"
"0.36","131","Delichon urbicum","0","0","1","0"
"0.36","131","Phoenicurus ochruros","0","0","1","0"
"0.36","131","Erithacus rubecula","0","0","1","0"
"0.36","131","Gyps fulvus","0","0","1","0"
"0.36","131","Motacilla alba","0","0","1","0"
"0.36","131","Garrulus glandarius","0","0","1","0"
"0.36","131","Cyanistes caeruleus","0","0","1","0"
"0.36","131","Chloris chloris","0","0","1","0"
"0.36","131","Troglodytes troglodytes","0","0","1","0"
"0.36","131","Emberiza cirlus","0","0","1","0"
"0.36","131","Luscinia megarhynchos","0","0","0","1"
"0.36","131","Oriolus oriolus","0","0","1","0"
"0.36","131","Columba livia","0","0","1","0"
"0.36","131","Falco tinnunculus","0","0","1","0"
"0.36","131","Cuculus canorus","0","0","1","0"
"0.36","131","Buteo buteo","0","0","1","0"
"0.36","131","Sturnus vulgaris","0","0","1","0"
"0.36","131","Phylloscopus bonelli","0","0","1","0"
"0.36","131","Linaria cannabina","0","0","1","0"
"0.36","131","Periparus ater","0","0","1","0"
"0.36","131","Hippolais polyglotta","0","0","1","0"
"0.36","131","Larus michahellis","0","0","1","0"
"0.36","131","Merops apiaster","0","0","1","0"
"0.36","131","Ptyonoprogne rupestris","0","0","1","0"
"0.36","131","Anas platyrhynchos","0","0","1","0"
"0.36","131","Certhia brachydactyla","0","0","1","0"
"0.36","131","Saxicola rubicola","0","0","1","0"
"0.36","131","Ardea cinerea","0","0","1","0"
"0.36","131","Dendrocopos major","0","0","1","0"
"0.36","131","Picus viridis","0","0","1","0"
"0.36","131","Streptopelia turtur","0","0","1","0"
"0.36","131","Upupa epops","0","0","1","0"
"0.36","131","Emberiza calandra","0","0","1","0"
"0.36","131","Regulus ignicapilla","0","0","1","0"
"0.36","131","Corvus corax","0","0","1","0"
"0.36","131","Aegithalos caudatus","0","0","1","0"
"0.36","131","Alauda arvensis","0","0","1","0"
"0.36","131","Turdus philomelos","0","0","1","0"
"0.36","131","Turdus viscivorus","0","0","1","0"
"0.36","131","Sitta europaea","0","0","1","0"
"0.36","131","Lullula arborea","0","0","1","0"
"0.36","131","Pyrrhocorax pyrrhocorax","0","0","1","0"
"0.36","131","Galerida cristata","0","0","1","0"
"0.36","131","Phylloscopus collybita","0","0","1","0"
"0.36","131","Petronia petronia","0","0","1","0"
"0.36","131","Cettia cetti","0","0","1","0"
"0.36","131","Lophophanes cristatus","0","0","1","0"
"0.36","131","Fulica atra","0","0","1","0"
"0.36","131","Egretta garzetta","0","0","1","0"
"0.36","131","Curruca melanocephala","0","0","1","0"
"0.36","131","Lanius collurio","0","0","1","0"
"0.36","131","Cisticola juncidis","0","0","1","0"
"0.36","131","Curruca communis","0","0","1","0"
"0.36","131","Circaetus gallicus","0","0","1","0"
"0.36","131","Phalacrocorax carbo","0","0","1","0"
"0.36","131","Carduelis citrinella","0","0","1","0"
"0.36","131","Milvus milvus","0","0","1","0"
"0.36","131","Gallinula chloropus","0","0","1","0"
"0.36","131","Oenanthe oenanthe","0","0","1","0"
"0.36","131","Hieraaetus pennatus","0","0","1","0"
"0.36","131","Ciconia ciconia","0","0","1","0"
"0.36","131","Phoenicurus phoenicurus","0","0","1","0"
"0.36","131","Picus sharpei","0","0","1","0"
"0.36","131","Chroicocephalus ridibundus","0","0","1","0"
"0.36","131","Motacilla cinerea","0","0","1","0"
"0.36","131","Corvus monedula","0","0","1","0"
"0.36","131","Lanius senator","0","0","1","0"
"0.36","131","Himantopus himantopus","0","0","1","0"
"0.36","131","Acrocephalus scirpaceus","0","0","1","0"
"0.36","131","Prunella modularis","0","0","1","0"
"0.36","131","Emberiza cia","0","0","1","0"
"0.36","131","Alectoris rufa","0","0","1","0"
"0.36","131","Curruca iberiae","0","0","1","0"
"0.36","131","Coturnix coturnix","0","0","1","0"
"0.36","131","Emberiza citrinella","0","0","1","0"
"0.36","131","Bubulcus ibis","0","0","1","0"
"0.36","131","Circus aeruginosus","0","0","1","0"
"0.36","131","Sturnus unicolor","0","0","1","0"
"0.36","131","Motacilla flava","0","0","1","0"
"0.36","131","Muscicapa striata","0","0","1","0"
"0.36","131","Sterna hirundo","0","0","1","0"
"0.36","131","Pernis apivorus","0","0","1","0"
"0.36","131","Acrocephalus arundinaceus","0","0","1","0"
"0.36","131","Passer montanus","0","0","1","0"
"0.36","131","Podiceps cristatus","0","0","1","0"
"0.36","131","Anthus trivialis","0","0","1","0"
"0.36","131","Ardea purpurea","0","0","1","0"
"0.36","131","Sylvia borin","0","0","1","0"
"0.36","131","Tachybaptus ruficollis","0","0","1","0"
"0.36","131","Charadrius dubius","0","0","1","0"
"0.36","131","Falco subbuteo","0","0","1","0"
"0.36","131","Curruca undata","0","0","1","0"
"0.36","131","Apus melba","0","0","1","0"
"0.36","131","Pyrrhula pyrrhula","0","0","1","0"
"0.36","131","Recurvirostra avosetta","0","0","1","0"
"0.36","131","Tadorna tadorna","0","0","1","0"
"0.36","131","Riparia riparia","0","0","1","0"
"0.36","131","Anthus campestris","0","0","1","0"
"0.36","131","Netta rufina","0","0","1","0"
"0.36","131","Circus pygargus","0","0","1","0"
"0.36","131","Galerida theklae","0","0","1","0"
"0.36","131","Cinclus cinclus","0","0","1","0"
"0.36","131","Poecile palustris","0","0","1","0"
"0.36","131","Aquila chrysaetos","0","0","1","0"
"0.36","131","Actitis hypoleucos","0","0","1","0"
"0.36","131","Pyrrhocorax graculus","0","0","1","0"
"0.36","131","Aythya ferina","0","0","1","0"
"0.36","131","Alcedo atthis","0","0","1","0"
"0.36","131","Burhinus oedicnemus","0","0","1","0"
"0.36","131","Accipiter nisus","0","0","1","0"
"0.36","131","Sternula albifrons","0","0","1","0"
"0.36","131","Anthus spinoletta","0","0","1","0"
"0.36","131","Nycticorax nycticorax","0","0","1","0"
"0.36","131","Melanocorypha calandra","0","0","1","0"
"0.36","131","Vanellus vanellus","0","0","1","0"
"0.36","131","Coccothraustes coccothraustes","0","0","1","0"
"0.36","131","Phasianus colchicus","0","0","1","0"
"0.36","131","Cygnus olor","0","0","1","0"
"0.36","131","Saxicola rubetra","0","0","1","0"
"0.36","131","Loxia curvirostra","0","0","1","0"
"0.36","131","Emberiza schoeniclus","0","0","1","0"
"0.36","131","Tringa ochropus","0","0","1","0"
"0.36","131","Mareca strepera","0","0","1","0"
"0.36","131","Phoenicopterus roseus","0","0","1","0"
"0.36","131","Plegadis falcinellus","0","0","1","0"
"0.36","131","Ardea alba","0","0","1","0"
"0.36","131","Strix aluco","0","0","1","0"
"0.36","131","Tringa totanus","0","0","1","0"
"0.36","131","Columba oenas","0","0","1","0"
"0.36","131","Regulus regulus","0","0","1","0"
"0.36","131","Ichthyaetus melanocephalus","0","0","1","0"
"0.36","131","Coracias garrulus","0","0","1","0"
"0.36","131","Passer hispaniolensis","0","0","1","0"
"0.36","131","Cecropis daurica","0","0","1","0"
"0.36","131","Falco naumanni","0","0","1","0"
"0.36","131","Rallus aquaticus","0","0","1","0"
"0.36","131","Psittacula krameri","0","0","1","0"
"0.36","131","Athene noctua","0","0","1","0"
"0.36","131","Platalea leucorodia","0","0","1","0"
"0.36","131","Lanius meridionalis","0","0","1","0"
"0.36","131","Phylloscopus ibericus","0","0","1","0"
"0.36","131","Aegypius monachus","0","0","1","0"
"0.36","131","Otus scops","0","0","0","1"
"0.36","131","Jynx torquilla","0","0","1","0"
"0.36","132","Turdus merula","0","0","0","1"
"0.36","132","Apus apus","0","0","1","0"
"0.36","132","Fringilla coelebs","0","0","1","0"
"0.36","132","Columba palumbus","0","0","1","0"
"0.36","132","Hirundo rustica","0","0","1","0"
"0.36","132","Passer domesticus","0","0","1","0"
"0.36","132","Sylvia atricapilla","0","0","0","1"
"0.36","132","Corvus corone","0","0","1","0"
"0.36","132","Pica pica","0","0","0","1"
"0.36","132","Carduelis carduelis","0","0","1","0"
"0.36","132","Serinus serinus","0","0","1","0"
"0.36","132","Parus major","0","0","1","0"
"0.36","132","Streptopelia decaocto","0","0","1","0"
"0.36","132","Milvus migrans","0","0","1","0"
"0.36","132","Delichon urbicum","0","0","1","0"
"0.36","132","Phoenicurus ochruros","0","0","1","0"
"0.36","132","Erithacus rubecula","0","0","1","0"
"0.36","132","Gyps fulvus","0","0","1","0"
"0.36","132","Motacilla alba","0","0","1","0"
"0.36","132","Garrulus glandarius","0","0","1","0"
"0.36","132","Cyanistes caeruleus","0","0","1","0"
"0.36","132","Chloris chloris","0","0","1","0"
"0.36","132","Troglodytes troglodytes","0","0","1","0"
"0.36","132","Emberiza cirlus","0","0","1","0"
"0.36","132","Luscinia megarhynchos","0","0","0","1"
"0.36","132","Oriolus oriolus","0","0","1","0"
"0.36","132","Columba livia","0","0","1","0"
"0.36","132","Falco tinnunculus","0","0","1","0"
"0.36","132","Cuculus canorus","0","0","1","0"
"0.36","132","Buteo buteo","0","0","1","0"
"0.36","132","Sturnus vulgaris","0","0","1","0"
"0.36","132","Phylloscopus bonelli","0","0","1","0"
"0.36","132","Linaria cannabina","0","0","1","0"
"0.36","132","Periparus ater","0","0","1","0"
"0.36","132","Hippolais polyglotta","0","0","1","0"
"0.36","132","Larus michahellis","0","0","1","0"
"0.36","132","Merops apiaster","0","0","1","0"
"0.36","132","Ptyonoprogne rupestris","0","0","1","0"
"0.36","132","Anas platyrhynchos","0","0","1","0"
"0.36","132","Certhia brachydactyla","0","0","1","0"
"0.36","132","Saxicola rubicola","0","0","1","0"
"0.36","132","Ardea cinerea","0","0","1","0"
"0.36","132","Dendrocopos major","0","0","1","0"
"0.36","132","Picus viridis","0","0","1","0"
"0.36","132","Streptopelia turtur","0","0","1","0"
"0.36","132","Upupa epops","0","0","1","0"
"0.36","132","Emberiza calandra","1","0","0","0"
"0.36","132","Regulus ignicapilla","0","0","1","0"
"0.36","132","Corvus corax","0","0","1","0"
"0.36","132","Aegithalos caudatus","0","0","1","0"
"0.36","132","Alauda arvensis","0","0","0","1"
"0.36","132","Turdus philomelos","0","0","1","0"
"0.36","132","Turdus viscivorus","0","0","1","0"
"0.36","132","Sitta europaea","0","0","1","0"
"0.36","132","Lullula arborea","0","0","1","0"
"0.36","132","Pyrrhocorax pyrrhocorax","0","0","1","0"
"0.36","132","Galerida cristata","0","0","1","0"
"0.36","132","Phylloscopus collybita","0","0","1","0"
"0.36","132","Petronia petronia","0","0","1","0"
"0.36","132","Cettia cetti","0","0","1","0"
"0.36","132","Lophophanes cristatus","0","0","1","0"
"0.36","132","Fulica atra","0","0","1","0"
"0.36","132","Egretta garzetta","0","0","1","0"
"0.36","132","Curruca melanocephala","0","0","1","0"
"0.36","132","Lanius collurio","0","0","1","0"
"0.36","132","Cisticola juncidis","1","0","0","0"
"0.36","132","Curruca communis","0","0","0","1"
"0.36","132","Circaetus gallicus","0","0","1","0"
"0.36","132","Phalacrocorax carbo","0","0","1","0"
"0.36","132","Carduelis citrinella","0","0","1","0"
"0.36","132","Milvus milvus","0","0","1","0"
"0.36","132","Gallinula chloropus","0","0","1","0"
"0.36","132","Oenanthe oenanthe","0","0","1","0"
"0.36","132","Hieraaetus pennatus","0","0","1","0"
"0.36","132","Ciconia ciconia","0","0","1","0"
"0.36","132","Phoenicurus phoenicurus","0","0","1","0"
"0.36","132","Picus sharpei","0","0","1","0"
"0.36","132","Chroicocephalus ridibundus","0","0","1","0"
"0.36","132","Motacilla cinerea","0","0","1","0"
"0.36","132","Corvus monedula","0","0","1","0"
"0.36","132","Lanius senator","0","0","1","0"
"0.36","132","Himantopus himantopus","0","0","1","0"
"0.36","132","Acrocephalus scirpaceus","0","0","1","0"
"0.36","132","Prunella modularis","0","0","1","0"
"0.36","132","Emberiza cia","0","0","1","0"
"0.36","132","Alectoris rufa","0","0","1","0"
"0.36","132","Curruca iberiae","0","0","1","0"
"0.36","132","Coturnix coturnix","0","0","1","0"
"0.36","132","Emberiza citrinella","0","0","1","0"
"0.36","132","Bubulcus ibis","0","0","1","0"
"0.36","132","Circus aeruginosus","0","0","1","0"
"0.36","132","Sturnus unicolor","0","0","1","0"
"0.36","132","Motacilla flava","0","0","1","0"
"0.36","132","Muscicapa striata","0","0","1","0"
"0.36","132","Sterna hirundo","0","0","1","0"
"0.36","132","Pernis apivorus","0","0","1","0"
"0.36","132","Acrocephalus arundinaceus","0","0","1","0"
"0.36","132","Passer montanus","0","0","1","0"
"0.36","132","Podiceps cristatus","0","0","1","0"
"0.36","132","Anthus trivialis","0","0","1","0"
"0.36","132","Ardea purpurea","0","0","1","0"
"0.36","132","Sylvia borin","0","0","1","0"
"0.36","132","Tachybaptus ruficollis","0","0","1","0"
"0.36","132","Charadrius dubius","0","0","1","0"
"0.36","132","Falco subbuteo","0","0","1","0"
"0.36","132","Curruca undata","0","0","1","0"
"0.36","132","Apus melba","0","0","1","0"
"0.36","132","Pyrrhula pyrrhula","0","0","1","0"
"0.36","132","Recurvirostra avosetta","0","0","1","0"
"0.36","132","Tadorna tadorna","0","0","1","0"
"0.36","132","Riparia riparia","0","0","1","0"
"0.36","132","Anthus campestris","0","0","1","0"
"0.36","132","Netta rufina","0","0","1","0"
"0.36","132","Circus pygargus","0","0","1","0"
"0.36","132","Galerida theklae","0","0","1","0"
"0.36","132","Cinclus cinclus","0","0","1","0"
"0.36","132","Poecile palustris","0","0","1","0"
"0.36","132","Aquila chrysaetos","0","0","1","0"
"0.36","132","Actitis hypoleucos","0","0","1","0"
"0.36","132","Pyrrhocorax graculus","0","0","1","0"
"0.36","132","Aythya ferina","0","0","1","0"
"0.36","132","Alcedo atthis","0","0","1","0"
"0.36","132","Burhinus oedicnemus","0","0","1","0"
"0.36","132","Accipiter nisus","0","0","1","0"
"0.36","132","Sternula albifrons","0","0","1","0"
"0.36","132","Anthus spinoletta","0","0","1","0"
"0.36","132","Nycticorax nycticorax","0","0","1","0"
"0.36","132","Melanocorypha calandra","0","0","1","0"
"0.36","132","Vanellus vanellus","0","0","1","0"
"0.36","132","Coccothraustes coccothraustes","0","0","1","0"
"0.36","132","Phasianus colchicus","0","0","1","0"
"0.36","132","Cygnus olor","0","0","1","0"
"0.36","132","Saxicola rubetra","0","0","1","0"
"0.36","132","Loxia curvirostra","0","0","1","0"
"0.36","132","Emberiza schoeniclus","0","0","1","0"
"0.36","132","Tringa ochropus","0","0","1","0"
"0.36","132","Mareca strepera","0","0","1","0"
"0.36","132","Phoenicopterus roseus","0","0","1","0"
"0.36","132","Plegadis falcinellus","0","0","1","0"
"0.36","132","Ardea alba","0","0","1","0"
"0.36","132","Strix aluco","0","0","1","0"
"0.36","132","Tringa totanus","0","0","1","0"
"0.36","132","Columba oenas","0","0","1","0"
"0.36","132","Regulus regulus","0","0","1","0"
"0.36","132","Ichthyaetus melanocephalus","0","0","1","0"
"0.36","132","Coracias garrulus","0","0","1","0"
"0.36","132","Passer hispaniolensis","0","0","1","0"
"0.36","132","Cecropis daurica","0","0","1","0"
"0.36","132","Falco naumanni","0","0","1","0"
"0.36","132","Rallus aquaticus","0","0","1","0"
"0.36","132","Psittacula krameri","0","0","1","0"
"0.36","132","Athene noctua","0","0","1","0"
"0.36","132","Platalea leucorodia","0","0","1","0"
"0.36","132","Lanius meridionalis","0","0","1","0"
"0.36","132","Phylloscopus ibericus","0","0","1","0"
"0.36","132","Aegypius monachus","0","0","1","0"
"0.36","132","Otus scops","0","0","1","0"
"0.36","132","Jynx torquilla","0","0","1","0"
"0.36","133","Turdus merula","0","0","1","0"
"0.36","133","Apus apus","0","0","1","0"
"0.36","133","Fringilla coelebs","0","0","1","0"
"0.36","133","Columba palumbus","0","0","1","0"
"0.36","133","Hirundo rustica","0","0","1","0"
"0.36","133","Passer domesticus","0","0","1","0"
"0.36","133","Sylvia atricapilla","0","0","1","0"
"0.36","133","Corvus corone","0","0","1","0"
"0.36","133","Pica pica","0","0","1","0"
"0.36","133","Carduelis carduelis","0","0","1","0"
"0.36","133","Serinus serinus","0","0","1","0"
"0.36","133","Streptopelia decaocto","0","0","1","0"
"0.36","133","Parus major","0","0","1","0"
"0.36","133","Milvus migrans","0","0","1","0"
"0.36","133","Delichon urbicum","0","0","1","0"
"0.36","133","Phoenicurus ochruros","0","0","1","0"
"0.36","133","Erithacus rubecula","0","0","1","0"
"0.36","133","Gyps fulvus","0","0","1","0"
"0.36","133","Motacilla alba","0","0","1","0"
"0.36","133","Garrulus glandarius","0","0","1","0"
"0.36","133","Cyanistes caeruleus","0","0","1","0"
"0.36","133","Chloris chloris","0","0","1","0"
"0.36","133","Emberiza cirlus","0","0","1","0"
"0.36","133","Troglodytes troglodytes","0","0","1","0"
"0.36","133","Luscinia megarhynchos","0","0","1","0"
"0.36","133","Oriolus oriolus","0","0","1","0"
"0.36","133","Columba livia","0","0","1","0"
"0.36","133","Falco tinnunculus","0","0","1","0"
"0.36","133","Cuculus canorus","0","0","1","0"
"0.36","133","Buteo buteo","0","0","1","0"
"0.36","133","Sturnus vulgaris","0","0","1","0"
"0.36","133","Phylloscopus bonelli","0","0","1","0"
"0.36","133","Linaria cannabina","0","0","1","0"
"0.36","133","Periparus ater","0","0","1","0"
"0.36","133","Hippolais polyglotta","0","0","1","0"
"0.36","133","Merops apiaster","0","0","1","0"
"0.36","133","Larus michahellis","0","0","1","0"
"0.36","133","Anas platyrhynchos","0","0","1","0"
"0.36","133","Ptyonoprogne rupestris","0","0","1","0"
"0.36","133","Certhia brachydactyla","0","0","1","0"
"0.36","133","Saxicola rubicola","0","0","1","0"
"0.36","133","Ardea cinerea","0","0","1","0"
"0.36","133","Dendrocopos major","0","0","1","0"
"0.36","133","Streptopelia turtur","0","0","1","0"
"0.36","133","Upupa epops","0","0","1","0"
"0.36","133","Picus viridis","0","0","1","0"
"0.36","133","Emberiza calandra","0","0","1","0"
"0.36","133","Regulus ignicapilla","0","0","1","0"
"0.36","133","Corvus corax","0","0","1","0"
"0.36","133","Aegithalos caudatus","0","0","1","0"
"0.36","133","Turdus viscivorus","0","0","1","0"
"0.36","133","Alauda arvensis","0","0","1","0"
"0.36","133","Turdus philomelos","0","0","1","0"
"0.36","133","Lullula arborea","0","0","1","0"
"0.36","133","Sitta europaea","0","0","1","0"
"0.36","133","Pyrrhocorax pyrrhocorax","0","0","1","0"
"0.36","133","Galerida cristata","0","0","1","0"
"0.36","133","Petronia petronia","0","0","1","0"
"0.36","133","Cettia cetti","0","0","1","0"
"0.36","133","Lophophanes cristatus","0","0","1","0"
"0.36","133","Phylloscopus collybita","0","0","1","0"
"0.36","133","Curruca melanocephala","0","0","1","0"
"0.36","133","Fulica atra","0","0","1","0"
"0.36","133","Egretta garzetta","0","0","1","0"
"0.36","133","Cisticola juncidis","0","0","1","0"
"0.36","133","Lanius collurio","0","0","1","0"
"0.36","133","Circaetus gallicus","0","0","1","0"
"0.36","133","Curruca communis","0","0","1","0"
"0.36","133","Carduelis citrinella","0","0","1","0"
"0.36","133","Phalacrocorax carbo","0","0","1","0"
"0.36","133","Milvus milvus","0","0","1","0"
"0.36","133","Hieraaetus pennatus","0","0","1","0"
"0.36","133","Gallinula chloropus","0","0","1","0"
"0.36","133","Oenanthe oenanthe","0","0","1","0"
"0.36","133","Picus sharpei","0","0","1","0"
"0.36","133","Phoenicurus phoenicurus","0","0","1","0"
"0.36","133","Ciconia ciconia","0","0","1","0"
"0.36","133","Chroicocephalus ridibundus","0","0","1","0"
"0.36","133","Corvus monedula","0","0","1","0"
"0.36","133","Motacilla cinerea","0","0","1","0"
"0.36","133","Lanius senator","0","0","1","0"
"0.36","133","Himantopus himantopus","0","0","1","0"
"0.36","133","Acrocephalus scirpaceus","0","0","1","0"
"0.36","133","Alectoris rufa","0","0","1","0"
"0.36","133","Emberiza cia","0","0","1","0"
"0.36","133","Sturnus unicolor","0","0","1","0"
"0.36","133","Curruca iberiae","0","0","1","0"
"0.36","133","Bubulcus ibis","0","0","1","0"
"0.36","133","Coturnix coturnix","0","0","1","0"
"0.36","133","Prunella modularis","0","0","1","0"
"0.36","133","Circus aeruginosus","0","0","1","0"
"0.36","133","Emberiza citrinella","0","0","1","0"
"0.36","133","Motacilla flava","0","0","1","0"
"0.36","133","Muscicapa striata","0","0","1","0"
"0.36","133","Pernis apivorus","0","0","1","0"
"0.36","133","Acrocephalus arundinaceus","0","0","1","0"
"0.36","133","Sterna hirundo","0","0","1","0"
"0.36","133","Passer montanus","0","0","1","0"
"0.36","133","Podiceps cristatus","0","0","1","0"
"0.36","133","Anthus trivialis","0","0","1","0"
"0.36","133","Ardea purpurea","0","0","1","0"
"0.36","133","Sylvia borin","0","0","1","0"
"0.36","133","Tachybaptus ruficollis","0","0","1","0"
"0.36","133","Charadrius dubius","0","0","1","0"
"0.36","133","Curruca undata","0","0","1","0"
"0.36","133","Falco subbuteo","0","0","1","0"
"0.36","133","Apus melba","0","0","1","0"
"0.36","133","Recurvirostra avosetta","0","0","1","0"
"0.36","133","Pyrrhula pyrrhula","0","0","1","0"
"0.36","133","Tadorna tadorna","0","0","1","0"
"0.36","133","Anthus campestris","0","0","1","0"
"0.36","133","Riparia riparia","0","0","1","0"
"0.36","133","Netta rufina","0","0","1","0"
"0.36","133","Circus pygargus","0","0","1","0"
"0.36","133","Galerida theklae","0","0","1","0"
"0.36","133","Cinclus cinclus","0","0","1","0"
"0.36","133","Aquila chrysaetos","0","0","1","0"
"0.36","133","Poecile palustris","0","0","1","0"
"0.36","133","Actitis hypoleucos","0","0","1","0"
"0.36","133","Aythya ferina","0","0","1","0"
"0.36","133","Alcedo atthis","0","0","1","0"
"0.36","133","Pyrrhocorax graculus","0","0","1","0"
"0.36","133","Burhinus oedicnemus","0","0","1","0"
"0.36","133","Sternula albifrons","0","0","1","0"
"0.36","133","Accipiter nisus","0","0","1","0"
"0.36","133","Melanocorypha calandra","0","0","1","0"
"0.36","133","Anthus spinoletta","0","0","1","0"
"0.36","133","Nycticorax nycticorax","0","0","1","0"
"0.36","133","Coccothraustes coccothraustes","0","0","1","0"
"0.36","133","Vanellus vanellus","0","0","1","0"
"0.36","133","Phasianus colchicus","0","0","1","0"
"0.36","133","Saxicola rubetra","0","0","1","0"
"0.36","133","Loxia curvirostra","0","0","1","0"
"0.36","133","Phoenicopterus roseus","0","0","1","0"
"0.36","133","Tringa ochropus","0","0","1","0"
"0.36","133","Mareca strepera","0","0","1","0"
"0.36","133","Emberiza schoeniclus","0","0","1","0"
"0.36","133","Cygnus olor","0","0","1","0"
"0.36","133","Plegadis falcinellus","0","0","1","0"
"0.36","133","Ardea alba","0","0","1","0"
"0.36","133","Tringa totanus","0","0","1","0"
"0.36","133","Columba oenas","0","0","1","0"
"0.36","133","Strix aluco","0","0","1","0"
"0.36","133","Ichthyaetus melanocephalus","0","0","1","0"
"0.36","133","Coracias garrulus","0","0","1","0"
"0.36","133","Regulus regulus","0","0","1","0"
"0.36","133","Passer hispaniolensis","0","0","1","0"
"0.36","133","Cecropis daurica","0","0","1","0"
"0.36","133","Falco naumanni","0","0","1","0"
"0.36","133","Athene noctua","0","0","1","0"
"0.36","133","Rallus aquaticus","0","0","1","0"
"0.36","133","Psittacula krameri","0","0","1","0"
"0.36","133","Platalea leucorodia","0","0","1","0"
"0.36","133","Lanius meridionalis","0","0","1","0"
"0.36","133","Chlidonias niger","0","0","1","0"
"0.36","133","Phylloscopus ibericus","0","0","1","0"
"0.36","133","Otus scops","0","0","1","0"
"0.36","133","Jynx torquilla","0","0","1","0"
"0.36","134","Turdus merula","0","0","0","1"
"0.36","134","Apus apus","0","0","1","0"
"0.36","134","Fringilla coelebs","0","0","1","0"
"0.36","134","Columba palumbus","0","0","1","0"
"0.36","134","Hirundo rustica","0","0","1","0"
"0.36","134","Passer domesticus","0","0","1","0"
"0.36","134","Sylvia atricapilla","1","0","0","0"
"0.36","134","Corvus corone","0","0","0","1"
"0.36","134","Pica pica","0","0","1","0"
"0.36","134","Carduelis carduelis","0","0","1","0"
"0.36","134","Serinus serinus","0","0","1","0"
"0.36","134","Streptopelia decaocto","0","0","1","0"
"0.36","134","Parus major","0","0","1","0"
"0.36","134","Milvus migrans","0","0","1","0"
"0.36","134","Delichon urbicum","0","0","1","0"
"0.36","134","Phoenicurus ochruros","0","0","1","0"
"0.36","134","Erithacus rubecula","0","0","0","1"
"0.36","134","Gyps fulvus","0","0","1","0"
"0.36","134","Motacilla alba","0","0","1","0"
"0.36","134","Garrulus glandarius","0","0","1","0"
"0.36","134","Cyanistes caeruleus","0","0","1","0"
"0.36","134","Chloris chloris","0","0","1","0"
"0.36","134","Emberiza cirlus","0","0","1","0"
"0.36","134","Troglodytes troglodytes","0","0","1","0"
"0.36","134","Luscinia megarhynchos","0","0","1","0"
"0.36","134","Oriolus oriolus","0","0","1","0"
"0.36","134","Columba livia","0","0","1","0"
"0.36","134","Falco tinnunculus","0","0","1","0"
"0.36","134","Cuculus canorus","0","0","1","0"
"0.36","134","Buteo buteo","0","0","1","0"
"0.36","134","Sturnus vulgaris","0","0","1","0"
"0.36","134","Phylloscopus bonelli","0","0","1","0"
"0.36","134","Linaria cannabina","0","0","1","0"
"0.36","134","Periparus ater","0","0","1","0"
"0.36","134","Hippolais polyglotta","0","0","1","0"
"0.36","134","Merops apiaster","0","0","1","0"
"0.36","134","Larus michahellis","0","0","1","0"
"0.36","134","Anas platyrhynchos","0","0","1","0"
"0.36","134","Ptyonoprogne rupestris","0","0","1","0"
"0.36","134","Certhia brachydactyla","0","0","1","0"
"0.36","134","Saxicola rubicola","0","0","1","0"
"0.36","134","Ardea cinerea","0","0","1","0"
"0.36","134","Dendrocopos major","0","0","1","0"
"0.36","134","Streptopelia turtur","0","0","1","0"
"0.36","134","Upupa epops","0","0","1","0"
"0.36","134","Picus viridis","0","0","1","0"
"0.36","134","Emberiza calandra","0","0","1","0"
"0.36","134","Regulus ignicapilla","0","0","1","0"
"0.36","134","Corvus corax","0","0","1","0"
"0.36","134","Aegithalos caudatus","0","0","1","0"
"0.36","134","Turdus viscivorus","0","0","0","1"
"0.36","134","Alauda arvensis","0","0","1","0"
"0.36","134","Turdus philomelos","0","0","1","0"
"0.36","134","Lullula arborea","0","0","1","0"
"0.36","134","Sitta europaea","0","0","1","0"
"0.36","134","Pyrrhocorax pyrrhocorax","0","0","1","0"
"0.36","134","Galerida cristata","0","0","1","0"
"0.36","134","Petronia petronia","0","0","1","0"
"0.36","134","Cettia cetti","0","0","1","0"
"0.36","134","Lophophanes cristatus","0","0","1","0"
"0.36","134","Phylloscopus collybita","0","0","1","0"
"0.36","134","Curruca melanocephala","0","0","1","0"
"0.36","134","Fulica atra","0","0","1","0"
"0.36","134","Egretta garzetta","0","0","1","0"
"0.36","134","Cisticola juncidis","0","0","1","0"
"0.36","134","Lanius collurio","0","0","1","0"
"0.36","134","Circaetus gallicus","0","0","1","0"
"0.36","134","Curruca communis","0","0","1","0"
"0.36","134","Carduelis citrinella","0","0","1","0"
"0.36","134","Phalacrocorax carbo","0","0","1","0"
"0.36","134","Milvus milvus","0","0","1","0"
"0.36","134","Hieraaetus pennatus","0","0","1","0"
"0.36","134","Gallinula chloropus","0","0","1","0"
"0.36","134","Oenanthe oenanthe","0","0","1","0"
"0.36","134","Picus sharpei","0","0","1","0"
"0.36","134","Phoenicurus phoenicurus","0","0","1","0"
"0.36","134","Ciconia ciconia","0","0","1","0"
"0.36","134","Chroicocephalus ridibundus","0","0","1","0"
"0.36","134","Corvus monedula","0","0","1","0"
"0.36","134","Motacilla cinerea","0","0","1","0"
"0.36","134","Lanius senator","0","0","1","0"
"0.36","134","Himantopus himantopus","0","0","1","0"
"0.36","134","Acrocephalus scirpaceus","0","0","1","0"
"0.36","134","Alectoris rufa","0","0","1","0"
"0.36","134","Emberiza cia","0","0","1","0"
"0.36","134","Sturnus unicolor","0","0","1","0"
"0.36","134","Curruca iberiae","0","0","1","0"
"0.36","134","Bubulcus ibis","0","0","1","0"
"0.36","134","Coturnix coturnix","0","0","1","0"
"0.36","134","Prunella modularis","0","0","1","0"
"0.36","134","Circus aeruginosus","0","0","1","0"
"0.36","134","Emberiza citrinella","0","0","1","0"
"0.36","134","Motacilla flava","0","0","1","0"
"0.36","134","Muscicapa striata","0","0","1","0"
"0.36","134","Pernis apivorus","0","0","1","0"
"0.36","134","Acrocephalus arundinaceus","0","0","1","0"
"0.36","134","Sterna hirundo","0","0","1","0"
"0.36","134","Passer montanus","0","0","1","0"
"0.36","134","Podiceps cristatus","0","0","1","0"
"0.36","134","Anthus trivialis","0","0","1","0"
"0.36","134","Ardea purpurea","0","0","1","0"
"0.36","134","Sylvia borin","0","0","1","0"
"0.36","134","Tachybaptus ruficollis","0","0","1","0"
"0.36","134","Charadrius dubius","0","0","1","0"
"0.36","134","Curruca undata","0","0","1","0"
"0.36","134","Falco subbuteo","0","0","1","0"
"0.36","134","Apus melba","0","0","1","0"
"0.36","134","Recurvirostra avosetta","0","0","1","0"
"0.36","134","Pyrrhula pyrrhula","0","0","1","0"
"0.36","134","Tadorna tadorna","0","0","1","0"
"0.36","134","Anthus campestris","0","0","1","0"
"0.36","134","Riparia riparia","0","0","1","0"
"0.36","134","Netta rufina","0","0","1","0"
"0.36","134","Circus pygargus","0","0","1","0"
"0.36","134","Galerida theklae","0","0","1","0"
"0.36","134","Cinclus cinclus","0","0","1","0"
"0.36","134","Aquila chrysaetos","0","0","1","0"
"0.36","134","Poecile palustris","0","0","0","1"
"0.36","134","Actitis hypoleucos","0","0","1","0"
"0.36","134","Aythya ferina","0","0","1","0"
"0.36","134","Alcedo atthis","0","0","1","0"
"0.36","134","Pyrrhocorax graculus","0","0","1","0"
"0.36","134","Burhinus oedicnemus","0","0","1","0"
"0.36","134","Sternula albifrons","0","0","1","0"
"0.36","134","Accipiter nisus","0","0","1","0"
"0.36","134","Melanocorypha calandra","0","0","1","0"
"0.36","134","Anthus spinoletta","0","0","1","0"
"0.36","134","Nycticorax nycticorax","0","0","1","0"
"0.36","134","Coccothraustes coccothraustes","0","0","1","0"
"0.36","134","Vanellus vanellus","0","0","1","0"
"0.36","134","Phasianus colchicus","0","0","1","0"
"0.36","134","Saxicola rubetra","0","0","1","0"
"0.36","134","Loxia curvirostra","0","0","1","0"
"0.36","134","Phoenicopterus roseus","0","0","1","0"
"0.36","134","Tringa ochropus","0","0","1","0"
"0.36","134","Mareca strepera","0","0","1","0"
"0.36","134","Emberiza schoeniclus","0","0","1","0"
"0.36","134","Cygnus olor","0","0","1","0"
"0.36","134","Plegadis falcinellus","0","0","1","0"
"0.36","134","Ardea alba","0","0","1","0"
"0.36","134","Tringa totanus","0","0","1","0"
"0.36","134","Columba oenas","0","0","1","0"
"0.36","134","Strix aluco","0","0","1","0"
"0.36","134","Ichthyaetus melanocephalus","0","0","1","0"
"0.36","134","Coracias garrulus","0","0","1","0"
"0.36","134","Regulus regulus","0","0","1","0"
"0.36","134","Passer hispaniolensis","0","0","1","0"
"0.36","134","Cecropis daurica","0","0","1","0"
"0.36","134","Falco naumanni","0","0","1","0"
"0.36","134","Athene noctua","0","0","1","0"
"0.36","134","Rallus aquaticus","0","0","1","0"
"0.36","134","Psittacula krameri","0","0","1","0"
"0.36","134","Platalea leucorodia","0","0","1","0"
"0.36","134","Lanius meridionalis","0","0","1","0"
"0.36","134","Chlidonias niger","0","0","1","0"
"0.36","134","Phylloscopus ibericus","0","0","1","0"
"0.36","134","Otus scops","0","0","1","0"
"0.36","134","Jynx torquilla","0","0","1","0"
"0.36","135","Turdus merula","0","0","1","0"
"0.36","135","Apus apus","0","0","1","0"
"0.36","135","Fringilla coelebs","0","0","1","0"
"0.36","135","Columba palumbus","0","0","1","0"
"0.36","135","Hirundo rustica","0","0","1","0"
"0.36","135","Passer domesticus","0","0","1","0"
"0.36","135","Sylvia atricapilla","0","0","1","0"
"0.36","135","Corvus corone","0","0","1","0"
"0.36","135","Pica pica","0","0","1","0"
"0.36","135","Carduelis carduelis","0","0","1","0"
"0.36","135","Serinus serinus","0","0","1","0"
"0.36","135","Streptopelia decaocto","0","0","1","0"
"0.36","135","Parus major","0","0","1","0"
"0.36","135","Milvus migrans","0","0","1","0"
"0.36","135","Delichon urbicum","0","0","1","0"
"0.36","135","Phoenicurus ochruros","0","0","1","0"
"0.36","135","Erithacus rubecula","0","0","1","0"
"0.36","135","Gyps fulvus","0","0","1","0"
"0.36","135","Motacilla alba","0","0","1","0"
"0.36","135","Garrulus glandarius","0","0","1","0"
"0.36","135","Cyanistes caeruleus","0","0","1","0"
"0.36","135","Chloris chloris","0","0","1","0"
"0.36","135","Emberiza cirlus","0","0","1","0"
"0.36","135","Troglodytes troglodytes","0","0","1","0"
"0.36","135","Luscinia megarhynchos","0","0","1","0"
"0.36","135","Oriolus oriolus","0","0","1","0"
"0.36","135","Columba livia","0","0","1","0"
"0.36","135","Falco tinnunculus","0","0","1","0"
"0.36","135","Cuculus canorus","0","0","1","0"
"0.36","135","Buteo buteo","0","0","1","0"
"0.36","135","Sturnus vulgaris","0","0","1","0"
"0.36","135","Phylloscopus bonelli","0","0","1","0"
"0.36","135","Linaria cannabina","0","0","1","0"
"0.36","135","Periparus ater","0","0","1","0"
"0.36","135","Hippolais polyglotta","0","0","1","0"
"0.36","135","Merops apiaster","0","0","1","0"
"0.36","135","Larus michahellis","0","0","1","0"
"0.36","135","Anas platyrhynchos","0","0","1","0"
"0.36","135","Ptyonoprogne rupestris","0","0","1","0"
"0.36","135","Certhia brachydactyla","0","0","1","0"
"0.36","135","Saxicola rubicola","0","0","1","0"
"0.36","135","Ardea cinerea","0","0","1","0"
"0.36","135","Dendrocopos major","0","0","1","0"
"0.36","135","Streptopelia turtur","0","0","1","0"
"0.36","135","Upupa epops","0","0","1","0"
"0.36","135","Picus viridis","0","0","1","0"
"0.36","135","Emberiza calandra","0","0","1","0"
"0.36","135","Regulus ignicapilla","0","0","1","0"
"0.36","135","Corvus corax","0","0","1","0"
"0.36","135","Aegithalos caudatus","0","0","1","0"
"0.36","135","Turdus viscivorus","0","0","1","0"
"0.36","135","Alauda arvensis","0","0","1","0"
"0.36","135","Turdus philomelos","0","0","1","0"
"0.36","135","Lullula arborea","0","0","1","0"
"0.36","135","Sitta europaea","0","0","1","0"
"0.36","135","Pyrrhocorax pyrrhocorax","0","0","1","0"
"0.36","135","Galerida cristata","0","0","1","0"
"0.36","135","Petronia petronia","0","0","1","0"
"0.36","135","Cettia cetti","0","0","1","0"
"0.36","135","Lophophanes cristatus","0","0","1","0"
"0.36","135","Phylloscopus collybita","0","0","1","0"
"0.36","135","Curruca melanocephala","0","0","1","0"
"0.36","135","Fulica atra","0","0","1","0"
"0.36","135","Egretta garzetta","0","0","1","0"
"0.36","135","Cisticola juncidis","0","0","1","0"
"0.36","135","Lanius collurio","0","0","1","0"
"0.36","135","Circaetus gallicus","0","0","1","0"
"0.36","135","Curruca communis","0","0","1","0"
"0.36","135","Carduelis citrinella","0","0","1","0"
"0.36","135","Phalacrocorax carbo","0","0","1","0"
"0.36","135","Milvus milvus","0","0","1","0"
"0.36","135","Hieraaetus pennatus","0","0","1","0"
"0.36","135","Gallinula chloropus","0","0","1","0"
"0.36","135","Oenanthe oenanthe","0","0","1","0"
"0.36","135","Picus sharpei","0","0","1","0"
"0.36","135","Phoenicurus phoenicurus","0","0","1","0"
"0.36","135","Ciconia ciconia","0","0","1","0"
"0.36","135","Chroicocephalus ridibundus","0","0","1","0"
"0.36","135","Corvus monedula","0","0","1","0"
"0.36","135","Motacilla cinerea","0","0","1","0"
"0.36","135","Lanius senator","0","0","1","0"
"0.36","135","Himantopus himantopus","0","0","1","0"
"0.36","135","Acrocephalus scirpaceus","0","0","1","0"
"0.36","135","Alectoris rufa","0","0","1","0"
"0.36","135","Emberiza cia","0","0","1","0"
"0.36","135","Sturnus unicolor","0","0","1","0"
"0.36","135","Curruca iberiae","0","0","1","0"
"0.36","135","Bubulcus ibis","0","0","1","0"
"0.36","135","Coturnix coturnix","0","0","1","0"
"0.36","135","Prunella modularis","0","0","1","0"
"0.36","135","Circus aeruginosus","0","0","1","0"
"0.36","135","Emberiza citrinella","0","0","1","0"
"0.36","135","Motacilla flava","0","0","1","0"
"0.36","135","Muscicapa striata","0","0","1","0"
"0.36","135","Pernis apivorus","0","0","1","0"
"0.36","135","Acrocephalus arundinaceus","0","0","1","0"
"0.36","135","Sterna hirundo","0","0","1","0"
"0.36","135","Passer montanus","0","0","1","0"
"0.36","135","Podiceps cristatus","0","0","1","0"
"0.36","135","Anthus trivialis","0","0","1","0"
"0.36","135","Ardea purpurea","0","0","1","0"
"0.36","135","Sylvia borin","0","0","1","0"
"0.36","135","Tachybaptus ruficollis","0","0","1","0"
"0.36","135","Charadrius dubius","0","0","1","0"
"0.36","135","Curruca undata","0","0","1","0"
"0.36","135","Falco subbuteo","0","0","1","0"
"0.36","135","Apus melba","0","0","1","0"
"0.36","135","Recurvirostra avosetta","0","0","1","0"
"0.36","135","Pyrrhula pyrrhula","0","0","1","0"
"0.36","135","Tadorna tadorna","0","0","1","0"
"0.36","135","Anthus campestris","0","0","1","0"
"0.36","135","Riparia riparia","0","0","1","0"
"0.36","135","Netta rufina","0","0","1","0"
"0.36","135","Circus pygargus","0","0","1","0"
"0.36","135","Galerida theklae","0","0","1","0"
"0.36","135","Cinclus cinclus","0","0","1","0"
"0.36","135","Aquila chrysaetos","0","0","1","0"
"0.36","135","Poecile palustris","0","0","1","0"
"0.36","135","Actitis hypoleucos","0","0","1","0"
"0.36","135","Aythya ferina","0","0","1","0"
"0.36","135","Alcedo atthis","0","0","1","0"
"0.36","135","Pyrrhocorax graculus","0","0","1","0"
"0.36","135","Burhinus oedicnemus","0","0","1","0"
"0.36","135","Sternula albifrons","0","0","1","0"
"0.36","135","Accipiter nisus","0","0","1","0"
"0.36","135","Melanocorypha calandra","0","0","1","0"
"0.36","135","Anthus spinoletta","0","0","1","0"
"0.36","135","Nycticorax nycticorax","0","0","1","0"
"0.36","135","Coccothraustes coccothraustes","0","0","1","0"
"0.36","135","Vanellus vanellus","0","0","1","0"
"0.36","135","Phasianus colchicus","0","0","1","0"
"0.36","135","Saxicola rubetra","0","0","1","0"
"0.36","135","Loxia curvirostra","0","0","1","0"
"0.36","135","Phoenicopterus roseus","0","0","1","0"
"0.36","135","Tringa ochropus","0","0","1","0"
"0.36","135","Mareca strepera","0","0","1","0"
"0.36","135","Emberiza schoeniclus","0","0","1","0"
"0.36","135","Cygnus olor","0","0","1","0"
"0.36","135","Plegadis falcinellus","0","0","1","0"
"0.36","135","Ardea alba","0","0","1","0"
"0.36","135","Tringa totanus","0","0","1","0"
"0.36","135","Columba oenas","0","0","1","0"
"0.36","135","Strix aluco","0","0","1","0"
"0.36","135","Ichthyaetus melanocephalus","0","0","1","0"
"0.36","135","Coracias garrulus","0","0","1","0"
"0.36","135","Regulus regulus","0","0","1","0"
"0.36","135","Passer hispaniolensis","0","0","1","0"
"0.36","135","Cecropis daurica","0","0","1","0"
"0.36","135","Falco naumanni","0","0","1","0"
"0.36","135","Athene noctua","0","0","1","0"
"0.36","135","Rallus aquaticus","0","0","1","0"
"0.36","135","Psittacula krameri","0","0","1","0"
"0.36","135","Platalea leucorodia","0","0","1","0"
"0.36","135","Lanius meridionalis","0","0","1","0"
"0.36","135","Chlidonias niger","0","0","1","0"
"0.36","135","Phylloscopus ibericus","0","0","1","0"
"0.36","135","Otus scops","0","0","1","0"
"0.36","135","Jynx torquilla","0","0","1","0"
"0.36","136","Turdus merula","0","0","1","0"
"0.36","136","Apus apus","0","0","1","0"
"0.36","136","Fringilla coelebs","0","0","1","0"
"0.36","136","Columba palumbus","0","0","1","0"
"0.36","136","Hirundo rustica","0","0","1","0"
"0.36","136","Passer domesticus","0","0","1","0"
"0.36","136","Sylvia atricapilla","0","0","1","0"
"0.36","136","Corvus corone","0","0","1","0"
"0.36","136","Pica pica","0","0","1","0"
"0.36","136","Carduelis carduelis","0","0","1","0"
"0.36","136","Serinus serinus","0","0","1","0"
"0.36","136","Streptopelia decaocto","0","0","1","0"
"0.36","136","Parus major","0","0","1","0"
"0.36","136","Milvus migrans","0","0","1","0"
"0.36","136","Delichon urbicum","0","0","1","0"
"0.36","136","Phoenicurus ochruros","0","0","1","0"
"0.36","136","Erithacus rubecula","0","0","1","0"
"0.36","136","Gyps fulvus","0","0","1","0"
"0.36","136","Motacilla alba","0","0","1","0"
"0.36","136","Garrulus glandarius","0","0","1","0"
"0.36","136","Cyanistes caeruleus","0","0","1","0"
"0.36","136","Chloris chloris","0","0","1","0"
"0.36","136","Emberiza cirlus","0","0","1","0"
"0.36","136","Troglodytes troglodytes","0","0","1","0"
"0.36","136","Luscinia megarhynchos","0","0","0","1"
"0.36","136","Oriolus oriolus","0","0","1","0"
"0.36","136","Columba livia","0","0","1","0"
"0.36","136","Falco tinnunculus","0","0","1","0"
"0.36","136","Cuculus canorus","0","0","1","0"
"0.36","136","Buteo buteo","0","0","1","0"
"0.36","136","Sturnus vulgaris","0","0","1","0"
"0.36","136","Phylloscopus bonelli","0","0","1","0"
"0.36","136","Linaria cannabina","0","0","1","0"
"0.36","136","Periparus ater","0","0","1","0"
"0.36","136","Hippolais polyglotta","0","0","1","0"
"0.36","136","Merops apiaster","0","0","1","0"
"0.36","136","Larus michahellis","0","0","1","0"
"0.36","136","Anas platyrhynchos","0","0","1","0"
"0.36","136","Ptyonoprogne rupestris","0","0","1","0"
"0.36","136","Certhia brachydactyla","0","0","1","0"
"0.36","136","Saxicola rubicola","0","0","1","0"
"0.36","136","Ardea cinerea","0","0","1","0"
"0.36","136","Dendrocopos major","0","0","1","0"
"0.36","136","Streptopelia turtur","0","0","1","0"
"0.36","136","Upupa epops","0","0","1","0"
"0.36","136","Picus viridis","0","0","1","0"
"0.36","136","Emberiza calandra","0","0","1","0"
"0.36","136","Regulus ignicapilla","0","0","1","0"
"0.36","136","Corvus corax","0","0","1","0"
"0.36","136","Aegithalos caudatus","0","0","1","0"
"0.36","136","Turdus viscivorus","0","0","1","0"
"0.36","136","Alauda arvensis","0","0","1","0"
"0.36","136","Turdus philomelos","0","0","1","0"
"0.36","136","Sitta europaea","0","0","1","0"
"0.36","136","Lullula arborea","0","0","1","0"
"0.36","136","Pyrrhocorax pyrrhocorax","0","0","1","0"
"0.36","136","Galerida cristata","0","0","1","0"
"0.36","136","Petronia petronia","0","0","1","0"
"0.36","136","Cettia cetti","0","0","1","0"
"0.36","136","Lophophanes cristatus","0","0","1","0"
"0.36","136","Phylloscopus collybita","0","0","1","0"
"0.36","136","Curruca melanocephala","0","0","1","0"
"0.36","136","Fulica atra","0","0","1","0"
"0.36","136","Egretta garzetta","0","0","1","0"
"0.36","136","Cisticola juncidis","0","0","1","0"
"0.36","136","Lanius collurio","0","0","1","0"
"0.36","136","Circaetus gallicus","0","0","1","0"
"0.36","136","Curruca communis","0","0","1","0"
"0.36","136","Carduelis citrinella","0","0","1","0"
"0.36","136","Phalacrocorax carbo","0","0","1","0"
"0.36","136","Gallinula chloropus","0","0","1","0"
"0.36","136","Hieraaetus pennatus","0","0","1","0"
"0.36","136","Milvus milvus","0","0","1","0"
"0.36","136","Oenanthe oenanthe","0","0","1","0"
"0.36","136","Picus sharpei","0","0","1","0"
"0.36","136","Phoenicurus phoenicurus","0","0","1","0"
"0.36","136","Ciconia ciconia","0","0","1","0"
"0.36","136","Chroicocephalus ridibundus","0","0","1","0"
"0.36","136","Corvus monedula","0","0","1","0"
"0.36","136","Motacilla cinerea","0","0","1","0"
"0.36","136","Lanius senator","0","0","1","0"
"0.36","136","Himantopus himantopus","0","0","1","0"
"0.36","136","Acrocephalus scirpaceus","0","0","1","0"
"0.36","136","Alectoris rufa","0","0","1","0"
"0.36","136","Emberiza cia","0","0","1","0"
"0.36","136","Curruca iberiae","0","0","1","0"
"0.36","136","Bubulcus ibis","0","0","1","0"
"0.36","136","Sturnus unicolor","0","0","1","0"
"0.36","136","Coturnix coturnix","0","0","1","0"
"0.36","136","Prunella modularis","0","0","1","0"
"0.36","136","Circus aeruginosus","0","0","1","0"
"0.36","136","Emberiza citrinella","0","0","1","0"
"0.36","136","Motacilla flava","0","0","1","0"
"0.36","136","Muscicapa striata","0","0","1","0"
"0.36","136","Pernis apivorus","0","0","1","0"
"0.36","136","Acrocephalus arundinaceus","0","0","1","0"
"0.36","136","Sterna hirundo","0","0","1","0"
"0.36","136","Passer montanus","0","0","1","0"
"0.36","136","Podiceps cristatus","0","0","1","0"
"0.36","136","Anthus trivialis","0","0","1","0"
"0.36","136","Ardea purpurea","0","0","1","0"
"0.36","136","Sylvia borin","0","0","1","0"
"0.36","136","Tachybaptus ruficollis","0","0","1","0"
"0.36","136","Charadrius dubius","0","0","1","0"
"0.36","136","Falco subbuteo","0","0","1","0"
"0.36","136","Curruca undata","0","0","1","0"
"0.36","136","Apus melba","0","0","1","0"
"0.36","136","Recurvirostra avosetta","0","0","1","0"
"0.36","136","Pyrrhula pyrrhula","0","0","1","0"
"0.36","136","Tadorna tadorna","0","0","1","0"
"0.36","136","Anthus campestris","0","0","1","0"
"0.36","136","Riparia riparia","0","0","1","0"
"0.36","136","Netta rufina","0","0","1","0"
"0.36","136","Circus pygargus","0","0","1","0"
"0.36","136","Galerida theklae","0","0","1","0"
"0.36","136","Cinclus cinclus","0","0","1","0"
"0.36","136","Aquila chrysaetos","0","0","1","0"
"0.36","136","Poecile palustris","0","0","1","0"
"0.36","136","Actitis hypoleucos","0","0","1","0"
"0.36","136","Aythya ferina","0","0","1","0"
"0.36","136","Alcedo atthis","0","0","1","0"
"0.36","136","Pyrrhocorax graculus","0","0","1","0"
"0.36","136","Burhinus oedicnemus","0","0","1","0"
"0.36","136","Sternula albifrons","0","0","1","0"
"0.36","136","Accipiter nisus","0","0","1","0"
"0.36","136","Melanocorypha calandra","0","0","1","0"
"0.36","136","Anthus spinoletta","0","0","1","0"
"0.36","136","Nycticorax nycticorax","0","0","1","0"
"0.36","136","Coccothraustes coccothraustes","0","0","1","0"
"0.36","136","Vanellus vanellus","0","0","1","0"
"0.36","136","Phasianus colchicus","0","0","1","0"
"0.36","136","Saxicola rubetra","0","0","1","0"
"0.36","136","Loxia curvirostra","0","0","1","0"
"0.36","136","Phoenicopterus roseus","0","0","1","0"
"0.36","136","Tringa ochropus","0","0","1","0"
"0.36","136","Mareca strepera","0","0","1","0"
"0.36","136","Emberiza schoeniclus","0","0","1","0"
"0.36","136","Cygnus olor","0","0","1","0"
"0.36","136","Plegadis falcinellus","0","0","1","0"
"0.36","136","Ardea alba","0","0","1","0"
"0.36","136","Tringa totanus","0","0","1","0"
"0.36","136","Columba oenas","0","0","1","0"
"0.36","136","Ichthyaetus melanocephalus","0","0","1","0"
"0.36","136","Strix aluco","0","0","1","0"
"0.36","136","Coracias garrulus","0","0","1","0"
"0.36","136","Regulus regulus","0","0","1","0"
"0.36","136","Passer hispaniolensis","0","0","1","0"
"0.36","136","Cecropis daurica","0","0","1","0"
"0.36","136","Falco naumanni","0","0","1","0"
"0.36","136","Athene noctua","0","0","1","0"
"0.36","136","Rallus aquaticus","0","0","1","0"
"0.36","136","Psittacula krameri","0","0","1","0"
"0.36","136","Platalea leucorodia","0","0","1","0"
"0.36","136","Lanius meridionalis","0","0","1","0"
"0.36","136","Chlidonias niger","0","0","1","0"
"0.36","136","Phylloscopus ibericus","0","0","1","0"
"0.36","136","Otus scops","0","0","1","0"
"0.36","136","Jynx torquilla","0","0","1","0"
"0.36","137","Turdus merula","0","0","0","1"
"0.36","137","Apus apus","0","0","1","0"
"0.36","137","Fringilla coelebs","0","0","0","1"
"0.36","137","Columba palumbus","0","0","1","0"
"0.36","137","Hirundo rustica","0","0","1","0"
"0.36","137","Passer domesticus","0","0","1","0"
"0.36","137","Sylvia atricapilla","0","0","1","0"
"0.36","137","Corvus corone","0","0","1","0"
"0.36","137","Pica pica","0","0","1","0"
"0.36","137","Carduelis carduelis","0","0","1","0"
"0.36","137","Serinus serinus","0","0","1","0"
"0.36","137","Streptopelia decaocto","0","0","1","0"
"0.36","137","Parus major","0","0","0","1"
"0.36","137","Milvus migrans","0","0","1","0"
"0.36","137","Delichon urbicum","0","0","1","0"
"0.36","137","Phoenicurus ochruros","0","0","1","0"
"0.36","137","Erithacus rubecula","0","0","0","1"
"0.36","137","Gyps fulvus","0","0","1","0"
"0.36","137","Motacilla alba","0","0","1","0"
"0.36","137","Garrulus glandarius","0","0","1","0"
"0.36","137","Cyanistes caeruleus","0","0","1","0"
"0.36","137","Chloris chloris","0","0","1","0"
"0.36","137","Emberiza cirlus","0","0","1","0"
"0.36","137","Troglodytes troglodytes","0","0","1","0"
"0.36","137","Luscinia megarhynchos","0","0","1","0"
"0.36","137","Oriolus oriolus","1","0","0","0"
"0.36","137","Columba livia","0","0","1","0"
"0.36","137","Falco tinnunculus","0","0","1","0"
"0.36","137","Cuculus canorus","1","0","0","0"
"0.36","137","Buteo buteo","0","0","1","0"
"0.36","137","Sturnus vulgaris","0","0","1","0"
"0.36","137","Phylloscopus bonelli","0","0","1","0"
"0.36","137","Linaria cannabina","0","0","1","0"
"0.36","137","Periparus ater","0","0","1","0"
"0.36","137","Hippolais polyglotta","0","0","1","0"
"0.36","137","Merops apiaster","0","0","1","0"
"0.36","137","Larus michahellis","0","0","1","0"
"0.36","137","Anas platyrhynchos","0","0","1","0"
"0.36","137","Ptyonoprogne rupestris","0","0","1","0"
"0.36","137","Certhia brachydactyla","1","0","0","0"
"0.36","137","Saxicola rubicola","0","0","1","0"
"0.36","137","Ardea cinerea","0","0","1","0"
"0.36","137","Dendrocopos major","0","0","0","1"
"0.36","137","Streptopelia turtur","0","0","1","0"
"0.36","137","Upupa epops","0","0","1","0"
"0.36","137","Picus viridis","1","0","0","0"
"0.36","137","Emberiza calandra","0","0","1","0"
"0.36","137","Regulus ignicapilla","1","0","0","0"
"0.36","137","Corvus corax","0","0","1","0"
"0.36","137","Aegithalos caudatus","0","0","1","0"
"0.36","137","Turdus viscivorus","0","0","1","0"
"0.36","137","Alauda arvensis","0","0","1","0"
"0.36","137","Turdus philomelos","0","0","1","0"
"0.36","137","Sitta europaea","0","0","1","0"
"0.36","137","Lullula arborea","0","0","0","1"
"0.36","137","Pyrrhocorax pyrrhocorax","0","0","1","0"
"0.36","137","Galerida cristata","0","0","1","0"
"0.36","137","Petronia petronia","0","0","1","0"
"0.36","137","Cettia cetti","0","0","1","0"
"0.36","137","Lophophanes cristatus","0","0","1","0"
"0.36","137","Phylloscopus collybita","1","0","0","0"
"0.36","137","Curruca melanocephala","0","0","1","0"
"0.36","137","Fulica atra","0","0","1","0"
"0.36","137","Egretta garzetta","0","0","1","0"
"0.36","137","Cisticola juncidis","0","0","1","0"
"0.36","137","Lanius collurio","0","0","1","0"
"0.36","137","Circaetus gallicus","0","0","1","0"
"0.36","137","Curruca communis","0","0","1","0"
"0.36","137","Carduelis citrinella","0","0","1","0"
"0.36","137","Phalacrocorax carbo","0","0","1","0"
"0.36","137","Gallinula chloropus","0","0","1","0"
"0.36","137","Hieraaetus pennatus","0","0","1","0"
"0.36","137","Milvus milvus","0","0","1","0"
"0.36","137","Oenanthe oenanthe","0","0","1","0"
"0.36","137","Picus sharpei","0","0","1","0"
"0.36","137","Phoenicurus phoenicurus","0","0","1","0"
"0.36","137","Ciconia ciconia","0","0","1","0"
"0.36","137","Chroicocephalus ridibundus","0","0","1","0"
"0.36","137","Corvus monedula","0","0","1","0"
"0.36","137","Motacilla cinerea","0","0","1","0"
"0.36","137","Lanius senator","0","0","1","0"
"0.36","137","Himantopus himantopus","0","0","1","0"
"0.36","137","Acrocephalus scirpaceus","0","0","1","0"
"0.36","137","Alectoris rufa","0","0","1","0"
"0.36","137","Emberiza cia","0","0","1","0"
"0.36","137","Curruca iberiae","0","0","1","0"
"0.36","137","Bubulcus ibis","0","0","1","0"
"0.36","137","Sturnus unicolor","0","0","1","0"
"0.36","137","Coturnix coturnix","0","0","1","0"
"0.36","137","Prunella modularis","0","0","1","0"
"0.36","137","Circus aeruginosus","0","0","1","0"
"0.36","137","Emberiza citrinella","0","0","1","0"
"0.36","137","Motacilla flava","0","0","1","0"
"0.36","137","Muscicapa striata","0","0","1","0"
"0.36","137","Pernis apivorus","0","0","1","0"
"0.36","137","Acrocephalus arundinaceus","0","0","1","0"
"0.36","137","Sterna hirundo","0","0","1","0"
"0.36","137","Passer montanus","0","0","1","0"
"0.36","137","Podiceps cristatus","0","0","1","0"
"0.36","137","Anthus trivialis","0","0","1","0"
"0.36","137","Ardea purpurea","0","0","1","0"
"0.36","137","Sylvia borin","0","0","1","0"
"0.36","137","Tachybaptus ruficollis","0","0","1","0"
"0.36","137","Charadrius dubius","0","0","1","0"
"0.36","137","Falco subbuteo","0","0","1","0"
"0.36","137","Curruca undata","0","0","1","0"
"0.36","137","Apus melba","0","0","1","0"
"0.36","137","Recurvirostra avosetta","0","0","1","0"
"0.36","137","Pyrrhula pyrrhula","0","0","1","0"
"0.36","137","Tadorna tadorna","0","0","1","0"
"0.36","137","Anthus campestris","0","0","1","0"
"0.36","137","Riparia riparia","0","0","1","0"
"0.36","137","Netta rufina","0","0","1","0"
"0.36","137","Circus pygargus","0","0","1","0"
"0.36","137","Galerida theklae","0","0","1","0"
"0.36","137","Cinclus cinclus","0","0","1","0"
"0.36","137","Aquila chrysaetos","0","0","1","0"
"0.36","137","Poecile palustris","0","0","1","0"
"0.36","137","Actitis hypoleucos","0","0","1","0"
"0.36","137","Aythya ferina","0","0","1","0"
"0.36","137","Alcedo atthis","0","0","1","0"
"0.36","137","Pyrrhocorax graculus","0","0","1","0"
"0.36","137","Burhinus oedicnemus","0","0","1","0"
"0.36","137","Sternula albifrons","0","0","1","0"
"0.36","137","Accipiter nisus","0","0","1","0"
"0.36","137","Melanocorypha calandra","0","0","1","0"
"0.36","137","Anthus spinoletta","0","0","1","0"
"0.36","137","Nycticorax nycticorax","0","0","1","0"
"0.36","137","Coccothraustes coccothraustes","0","0","1","0"
"0.36","137","Vanellus vanellus","0","0","1","0"
"0.36","137","Phasianus colchicus","0","0","1","0"
"0.36","137","Saxicola rubetra","0","0","1","0"
"0.36","137","Loxia curvirostra","0","0","1","0"
"0.36","137","Phoenicopterus roseus","0","0","1","0"
"0.36","137","Tringa ochropus","0","0","1","0"
"0.36","137","Mareca strepera","0","0","1","0"
"0.36","137","Emberiza schoeniclus","0","0","1","0"
"0.36","137","Cygnus olor","0","0","1","0"
"0.36","137","Plegadis falcinellus","0","0","1","0"
"0.36","137","Ardea alba","0","0","1","0"
"0.36","137","Tringa totanus","0","0","1","0"
"0.36","137","Columba oenas","0","0","0","1"
"0.36","137","Ichthyaetus melanocephalus","0","0","1","0"
"0.36","137","Strix aluco","0","0","1","0"
"0.36","137","Coracias garrulus","0","0","1","0"
"0.36","137","Regulus regulus","0","0","1","0"
"0.36","137","Passer hispaniolensis","0","0","1","0"
"0.36","137","Cecropis daurica","0","0","1","0"
"0.36","137","Falco naumanni","0","0","1","0"
"0.36","137","Athene noctua","0","0","1","0"
"0.36","137","Rallus aquaticus","0","0","1","0"
"0.36","137","Psittacula krameri","0","0","1","0"
"0.36","137","Platalea leucorodia","0","0","1","0"
"0.36","137","Lanius meridionalis","0","0","1","0"
"0.36","137","Chlidonias niger","0","0","1","0"
"0.36","137","Phylloscopus ibericus","0","0","1","0"
"0.36","137","Otus scops","0","0","1","0"
"0.36","137","Jynx torquilla","0","0","1","0"
"0.36","138","Turdus merula","0","0","0","1"
"0.36","138","Apus apus","0","0","1","0"
"0.36","138","Fringilla coelebs","0","0","0","1"
"0.36","138","Columba palumbus","0","0","1","0"
"0.36","138","Hirundo rustica","0","0","1","0"
"0.36","138","Passer domesticus","0","0","1","0"
"0.36","138","Sylvia atricapilla","0","0","0","1"
"0.36","138","Corvus corone","0","0","1","0"
"0.36","138","Pica pica","0","0","1","0"
"0.36","138","Carduelis carduelis","0","0","1","0"
"0.36","138","Serinus serinus","0","0","1","0"
"0.36","138","Streptopelia decaocto","0","0","1","0"
"0.36","138","Parus major","0","0","1","0"
"0.36","138","Milvus migrans","0","0","1","0"
"0.36","138","Delichon urbicum","0","0","1","0"
"0.36","138","Phoenicurus ochruros","0","0","1","0"
"0.36","138","Erithacus rubecula","0","0","0","1"
"0.36","138","Gyps fulvus","0","0","1","0"
"0.36","138","Motacilla alba","0","0","1","0"
"0.36","138","Garrulus glandarius","0","0","1","0"
"0.36","138","Cyanistes caeruleus","0","0","1","0"
"0.36","138","Chloris chloris","0","0","1","0"
"0.36","138","Emberiza cirlus","0","0","1","0"
"0.36","138","Troglodytes troglodytes","0","0","0","1"
"0.36","138","Luscinia megarhynchos","0","0","1","0"
"0.36","138","Oriolus oriolus","0","0","1","0"
"0.36","138","Columba livia","0","0","1","0"
"0.36","138","Falco tinnunculus","0","0","1","0"
"0.36","138","Cuculus canorus","0","0","0","1"
"0.36","138","Buteo buteo","0","0","1","0"
"0.36","138","Sturnus vulgaris","0","0","1","0"
"0.36","138","Phylloscopus bonelli","0","0","1","0"
"0.36","138","Linaria cannabina","0","0","1","0"
"0.36","138","Periparus ater","0","0","1","0"
"0.36","138","Hippolais polyglotta","0","0","1","0"
"0.36","138","Merops apiaster","0","0","1","0"
"0.36","138","Larus michahellis","0","0","1","0"
"0.36","138","Anas platyrhynchos","0","0","1","0"
"0.36","138","Ptyonoprogne rupestris","0","0","1","0"
"0.36","138","Certhia brachydactyla","0","0","0","1"
"0.36","138","Saxicola rubicola","0","0","1","0"
"0.36","138","Ardea cinerea","0","0","1","0"
"0.36","138","Dendrocopos major","0","0","1","0"
"0.36","138","Streptopelia turtur","0","0","1","0"
"0.36","138","Upupa epops","0","0","1","0"
"0.36","138","Picus viridis","0","0","1","0"
"0.36","138","Emberiza calandra","0","0","1","0"
"0.36","138","Regulus ignicapilla","1","0","0","0"
"0.36","138","Corvus corax","0","0","1","0"
"0.36","138","Aegithalos caudatus","0","0","1","0"
"0.36","138","Turdus viscivorus","0","0","1","0"
"0.36","138","Alauda arvensis","0","0","1","0"
"0.36","138","Turdus philomelos","0","0","1","0"
"0.36","138","Sitta europaea","0","0","1","0"
"0.36","138","Lullula arborea","0","0","1","0"
"0.36","138","Pyrrhocorax pyrrhocorax","0","0","1","0"
"0.36","138","Galerida cristata","0","0","1","0"
"0.36","138","Petronia petronia","0","0","1","0"
"0.36","138","Cettia cetti","0","0","1","0"
"0.36","138","Lophophanes cristatus","0","0","1","0"
"0.36","138","Phylloscopus collybita","1","0","0","0"
"0.36","138","Curruca melanocephala","0","0","1","0"
"0.36","138","Fulica atra","0","0","1","0"
"0.36","138","Egretta garzetta","0","0","1","0"
"0.36","138","Cisticola juncidis","0","0","1","0"
"0.36","138","Lanius collurio","0","0","1","0"
"0.36","138","Circaetus gallicus","0","0","1","0"
"0.36","138","Curruca communis","0","0","1","0"
"0.36","138","Carduelis citrinella","0","0","1","0"
"0.36","138","Phalacrocorax carbo","0","0","1","0"
"0.36","138","Gallinula chloropus","0","0","1","0"
"0.36","138","Hieraaetus pennatus","0","0","1","0"
"0.36","138","Milvus milvus","0","0","1","0"
"0.36","138","Oenanthe oenanthe","0","0","1","0"
"0.36","138","Picus sharpei","0","0","1","0"
"0.36","138","Phoenicurus phoenicurus","0","0","1","0"
"0.36","138","Ciconia ciconia","0","0","1","0"
"0.36","138","Chroicocephalus ridibundus","0","0","1","0"
"0.36","138","Corvus monedula","0","0","1","0"
"0.36","138","Motacilla cinerea","0","0","1","0"
"0.36","138","Lanius senator","0","0","1","0"
"0.36","138","Himantopus himantopus","0","0","1","0"
"0.36","138","Acrocephalus scirpaceus","0","0","1","0"
"0.36","138","Alectoris rufa","0","0","1","0"
"0.36","138","Emberiza cia","0","0","1","0"
"0.36","138","Curruca iberiae","0","0","1","0"
"0.36","138","Bubulcus ibis","0","0","1","0"
"0.36","138","Sturnus unicolor","0","0","1","0"
"0.36","138","Coturnix coturnix","0","0","1","0"
"0.36","138","Prunella modularis","0","0","1","0"
"0.36","138","Circus aeruginosus","0","0","1","0"
"0.36","138","Emberiza citrinella","0","0","1","0"
"0.36","138","Motacilla flava","0","0","1","0"
"0.36","138","Muscicapa striata","0","0","1","0"
"0.36","138","Pernis apivorus","0","0","1","0"
"0.36","138","Acrocephalus arundinaceus","0","0","1","0"
"0.36","138","Sterna hirundo","0","0","1","0"
"0.36","138","Passer montanus","0","0","1","0"
"0.36","138","Podiceps cristatus","0","0","1","0"
"0.36","138","Anthus trivialis","0","0","1","0"
"0.36","138","Ardea purpurea","0","0","1","0"
"0.36","138","Sylvia borin","0","0","1","0"
"0.36","138","Tachybaptus ruficollis","0","0","1","0"
"0.36","138","Charadrius dubius","0","0","1","0"
"0.36","138","Falco subbuteo","0","0","1","0"
"0.36","138","Curruca undata","0","0","1","0"
"0.36","138","Apus melba","0","0","1","0"
"0.36","138","Recurvirostra avosetta","0","0","1","0"
"0.36","138","Pyrrhula pyrrhula","0","0","1","0"
"0.36","138","Tadorna tadorna","0","0","1","0"
"0.36","138","Anthus campestris","0","0","1","0"
"0.36","138","Riparia riparia","0","0","1","0"
"0.36","138","Netta rufina","0","0","1","0"
"0.36","138","Circus pygargus","0","0","1","0"
"0.36","138","Galerida theklae","0","0","1","0"
"0.36","138","Cinclus cinclus","0","0","1","0"
"0.36","138","Aquila chrysaetos","0","0","1","0"
"0.36","138","Poecile palustris","0","0","1","0"
"0.36","138","Actitis hypoleucos","0","0","1","0"
"0.36","138","Aythya ferina","0","0","1","0"
"0.36","138","Alcedo atthis","0","0","1","0"
"0.36","138","Pyrrhocorax graculus","0","0","1","0"
"0.36","138","Burhinus oedicnemus","0","0","1","0"
"0.36","138","Sternula albifrons","0","0","1","0"
"0.36","138","Accipiter nisus","0","0","1","0"
"0.36","138","Melanocorypha calandra","0","0","1","0"
"0.36","138","Anthus spinoletta","0","0","1","0"
"0.36","138","Nycticorax nycticorax","0","0","1","0"
"0.36","138","Coccothraustes coccothraustes","0","0","1","0"
"0.36","138","Vanellus vanellus","0","0","1","0"
"0.36","138","Phasianus colchicus","0","0","1","0"
"0.36","138","Saxicola rubetra","0","0","1","0"
"0.36","138","Loxia curvirostra","0","0","1","0"
"0.36","138","Phoenicopterus roseus","0","0","1","0"
"0.36","138","Tringa ochropus","0","0","1","0"
"0.36","138","Mareca strepera","0","0","1","0"
"0.36","138","Emberiza schoeniclus","0","0","1","0"
"0.36","138","Cygnus olor","0","0","1","0"
"0.36","138","Plegadis falcinellus","0","0","1","0"
"0.36","138","Ardea alba","0","0","1","0"
"0.36","138","Tringa totanus","0","0","1","0"
"0.36","138","Columba oenas","0","0","1","0"
"0.36","138","Ichthyaetus melanocephalus","0","0","1","0"
"0.36","138","Strix aluco","0","0","1","0"
"0.36","138","Coracias garrulus","0","0","1","0"
"0.36","138","Regulus regulus","0","0","1","0"
"0.36","138","Passer hispaniolensis","0","0","1","0"
"0.36","138","Cecropis daurica","0","0","1","0"
"0.36","138","Falco naumanni","0","0","1","0"
"0.36","138","Athene noctua","0","0","1","0"
"0.36","138","Rallus aquaticus","0","0","1","0"
"0.36","138","Psittacula krameri","0","0","1","0"
"0.36","138","Platalea leucorodia","0","0","1","0"
"0.36","138","Lanius meridionalis","0","0","1","0"
"0.36","138","Chlidonias niger","0","0","1","0"
"0.36","138","Phylloscopus ibericus","0","0","1","0"
"0.36","138","Otus scops","0","0","1","0"
"0.36","138","Jynx torquilla","0","0","1","0"
"0.36","139","Turdus merula","0","0","0","1"
"0.36","139","Apus apus","0","0","1","0"
"0.36","139","Fringilla coelebs","0","0","1","0"
"0.36","139","Hirundo rustica","0","0","1","0"
"0.36","139","Columba palumbus","0","0","1","0"
"0.36","139","Sylvia atricapilla","1","0","0","0"
"0.36","139","Passer domesticus","0","0","1","0"
"0.36","139","Corvus corone","0","0","1","0"
"0.36","139","Pica pica","0","0","1","0"
"0.36","139","Carduelis carduelis","0","0","1","0"
"0.36","139","Parus major","0","0","1","0"
"0.36","139","Serinus serinus","0","0","1","0"
"0.36","139","Milvus migrans","0","0","1","0"
"0.36","139","Streptopelia decaocto","0","0","1","0"
"0.36","139","Phoenicurus ochruros","0","0","1","0"
"0.36","139","Erithacus rubecula","0","0","1","0"
"0.36","139","Delichon urbicum","0","0","1","0"
"0.36","139","Luscinia megarhynchos","0","0","1","0"
"0.36","139","Gyps fulvus","0","0","1","0"
"0.36","139","Cyanistes caeruleus","0","0","1","0"
"0.36","139","Cuculus canorus","0","0","1","0"
"0.36","139","Garrulus glandarius","0","0","1","0"
"0.36","139","Motacilla alba","0","0","1","0"
"0.36","139","Chloris chloris","0","0","1","0"
"0.36","139","Troglodytes troglodytes","0","0","1","0"
"0.36","139","Emberiza cirlus","0","0","1","0"
"0.36","139","Falco tinnunculus","0","0","1","0"
"0.36","139","Columba livia","0","0","1","0"
"0.36","139","Oriolus oriolus","0","0","1","0"
"0.36","139","Buteo buteo","0","0","1","0"
"0.36","139","Sturnus vulgaris","0","0","1","0"
"0.36","139","Phylloscopus bonelli","0","0","1","0"
"0.36","139","Anas platyrhynchos","0","0","1","0"
"0.36","139","Linaria cannabina","0","0","1","0"
"0.36","139","Periparus ater","0","0","1","0"
"0.36","139","Merops apiaster","0","0","1","0"
"0.36","139","Larus michahellis","0","0","1","0"
"0.36","139","Hippolais polyglotta","0","0","1","0"
"0.36","139","Saxicola rubicola","0","0","1","0"
"0.36","139","Certhia brachydactyla","0","0","1","0"
"0.36","139","Upupa epops","0","0","1","0"
"0.36","139","Ardea cinerea","0","0","1","0"
"0.36","139","Ptyonoprogne rupestris","0","0","1","0"
"0.36","139","Dendrocopos major","0","0","1","0"
"0.36","139","Emberiza calandra","0","0","0","1"
"0.36","139","Streptopelia turtur","0","0","1","0"
"0.36","139","Corvus corax","0","0","1","0"
"0.36","139","Regulus ignicapilla","0","0","1","0"
"0.36","139","Picus viridis","0","0","1","0"
"0.36","139","Aegithalos caudatus","0","0","1","0"
"0.36","139","Cettia cetti","0","0","1","0"
"0.36","139","Pyrrhocorax pyrrhocorax","0","0","1","0"
"0.36","139","Turdus viscivorus","0","0","1","0"
"0.36","139","Lullula arborea","0","0","1","0"
"0.36","139","Sitta europaea","0","0","1","0"
"0.36","139","Galerida cristata","0","0","1","0"
"0.36","139","Turdus philomelos","0","0","1","0"
"0.36","139","Alauda arvensis","0","0","1","0"
"0.36","139","Petronia petronia","0","0","1","0"
"0.36","139","Phylloscopus collybita","0","0","1","0"
"0.36","139","Curruca melanocephala","0","0","1","0"
"0.36","139","Egretta garzetta","0","0","1","0"
"0.36","139","Lophophanes cristatus","0","0","1","0"
"0.36","139","Fulica atra","0","0","1","0"
"0.36","139","Phalacrocorax carbo","0","0","1","0"
"0.36","139","Curruca communis","0","0","1","0"
"0.36","139","Cisticola juncidis","0","0","1","0"
"0.36","139","Milvus milvus","0","0","1","0"
"0.36","139","Gallinula chloropus","0","0","1","0"
"0.36","139","Picus sharpei","0","0","1","0"
"0.36","139","Circaetus gallicus","0","0","1","0"
"0.36","139","Oenanthe oenanthe","0","0","1","0"
"0.36","139","Phoenicurus phoenicurus","0","0","1","0"
"0.36","139","Ciconia ciconia","0","0","1","0"
"0.36","139","Hieraaetus pennatus","0","0","1","0"
"0.36","139","Carduelis citrinella","0","0","1","0"
"0.36","139","Corvus monedula","0","0","1","0"
"0.36","139","Lanius collurio","0","0","1","0"
"0.36","139","Motacilla flava","0","0","1","0"
"0.36","139","Sturnus unicolor","0","0","1","0"
"0.36","139","Circus aeruginosus","0","0","1","0"
"0.36","139","Himantopus himantopus","0","0","1","0"
"0.36","139","Motacilla cinerea","0","0","1","0"
"0.36","139","Curruca iberiae","0","0","1","0"
"0.36","139","Lanius senator","0","0","1","0"
"0.36","139","Prunella modularis","0","0","1","0"
"0.36","139","Chroicocephalus ridibundus","0","0","1","0"
"0.36","139","Alectoris rufa","0","0","1","0"
"0.36","139","Emberiza cia","0","0","1","0"
"0.36","139","Acrocephalus scirpaceus","0","0","1","0"
"0.36","139","Bubulcus ibis","0","0","1","0"
"0.36","139","Acrocephalus arundinaceus","0","0","1","0"
"0.36","139","Muscicapa striata","0","0","1","0"
"0.36","139","Anthus trivialis","0","0","1","0"
"0.36","139","Podiceps cristatus","0","0","1","0"
"0.36","139","Emberiza citrinella","0","0","1","0"
"0.36","139","Coturnix coturnix","0","0","1","0"
"0.36","139","Pernis apivorus","0","0","1","0"
"0.36","139","Passer montanus","0","0","1","0"
"0.36","139","Sterna hirundo","0","0","1","0"
"0.36","139","Ardea purpurea","0","0","1","0"
"0.36","139","Charadrius dubius","0","0","1","0"
"0.36","139","Tachybaptus ruficollis","0","0","1","0"
"0.36","139","Sylvia borin","0","0","1","0"
"0.36","139","Tadorna tadorna","0","0","1","0"
"0.36","139","Curruca undata","0","0","1","0"
"0.36","139","Apus melba","0","0","1","0"
"0.36","139","Falco subbuteo","0","0","1","0"
"0.36","139","Riparia riparia","0","0","1","0"
"0.36","139","Pyrrhula pyrrhula","0","0","1","0"
"0.36","139","Actitis hypoleucos","0","0","1","0"
"0.36","139","Recurvirostra avosetta","0","0","1","0"
"0.36","139","Netta rufina","0","0","1","0"
"0.36","139","Circus pygargus","0","0","1","0"
"0.36","139","Anthus campestris","0","0","1","0"
"0.36","139","Poecile palustris","0","0","1","0"
"0.36","139","Galerida theklae","0","0","1","0"
"0.36","139","Saxicola rubetra","0","0","1","0"
"0.36","139","Pyrrhocorax graculus","0","0","1","0"
"0.36","139","Cinclus cinclus","0","0","1","0"
"0.36","139","Aquila chrysaetos","0","0","1","0"
"0.36","139","Accipiter nisus","0","0","1","0"
"0.36","139","Melanocorypha calandra","0","0","1","0"
"0.36","139","Aythya ferina","0","0","1","0"
"0.36","139","Alcedo atthis","0","0","1","0"
"0.36","139","Mareca strepera","0","0","1","0"
"0.36","139","Phasianus colchicus","0","0","1","0"
"0.36","139","Nycticorax nycticorax","0","0","1","0"
"0.36","139","Plegadis falcinellus","0","0","1","0"
"0.36","139","Sternula albifrons","0","0","1","0"
"0.36","139","Ardea alba","0","0","1","0"
"0.36","139","Burhinus oedicnemus","0","0","1","0"
"0.36","139","Coccothraustes coccothraustes","0","0","1","0"
"0.36","139","Vanellus vanellus","0","0","1","0"
"0.36","139","Anthus spinoletta","0","0","1","0"
"0.36","139","Tringa ochropus","0","0","1","0"
"0.36","139","Phoenicopterus roseus","0","0","1","0"
"0.36","139","Tringa totanus","0","0","1","0"
"0.36","139","Loxia curvirostra","0","0","1","0"
"0.36","139","Cygnus olor","0","0","1","0"
"0.36","139","Emberiza schoeniclus","0","0","1","0"
"0.36","139","Regulus regulus","0","0","1","0"
"0.36","139","Passer hispaniolensis","0","0","1","0"
"0.36","139","Psittacula krameri","0","0","1","0"
"0.36","139","Ichthyaetus melanocephalus","0","0","1","0"
"0.36","139","Cecropis daurica","0","0","1","0"
"0.36","139","Aegypius monachus","0","0","1","0"
"0.36","139","Falco naumanni","0","0","1","0"
"0.36","139","Columba oenas","0","0","1","0"
"0.36","139","Spatula clypeata","0","0","1","0"
"0.36","139","Strix aluco","0","0","1","0"
"0.36","139","Phylloscopus ibericus","0","0","1","0"
"0.36","139","Rallus aquaticus","0","0","1","0"
"0.36","139","Podiceps nigricollis","0","0","1","0"
"0.36","139","Jynx torquilla","0","0","1","0"
"0.36","139","Phylloscopus trochilus","0","0","1","0"
"0.36","139","Athene noctua","0","0","1","0"
"0.36","139","Tringa glareola","0","0","1","0"
"0.36","139","Chlidonias hybrida","0","0","1","0"
"0.36","139","Monticola solitarius","0","0","1","0"
"0.36","139","Ficedula hypoleuca","0","0","1","0"
"0.36","139","Coracias garrulus","0","0","1","0"
"0.36","139","Chlidonias niger","0","0","1","0"
"0.36","139","Platalea leucorodia","0","0","1","0"
"0.36","139","Thalasseus sandvicensis","0","0","1","0"
"0.36","139","Morus bassanus","0","0","1","0"
"0.36","139","Oenanthe hispanica","0","0","1","0"
"0.36","139","Ardeola ralloides","0","0","1","0"
"0.36","139","Otus scops","0","0","1","0"
"0.36","140","Turdus merula","0","0","1","0"
"0.36","140","Apus apus","0","0","1","0"
"0.36","140","Fringilla coelebs","0","0","1","0"
"0.36","140","Hirundo rustica","0","0","1","0"
"0.36","140","Columba palumbus","0","0","1","0"
"0.36","140","Sylvia atricapilla","0","0","1","0"
"0.36","140","Passer domesticus","0","0","1","0"
"0.36","140","Corvus corone","0","0","1","0"
"0.36","140","Pica pica","0","0","1","0"
"0.36","140","Carduelis carduelis","0","0","1","0"
"0.36","140","Parus major","0","0","1","0"
"0.36","140","Serinus serinus","0","0","1","0"
"0.36","140","Milvus migrans","0","0","1","0"
"0.36","140","Streptopelia decaocto","0","0","1","0"
"0.36","140","Phoenicurus ochruros","0","0","1","0"
"0.36","140","Erithacus rubecula","0","0","1","0"
"0.36","140","Delichon urbicum","0","0","1","0"
"0.36","140","Luscinia megarhynchos","1","0","0","0"
"0.36","140","Gyps fulvus","0","0","1","0"
"0.36","140","Cyanistes caeruleus","0","0","1","0"
"0.36","140","Cuculus canorus","0","0","1","0"
"0.36","140","Garrulus glandarius","0","0","1","0"
"0.36","140","Motacilla alba","0","0","1","0"
"0.36","140","Chloris chloris","0","0","1","0"
"0.36","140","Troglodytes troglodytes","0","0","1","0"
"0.36","140","Emberiza cirlus","0","0","1","0"
"0.36","140","Falco tinnunculus","0","0","1","0"
"0.36","140","Columba livia","0","0","1","0"
"0.36","140","Oriolus oriolus","0","0","1","0"
"0.36","140","Buteo buteo","0","0","1","0"
"0.36","140","Sturnus vulgaris","0","0","1","0"
"0.36","140","Phylloscopus bonelli","0","0","1","0"
"0.36","140","Anas platyrhynchos","0","0","1","0"
"0.36","140","Linaria cannabina","0","0","1","0"
"0.36","140","Periparus ater","0","0","1","0"
"0.36","140","Merops apiaster","0","0","1","0"
"0.36","140","Larus michahellis","0","0","1","0"
"0.36","140","Hippolais polyglotta","0","0","1","0"
"0.36","140","Saxicola rubicola","0","0","1","0"
"0.36","140","Certhia brachydactyla","0","0","1","0"
"0.36","140","Upupa epops","0","0","1","0"
"0.36","140","Ardea cinerea","0","0","1","0"
"0.36","140","Ptyonoprogne rupestris","0","0","1","0"
"0.36","140","Dendrocopos major","0","0","1","0"
"0.36","140","Emberiza calandra","0","0","1","0"
"0.36","140","Streptopelia turtur","0","0","1","0"
"0.36","140","Corvus corax","0","0","1","0"
"0.36","140","Regulus ignicapilla","0","0","1","0"
"0.36","140","Picus viridis","0","0","1","0"
"0.36","140","Aegithalos caudatus","0","0","1","0"
"0.36","140","Cettia cetti","0","0","1","0"
"0.36","140","Pyrrhocorax pyrrhocorax","0","0","1","0"
"0.36","140","Turdus viscivorus","0","0","1","0"
"0.36","140","Lullula arborea","0","0","1","0"
"0.36","140","Sitta europaea","0","0","1","0"
"0.36","140","Galerida cristata","0","0","1","0"
"0.36","140","Turdus philomelos","0","0","1","0"
"0.36","140","Alauda arvensis","0","0","1","0"
"0.36","140","Petronia petronia","0","0","1","0"
"0.36","140","Phylloscopus collybita","0","0","1","0"
"0.36","140","Curruca melanocephala","0","0","1","0"
"0.36","140","Egretta garzetta","0","0","1","0"
"0.36","140","Lophophanes cristatus","0","0","1","0"
"0.36","140","Fulica atra","0","0","1","0"
"0.36","140","Phalacrocorax carbo","0","0","1","0"
"0.36","140","Curruca communis","0","0","1","0"
"0.36","140","Cisticola juncidis","0","0","1","0"
"0.36","140","Milvus milvus","0","0","1","0"
"0.36","140","Gallinula chloropus","0","0","1","0"
"0.36","140","Picus sharpei","0","0","1","0"
"0.36","140","Circaetus gallicus","0","0","1","0"
"0.36","140","Oenanthe oenanthe","0","0","1","0"
"0.36","140","Phoenicurus phoenicurus","0","0","1","0"
"0.36","140","Ciconia ciconia","0","0","1","0"
"0.36","140","Hieraaetus pennatus","0","0","1","0"
"0.36","140","Carduelis citrinella","0","0","1","0"
"0.36","140","Corvus monedula","0","0","1","0"
"0.36","140","Lanius collurio","0","0","1","0"
"0.36","140","Motacilla flava","0","0","1","0"
"0.36","140","Sturnus unicolor","0","0","1","0"
"0.36","140","Circus aeruginosus","0","0","1","0"
"0.36","140","Himantopus himantopus","0","0","1","0"
"0.36","140","Motacilla cinerea","0","0","1","0"
"0.36","140","Curruca iberiae","0","0","1","0"
"0.36","140","Lanius senator","0","0","1","0"
"0.36","140","Prunella modularis","0","0","1","0"
"0.36","140","Chroicocephalus ridibundus","0","0","1","0"
"0.36","140","Alectoris rufa","0","0","1","0"
"0.36","140","Emberiza cia","0","0","1","0"
"0.36","140","Acrocephalus scirpaceus","0","0","1","0"
"0.36","140","Bubulcus ibis","0","0","1","0"
"0.36","140","Acrocephalus arundinaceus","0","0","1","0"
"0.36","140","Muscicapa striata","0","0","1","0"
"0.36","140","Anthus trivialis","0","0","1","0"
"0.36","140","Podiceps cristatus","0","0","1","0"
"0.36","140","Emberiza citrinella","0","0","1","0"
"0.36","140","Coturnix coturnix","0","0","1","0"
"0.36","140","Pernis apivorus","0","0","1","0"
"0.36","140","Passer montanus","0","0","1","0"
"0.36","140","Sterna hirundo","0","0","1","0"
"0.36","140","Ardea purpurea","0","0","1","0"
"0.36","140","Charadrius dubius","0","0","1","0"
"0.36","140","Tachybaptus ruficollis","0","0","1","0"
"0.36","140","Sylvia borin","0","0","1","0"
"0.36","140","Tadorna tadorna","0","0","1","0"
"0.36","140","Curruca undata","0","0","1","0"
"0.36","140","Apus melba","0","0","1","0"
"0.36","140","Falco subbuteo","0","0","1","0"
"0.36","140","Riparia riparia","0","0","1","0"
"0.36","140","Pyrrhula pyrrhula","0","0","1","0"
"0.36","140","Actitis hypoleucos","0","0","1","0"
"0.36","140","Recurvirostra avosetta","0","0","1","0"
"0.36","140","Netta rufina","0","0","1","0"
"0.36","140","Circus pygargus","0","0","1","0"
"0.36","140","Anthus campestris","0","0","1","0"
"0.36","140","Poecile palustris","0","0","1","0"
"0.36","140","Galerida theklae","0","0","1","0"
"0.36","140","Saxicola rubetra","0","0","1","0"
"0.36","140","Pyrrhocorax graculus","0","0","1","0"
"0.36","140","Cinclus cinclus","0","0","1","0"
"0.36","140","Aquila chrysaetos","0","0","1","0"
"0.36","140","Accipiter nisus","0","0","1","0"
"0.36","140","Melanocorypha calandra","0","0","1","0"
"0.36","140","Aythya ferina","0","0","1","0"
"0.36","140","Alcedo atthis","0","0","1","0"
"0.36","140","Mareca strepera","0","0","1","0"
"0.36","140","Phasianus colchicus","0","0","1","0"
"0.36","140","Nycticorax nycticorax","0","0","1","0"
"0.36","140","Plegadis falcinellus","0","0","1","0"
"0.36","140","Sternula albifrons","0","0","1","0"
"0.36","140","Ardea alba","0","0","1","0"
"0.36","140","Burhinus oedicnemus","0","0","1","0"
"0.36","140","Coccothraustes coccothraustes","0","0","1","0"
"0.36","140","Vanellus vanellus","0","0","1","0"
"0.36","140","Anthus spinoletta","0","0","1","0"
"0.36","140","Tringa ochropus","0","0","1","0"
"0.36","140","Phoenicopterus roseus","0","0","1","0"
"0.36","140","Tringa totanus","0","0","1","0"
"0.36","140","Loxia curvirostra","0","0","1","0"
"0.36","140","Cygnus olor","0","0","1","0"
"0.36","140","Emberiza schoeniclus","0","0","1","0"
"0.36","140","Regulus regulus","0","0","1","0"
"0.36","140","Passer hispaniolensis","0","0","1","0"
"0.36","140","Psittacula krameri","0","0","1","0"
"0.36","140","Ichthyaetus melanocephalus","0","0","1","0"
"0.36","140","Cecropis daurica","0","0","1","0"
"0.36","140","Aegypius monachus","0","0","1","0"
"0.36","140","Falco naumanni","0","0","1","0"
"0.36","140","Columba oenas","0","0","1","0"
"0.36","140","Spatula clypeata","0","0","1","0"
"0.36","140","Strix aluco","0","0","1","0"
"0.36","140","Phylloscopus ibericus","0","0","1","0"
"0.36","140","Rallus aquaticus","0","0","1","0"
"0.36","140","Podiceps nigricollis","0","0","1","0"
"0.36","140","Jynx torquilla","0","0","1","0"
"0.36","140","Phylloscopus trochilus","0","0","1","0"
"0.36","140","Athene noctua","0","0","1","0"
"0.36","140","Tringa glareola","0","0","1","0"
"0.36","140","Chlidonias hybrida","0","0","1","0"
"0.36","140","Monticola solitarius","0","0","1","0"
"0.36","140","Ficedula hypoleuca","0","0","1","0"
"0.36","140","Coracias garrulus","0","0","1","0"
"0.36","140","Chlidonias niger","0","0","1","0"
"0.36","140","Platalea leucorodia","0","0","1","0"
"0.36","140","Thalasseus sandvicensis","0","0","1","0"
"0.36","140","Morus bassanus","0","0","1","0"
"0.36","140","Oenanthe hispanica","0","0","1","0"
"0.36","140","Ardeola ralloides","0","0","1","0"
"0.36","140","Otus scops","0","0","1","0"
"0.36","141","Turdus merula","0","0","0","1"
"0.36","141","Apus apus","0","0","1","0"
"0.36","141","Fringilla coelebs","0","0","1","0"
"0.36","141","Hirundo rustica","0","0","1","0"
"0.36","141","Columba palumbus","0","0","1","0"
"0.36","141","Sylvia atricapilla","1","0","0","0"
"0.36","141","Passer domesticus","0","0","1","0"
"0.36","141","Corvus corone","0","0","0","1"
"0.36","141","Pica pica","0","0","1","0"
"0.36","141","Carduelis carduelis","0","0","1","0"
"0.36","141","Parus major","0","0","1","0"
"0.36","141","Serinus serinus","0","0","1","0"
"0.36","141","Milvus migrans","0","0","1","0"
"0.36","141","Streptopelia decaocto","0","0","0","1"
"0.36","141","Phoenicurus ochruros","0","0","1","0"
"0.36","141","Erithacus rubecula","0","1","0","0"
"0.36","141","Delichon urbicum","0","0","1","0"
"0.36","141","Luscinia megarhynchos","0","0","0","1"
"0.36","141","Gyps fulvus","0","0","1","0"
"0.36","141","Cyanistes caeruleus","0","0","1","0"
"0.36","141","Cuculus canorus","0","0","1","0"
"0.36","141","Garrulus glandarius","0","0","1","0"
"0.36","141","Motacilla alba","0","0","1","0"
"0.36","141","Chloris chloris","0","0","1","0"
"0.36","141","Troglodytes troglodytes","0","0","1","0"
"0.36","141","Emberiza cirlus","0","0","1","0"
"0.36","141","Falco tinnunculus","0","0","1","0"
"0.36","141","Columba livia","0","0","1","0"
"0.36","141","Oriolus oriolus","0","0","0","1"
"0.36","141","Buteo buteo","0","0","1","0"
"0.36","141","Sturnus vulgaris","0","0","1","0"
"0.36","141","Phylloscopus bonelli","0","0","1","0"
"0.36","141","Anas platyrhynchos","0","0","1","0"
"0.36","141","Linaria cannabina","0","0","1","0"
"0.36","141","Periparus ater","0","0","1","0"
"0.36","141","Merops apiaster","1","0","0","0"
"0.36","141","Larus michahellis","0","0","1","0"
"0.36","141","Hippolais polyglotta","0","0","1","0"
"0.36","141","Saxicola rubicola","0","0","1","0"
"0.36","141","Certhia brachydactyla","0","0","1","0"
"0.36","141","Upupa epops","0","0","1","0"
"0.36","141","Ardea cinerea","0","0","1","0"
"0.36","141","Ptyonoprogne rupestris","0","0","1","0"
"0.36","141","Dendrocopos major","0","0","1","0"
"0.36","141","Emberiza calandra","0","0","0","1"
"0.36","141","Streptopelia turtur","0","0","1","0"
"0.36","141","Corvus corax","0","0","1","0"
"0.36","141","Regulus ignicapilla","0","0","1","0"
"0.36","141","Picus viridis","0","0","1","0"
"0.36","141","Aegithalos caudatus","0","0","1","0"
"0.36","141","Cettia cetti","0","0","1","0"
"0.36","141","Pyrrhocorax pyrrhocorax","0","0","1","0"
"0.36","141","Turdus viscivorus","0","0","1","0"
"0.36","141","Lullula arborea","0","0","1","0"
"0.36","141","Sitta europaea","0","0","1","0"
"0.36","141","Galerida cristata","0","0","1","0"
"0.36","141","Turdus philomelos","0","0","1","0"
"0.36","141","Alauda arvensis","0","0","1","0"
"0.36","141","Petronia petronia","0","0","1","0"
"0.36","141","Phylloscopus collybita","0","0","1","0"
"0.36","141","Curruca melanocephala","0","0","1","0"
"0.36","141","Egretta garzetta","0","0","1","0"
"0.36","141","Lophophanes cristatus","0","0","1","0"
"0.36","141","Fulica atra","0","0","1","0"
"0.36","141","Phalacrocorax carbo","0","0","1","0"
"0.36","141","Curruca communis","0","0","0","1"
"0.36","141","Cisticola juncidis","0","0","1","0"
"0.36","141","Milvus milvus","0","0","1","0"
"0.36","141","Gallinula chloropus","0","0","1","0"
"0.36","141","Picus sharpei","0","0","1","0"
"0.36","141","Circaetus gallicus","0","0","1","0"
"0.36","141","Oenanthe oenanthe","0","0","1","0"
"0.36","141","Phoenicurus phoenicurus","0","0","1","0"
"0.36","141","Ciconia ciconia","0","0","1","0"
"0.36","141","Hieraaetus pennatus","0","0","1","0"
"0.36","141","Carduelis citrinella","0","0","1","0"
"0.36","141","Corvus monedula","0","0","1","0"
"0.36","141","Lanius collurio","0","0","1","0"
"0.36","141","Motacilla flava","0","0","1","0"
"0.36","141","Sturnus unicolor","0","0","1","0"
"0.36","141","Circus aeruginosus","0","0","1","0"
"0.36","141","Himantopus himantopus","0","0","1","0"
"0.36","141","Motacilla cinerea","0","0","1","0"
"0.36","141","Curruca iberiae","0","0","1","0"
"0.36","141","Lanius senator","0","0","1","0"
"0.36","141","Prunella modularis","0","0","1","0"
"0.36","141","Chroicocephalus ridibundus","0","0","1","0"
"0.36","141","Alectoris rufa","0","0","0","1"
"0.36","141","Emberiza cia","0","0","1","0"
"0.36","141","Acrocephalus scirpaceus","0","0","1","0"
"0.36","141","Bubulcus ibis","0","0","1","0"
"0.36","141","Acrocephalus arundinaceus","0","0","1","0"
"0.36","141","Muscicapa striata","0","0","1","0"
"0.36","141","Anthus trivialis","0","0","1","0"
"0.36","141","Podiceps cristatus","0","0","1","0"
"0.36","141","Emberiza citrinella","0","0","0","1"
"0.36","141","Coturnix coturnix","0","0","1","0"
"0.36","141","Pernis apivorus","0","0","1","0"
"0.36","141","Passer montanus","0","0","1","0"
"0.36","141","Sterna hirundo","0","0","1","0"
"0.36","141","Ardea purpurea","0","0","1","0"
"0.36","141","Charadrius dubius","0","0","1","0"
"0.36","141","Tachybaptus ruficollis","0","0","1","0"
"0.36","141","Sylvia borin","0","0","1","0"
"0.36","141","Tadorna tadorna","0","0","1","0"
"0.36","141","Curruca undata","0","0","1","0"
"0.36","141","Apus melba","0","0","1","0"
"0.36","141","Falco subbuteo","0","0","1","0"
"0.36","141","Riparia riparia","0","0","1","0"
"0.36","141","Pyrrhula pyrrhula","0","0","1","0"
"0.36","141","Actitis hypoleucos","0","0","1","0"
"0.36","141","Recurvirostra avosetta","0","0","1","0"
"0.36","141","Netta rufina","0","0","1","0"
"0.36","141","Circus pygargus","0","0","1","0"
"0.36","141","Anthus campestris","0","0","1","0"
"0.36","141","Poecile palustris","0","0","1","0"
"0.36","141","Galerida theklae","0","0","1","0"
"0.36","141","Saxicola rubetra","0","0","1","0"
"0.36","141","Pyrrhocorax graculus","0","0","1","0"
"0.36","141","Cinclus cinclus","0","0","1","0"
"0.36","141","Aquila chrysaetos","0","0","1","0"
"0.36","141","Accipiter nisus","0","0","1","0"
"0.36","141","Melanocorypha calandra","0","0","1","0"
"0.36","141","Aythya ferina","0","0","1","0"
"0.36","141","Alcedo atthis","0","0","1","0"
"0.36","141","Mareca strepera","0","0","1","0"
"0.36","141","Phasianus colchicus","0","0","1","0"
"0.36","141","Nycticorax nycticorax","0","0","1","0"
"0.36","141","Plegadis falcinellus","0","0","1","0"
"0.36","141","Sternula albifrons","0","0","1","0"
"0.36","141","Ardea alba","0","0","1","0"
"0.36","141","Burhinus oedicnemus","0","0","1","0"
"0.36","141","Coccothraustes coccothraustes","0","0","1","0"
"0.36","141","Vanellus vanellus","0","0","1","0"
"0.36","141","Anthus spinoletta","0","0","1","0"
"0.36","141","Tringa ochropus","0","0","1","0"
"0.36","141","Phoenicopterus roseus","0","0","1","0"
"0.36","141","Tringa totanus","0","0","1","0"
"0.36","141","Loxia curvirostra","0","0","1","0"
"0.36","141","Cygnus olor","0","0","1","0"
"0.36","141","Emberiza schoeniclus","0","0","1","0"
"0.36","141","Regulus regulus","0","0","1","0"
"0.36","141","Passer hispaniolensis","0","0","1","0"
"0.36","141","Psittacula krameri","0","0","1","0"
"0.36","141","Ichthyaetus melanocephalus","0","0","1","0"
"0.36","141","Cecropis daurica","0","0","1","0"
"0.36","141","Aegypius monachus","0","0","1","0"
"0.36","141","Falco naumanni","0","0","1","0"
"0.36","141","Columba oenas","0","0","1","0"
"0.36","141","Spatula clypeata","0","0","1","0"
"0.36","141","Strix aluco","0","0","1","0"
"0.36","141","Phylloscopus ibericus","0","0","1","0"
"0.36","141","Rallus aquaticus","0","0","1","0"
"0.36","141","Podiceps nigricollis","0","0","1","0"
"0.36","141","Jynx torquilla","0","0","1","0"
"0.36","141","Phylloscopus trochilus","0","0","1","0"
"0.36","141","Athene noctua","0","0","1","0"
"0.36","141","Tringa glareola","0","0","1","0"
"0.36","141","Chlidonias hybrida","0","0","1","0"
"0.36","141","Monticola solitarius","0","0","1","0"
"0.36","141","Ficedula hypoleuca","0","0","1","0"
"0.36","141","Coracias garrulus","0","0","1","0"
"0.36","141","Chlidonias niger","0","0","1","0"
"0.36","141","Platalea leucorodia","0","0","1","0"
"0.36","141","Thalasseus sandvicensis","0","0","1","0"
"0.36","141","Morus bassanus","0","0","1","0"
"0.36","141","Oenanthe hispanica","0","0","1","0"
"0.36","141","Ardeola ralloides","0","0","1","0"
"0.36","141","Otus scops","0","0","1","0"
"0.36","142","Turdus merula","0","0","1","0"
"0.36","142","Apus apus","0","0","1","0"
"0.36","142","Columba palumbus","0","0","1","0"
"0.36","142","Passer domesticus","0","0","1","0"
"0.36","142","Fringilla coelebs","0","0","1","0"
"0.36","142","Hirundo rustica","0","0","1","0"
"0.36","142","Corvus corone","0","0","1","0"
"0.36","142","Sylvia atricapilla","0","0","1","0"
"0.36","142","Carduelis carduelis","0","0","1","0"
"0.36","142","Pica pica","0","0","1","0"
"0.36","142","Delichon urbicum","0","0","1","0"
"0.36","142","Streptopelia decaocto","0","0","1","0"
"0.36","142","Phoenicurus ochruros","0","0","1","0"
"0.36","142","Parus major","0","0","1","0"
"0.36","142","Milvus migrans","0","0","1","0"
"0.36","142","Serinus serinus","0","0","1","0"
"0.36","142","Motacilla alba","0","0","1","0"
"0.36","142","Gyps fulvus","0","0","1","0"
"0.36","142","Erithacus rubecula","0","0","1","0"
"0.36","142","Garrulus glandarius","0","0","1","0"
"0.36","142","Cyanistes caeruleus","0","0","1","0"
"0.36","142","Buteo buteo","0","0","1","0"
"0.36","142","Columba livia","0","0","1","0"
"0.36","142","Falco tinnunculus","0","0","1","0"
"0.36","142","Chloris chloris","0","0","1","0"
"0.36","142","Emberiza cirlus","0","0","1","0"
"0.36","142","Troglodytes troglodytes","0","0","1","0"
"0.36","142","Oriolus oriolus","0","0","1","0"
"0.36","142","Periparus ater","0","0","1","0"
"0.36","142","Linaria cannabina","0","0","1","0"
"0.36","142","Ptyonoprogne rupestris","0","0","1","0"
"0.36","142","Picus viridis","0","0","1","0"
"0.36","142","Ardea cinerea","0","0","1","0"
"0.36","142","Certhia brachydactyla","0","0","1","0"
"0.36","142","Sturnus vulgaris","0","0","1","0"
"0.36","142","Larus michahellis","0","0","1","0"
"0.36","142","Dendrocopos major","0","0","1","0"
"0.36","142","Anas platyrhynchos","0","0","1","0"
"0.36","142","Merops apiaster","0","0","1","0"
"0.36","142","Phylloscopus bonelli","0","0","1","0"
"0.36","142","Saxicola rubicola","0","0","1","0"
"0.36","142","Streptopelia turtur","0","0","1","0"
"0.36","142","Sitta europaea","0","0","1","0"
"0.36","142","Aegithalos caudatus","0","0","1","0"
"0.36","142","Hippolais polyglotta","0","0","1","0"
"0.36","142","Phylloscopus collybita","0","0","1","0"
"0.36","142","Upupa epops","0","0","1","0"
"0.36","142","Corvus corax","0","0","1","0"
"0.36","142","Regulus ignicapilla","0","0","1","0"
"0.36","142","Chroicocephalus ridibundus","0","0","1","0"
"0.36","142","Lophophanes cristatus","0","0","1","0"
"0.36","142","Luscinia megarhynchos","0","0","1","0"
"0.36","142","Fulica atra","0","0","1","0"
"0.36","142","Turdus viscivorus","0","0","1","0"
"0.36","142","Turdus philomelos","0","0","1","0"
"0.36","142","Egretta garzetta","0","0","1","0"
"0.36","142","Galerida cristata","0","0","1","0"
"0.36","142","Lanius collurio","0","0","1","0"
"0.36","142","Alauda arvensis","0","0","1","0"
"0.36","142","Pyrrhocorax pyrrhocorax","0","0","1","0"
"0.36","142","Phalacrocorax carbo","0","0","1","0"
"0.36","142","Circaetus gallicus","0","0","1","0"
"0.36","142","Lullula arborea","0","0","1","0"
"0.36","142","Gallinula chloropus","0","0","1","0"
"0.36","142","Cisticola juncidis","0","0","1","0"
"0.36","142","Milvus milvus","0","0","1","0"
"0.36","142","Cuculus canorus","0","0","1","0"
"0.36","142","Curruca melanocephala","0","0","1","0"
"0.36","142","Motacilla cinerea","0","0","1","0"
"0.36","142","Cettia cetti","0","0","1","0"
"0.36","142","Carduelis citrinella","0","0","1","0"
"0.36","142","Hieraaetus pennatus","0","0","1","0"
"0.36","142","Emberiza calandra","0","0","1","0"
"0.36","142","Petronia petronia","0","0","1","0"
"0.36","142","Oenanthe oenanthe","0","0","1","0"
"0.36","142","Bubulcus ibis","0","0","1","0"
"0.36","142","Ciconia ciconia","0","0","1","0"
"0.36","142","Lanius senator","0","0","1","0"
"0.36","142","Picus sharpei","0","0","1","0"
"0.36","142","Muscicapa striata","0","0","1","0"
"0.36","142","Curruca communis","0","0","1","0"
"0.36","142","Acrocephalus scirpaceus","0","0","1","0"
"0.36","142","Coturnix coturnix","0","0","1","0"
"0.36","142","Pernis apivorus","0","0","1","0"
"0.36","142","Circus aeruginosus","0","0","1","0"
"0.36","142","Himantopus himantopus","0","0","1","0"
"0.36","142","Phoenicurus phoenicurus","0","0","1","0"
"0.36","142","Prunella modularis","0","0","1","0"
"0.36","142","Corvus monedula","0","0","1","0"
"0.36","142","Sterna hirundo","0","0","1","0"
"0.36","142","Alectoris rufa","0","0","1","0"
"0.36","142","Podiceps cristatus","0","0","1","0"
"0.36","142","Emberiza citrinella","0","0","1","0"
"0.36","142","Emberiza cia","0","0","1","0"
"0.36","142","Curruca iberiae","0","0","1","0"
"0.36","142","Passer montanus","0","0","1","0"
"0.36","142","Tachybaptus ruficollis","0","0","1","0"
"0.36","142","Motacilla flava","0","0","1","0"
"0.36","142","Alcedo atthis","0","0","1","0"
"0.36","142","Anthus trivialis","0","0","1","0"
"0.36","142","Sturnus unicolor","0","0","1","0"
"0.36","142","Ardea purpurea","0","0","1","0"
"0.36","142","Actitis hypoleucos","0","0","1","0"
"0.36","142","Charadrius dubius","0","0","1","0"
"0.36","142","Pyrrhula pyrrhula","0","0","1","0"
"0.36","142","Apus melba","0","0","1","0"
"0.36","142","Curruca undata","0","0","1","0"
"0.36","142","Tringa ochropus","0","0","1","0"
"0.36","142","Falco subbuteo","0","0","1","0"
"0.36","142","Anthus spinoletta","0","0","1","0"
"0.36","142","Sylvia borin","0","0","1","0"
"0.36","142","Vanellus vanellus","0","0","1","0"
"0.36","142","Recurvirostra avosetta","0","0","1","0"
"0.36","142","Riparia riparia","0","0","1","0"
"0.36","142","Cinclus cinclus","0","0","1","0"
"0.36","142","Poecile palustris","0","0","1","0"
"0.36","142","Anthus campestris","0","0","1","0"
"0.36","142","Tadorna tadorna","0","0","1","0"
"0.36","142","Aythya ferina","0","0","1","0"
"0.36","142","Netta rufina","0","0","1","0"
"0.36","142","Acrocephalus arundinaceus","0","0","1","0"
"0.36","142","Accipiter nisus","0","0","1","0"
"0.36","142","Pyrrhocorax graculus","0","0","1","0"
"0.36","142","Circus pygargus","0","0","1","0"
"0.36","142","Aquila chrysaetos","0","0","1","0"
"0.36","142","Nycticorax nycticorax","0","0","1","0"
"0.36","142","Cygnus olor","0","0","1","0"
"0.36","142","Galerida theklae","0","0","1","0"
"0.36","142","Ardea alba","0","0","1","0"
"0.36","142","Loxia curvirostra","0","0","1","0"
"0.36","142","Burhinus oedicnemus","0","0","1","0"
"0.36","142","Sternula albifrons","0","0","1","0"
"0.36","142","Coccothraustes coccothraustes","0","0","1","0"
"0.36","142","Phoenicopterus roseus","0","0","1","0"
"0.36","142","Columba oenas","0","0","1","0"
"0.36","142","Emberiza schoeniclus","0","0","1","0"
"0.36","142","Rallus aquaticus","0","0","1","0"
"0.36","142","Strix aluco","0","0","1","0"
"0.36","142","Plegadis falcinellus","0","0","1","0"
"0.36","142","Mareca strepera","0","0","1","0"
"0.36","142","Ichthyaetus melanocephalus","0","0","1","0"
"0.36","142","Lanius meridionalis","0","0","1","0"
"0.36","142","Cecropis daurica","0","0","1","0"
"0.36","142","Platalea leucorodia","0","0","1","0"
"0.36","142","Tringa totanus","0","0","1","0"
"0.36","142","Melanocorypha calandra","0","0","1","0"
"0.36","142","Ficedula hypoleuca","0","0","1","0"
"0.36","142","Saxicola rubetra","0","0","1","0"
"0.36","142","Athene noctua","0","0","1","0"
"0.36","142","Coracias garrulus","0","0","1","0"
"0.36","142","Thalasseus sandvicensis","0","0","1","0"
"0.36","142","Regulus regulus","0","0","1","0"
"0.36","142","Spatula clypeata","0","0","1","0"
"0.36","142","Phasianus colchicus","0","0","1","0"
"0.36","142","Podiceps nigricollis","0","0","1","0"
"0.36","142","Chlidonias niger","0","0","1","0"
"0.36","142","Falco naumanni","0","0","1","0"
"0.36","142","Charadrius hiaticula","0","0","1","0"
"0.36","142","Tyto alba","0","0","1","0"
"0.36","142","Passer hispaniolensis","0","0","1","0"
"0.36","142","Limosa limosa","0","0","1","0"
"0.36","142","Psittacula krameri","0","0","1","0"
"0.36","142","Spinus spinus","0","0","1","0"
"0.36","142","Pandion haliaetus","0","0","1","0"
"0.36","142","Numenius arquata","0","0","1","0"
"0.36","142","Charadrius alexandrinus","0","0","1","0"
"0.36","142","Larus fuscus","0","0","1","0"
"0.36","142","Phylloscopus trochilus","0","0","1","0"
"0.36","142","Otus scops","0","0","1","0"
"0.36","142","Jynx torquilla","0","0","1","0"
"0.36","143","Turdus merula","0","0","1","0"
"0.36","143","Apus apus","0","0","1","0"
"0.36","143","Columba palumbus","0","0","1","0"
"0.36","143","Passer domesticus","0","0","1","0"
"0.36","143","Fringilla coelebs","0","0","1","0"
"0.36","143","Hirundo rustica","0","0","1","0"
"0.36","143","Corvus corone","0","0","0","1"
"0.36","143","Sylvia atricapilla","0","0","0","1"
"0.36","143","Carduelis carduelis","0","0","1","0"
"0.36","143","Pica pica","0","0","1","0"
"0.36","143","Delichon urbicum","0","0","1","0"
"0.36","143","Streptopelia decaocto","0","0","1","0"
"0.36","143","Phoenicurus ochruros","0","0","1","0"
"0.36","143","Parus major","0","0","0","1"
"0.36","143","Milvus migrans","0","0","1","0"
"0.36","143","Serinus serinus","0","0","1","0"
"0.36","143","Motacilla alba","0","0","1","0"
"0.36","143","Gyps fulvus","0","0","1","0"
"0.36","143","Erithacus rubecula","0","0","1","0"
"0.36","143","Garrulus glandarius","0","0","1","0"
"0.36","143","Cyanistes caeruleus","0","0","0","1"
"0.36","143","Buteo buteo","0","0","1","0"
"0.36","143","Columba livia","0","0","1","0"
"0.36","143","Falco tinnunculus","0","0","1","0"
"0.36","143","Chloris chloris","0","0","1","0"
"0.36","143","Emberiza cirlus","0","0","1","0"
"0.36","143","Troglodytes troglodytes","0","0","1","0"
"0.36","143","Oriolus oriolus","0","0","1","0"
"0.36","143","Periparus ater","0","0","1","0"
"0.36","143","Linaria cannabina","0","0","1","0"
"0.36","143","Ptyonoprogne rupestris","0","0","1","0"
"0.36","143","Picus viridis","0","0","1","0"
"0.36","143","Ardea cinerea","0","0","1","0"
"0.36","143","Certhia brachydactyla","0","0","1","0"
"0.36","143","Sturnus vulgaris","0","0","1","0"
"0.36","143","Larus michahellis","0","0","1","0"
"0.36","143","Dendrocopos major","0","0","1","0"
"0.36","143","Anas platyrhynchos","0","0","1","0"
"0.36","143","Merops apiaster","0","0","1","0"
"0.36","143","Phylloscopus bonelli","0","0","1","0"
"0.36","143","Saxicola rubicola","0","0","1","0"
"0.36","143","Streptopelia turtur","0","0","0","1"
"0.36","143","Sitta europaea","0","0","1","0"
"0.36","143","Aegithalos caudatus","0","0","1","0"
"0.36","143","Hippolais polyglotta","0","0","1","0"
"0.36","143","Phylloscopus collybita","0","0","1","0"
"0.36","143","Upupa epops","0","0","1","0"
"0.36","143","Corvus corax","0","0","1","0"
"0.36","143","Regulus ignicapilla","0","0","1","0"
"0.36","143","Chroicocephalus ridibundus","0","0","1","0"
"0.36","143","Lophophanes cristatus","0","0","1","0"
"0.36","143","Luscinia megarhynchos","0","0","0","1"
"0.36","143","Fulica atra","0","0","1","0"
"0.36","143","Turdus viscivorus","0","0","1","0"
"0.36","143","Turdus philomelos","0","0","0","1"
"0.36","143","Egretta garzetta","0","0","1","0"
"0.36","143","Galerida cristata","0","0","1","0"
"0.36","143","Lanius collurio","0","0","1","0"
"0.36","143","Alauda arvensis","0","0","1","0"
"0.36","143","Pyrrhocorax pyrrhocorax","0","0","1","0"
"0.36","143","Phalacrocorax carbo","0","0","1","0"
"0.36","143","Circaetus gallicus","0","0","1","0"
"0.36","143","Lullula arborea","0","0","1","0"
"0.36","143","Gallinula chloropus","0","0","1","0"
"0.36","143","Cisticola juncidis","0","0","1","0"
"0.36","143","Milvus milvus","0","0","1","0"
"0.36","143","Cuculus canorus","0","0","1","0"
"0.36","143","Curruca melanocephala","0","0","1","0"
"0.36","143","Motacilla cinerea","0","0","1","0"
"0.36","143","Cettia cetti","0","0","1","0"
"0.36","143","Carduelis citrinella","0","0","1","0"
"0.36","143","Hieraaetus pennatus","0","0","1","0"
"0.36","143","Emberiza calandra","0","0","1","0"
"0.36","143","Petronia petronia","0","0","1","0"
"0.36","143","Oenanthe oenanthe","0","0","1","0"
"0.36","143","Bubulcus ibis","0","0","1","0"
"0.36","143","Ciconia ciconia","0","0","1","0"
"0.36","143","Lanius senator","0","0","1","0"
"0.36","143","Picus sharpei","0","0","1","0"
"0.36","143","Muscicapa striata","0","0","1","0"
"0.36","143","Curruca communis","0","0","0","1"
"0.36","143","Acrocephalus scirpaceus","0","0","1","0"
"0.36","143","Coturnix coturnix","0","0","1","0"
"0.36","143","Pernis apivorus","0","0","1","0"
"0.36","143","Circus aeruginosus","0","0","1","0"
"0.36","143","Himantopus himantopus","0","0","1","0"
"0.36","143","Phoenicurus phoenicurus","0","0","1","0"
"0.36","143","Prunella modularis","0","0","1","0"
"0.36","143","Corvus monedula","0","0","1","0"
"0.36","143","Sterna hirundo","0","0","1","0"
"0.36","143","Alectoris rufa","0","0","1","0"
"0.36","143","Podiceps cristatus","0","0","1","0"
"0.36","143","Emberiza citrinella","0","0","1","0"
"0.36","143","Emberiza cia","0","0","1","0"
"0.36","143","Curruca iberiae","0","0","1","0"
"0.36","143","Passer montanus","0","0","1","0"
"0.36","143","Tachybaptus ruficollis","0","0","1","0"
"0.36","143","Motacilla flava","0","0","1","0"
"0.36","143","Alcedo atthis","0","0","1","0"
"0.36","143","Anthus trivialis","0","0","1","0"
"0.36","143","Sturnus unicolor","0","0","1","0"
"0.36","143","Ardea purpurea","0","0","1","0"
"0.36","143","Actitis hypoleucos","0","0","1","0"
"0.36","143","Charadrius dubius","0","0","1","0"
"0.36","143","Pyrrhula pyrrhula","0","0","1","0"
"0.36","143","Apus melba","0","0","1","0"
"0.36","143","Curruca undata","0","0","1","0"
"0.36","143","Tringa ochropus","0","0","1","0"
"0.36","143","Falco subbuteo","0","0","1","0"
"0.36","143","Anthus spinoletta","0","0","1","0"
"0.36","143","Sylvia borin","0","0","1","0"
"0.36","143","Vanellus vanellus","0","0","1","0"
"0.36","143","Recurvirostra avosetta","0","0","1","0"
"0.36","143","Riparia riparia","0","0","1","0"
"0.36","143","Cinclus cinclus","0","0","1","0"
"0.36","143","Poecile palustris","0","0","1","0"
"0.36","143","Anthus campestris","0","0","1","0"
"0.36","143","Tadorna tadorna","0","0","1","0"
"0.36","143","Aythya ferina","0","0","1","0"
"0.36","143","Netta rufina","0","0","1","0"
"0.36","143","Acrocephalus arundinaceus","0","0","1","0"
"0.36","143","Accipiter nisus","0","0","1","0"
"0.36","143","Pyrrhocorax graculus","0","0","1","0"
"0.36","143","Circus pygargus","0","0","1","0"
"0.36","143","Aquila chrysaetos","0","0","1","0"
"0.36","143","Nycticorax nycticorax","0","0","1","0"
"0.36","143","Cygnus olor","0","0","1","0"
"0.36","143","Galerida theklae","0","0","1","0"
"0.36","143","Ardea alba","0","0","1","0"
"0.36","143","Loxia curvirostra","0","0","1","0"
"0.36","143","Burhinus oedicnemus","0","0","1","0"
"0.36","143","Sternula albifrons","0","0","1","0"
"0.36","143","Coccothraustes coccothraustes","0","0","1","0"
"0.36","143","Phoenicopterus roseus","0","0","1","0"
"0.36","143","Columba oenas","0","0","1","0"
"0.36","143","Emberiza schoeniclus","0","0","1","0"
"0.36","143","Rallus aquaticus","0","0","1","0"
"0.36","143","Strix aluco","0","0","1","0"
"0.36","143","Plegadis falcinellus","0","0","1","0"
"0.36","143","Mareca strepera","0","0","1","0"
"0.36","143","Ichthyaetus melanocephalus","0","0","1","0"
"0.36","143","Lanius meridionalis","0","0","1","0"
"0.36","143","Cecropis daurica","0","0","1","0"
"0.36","143","Platalea leucorodia","0","0","1","0"
"0.36","143","Tringa totanus","0","0","1","0"
"0.36","143","Melanocorypha calandra","0","0","1","0"
"0.36","143","Ficedula hypoleuca","0","0","1","0"
"0.36","143","Saxicola rubetra","0","0","1","0"
"0.36","143","Athene noctua","0","0","1","0"
"0.36","143","Coracias garrulus","0","0","1","0"
"0.36","143","Thalasseus sandvicensis","0","0","1","0"
"0.36","143","Regulus regulus","0","0","1","0"
"0.36","143","Spatula clypeata","0","0","1","0"
"0.36","143","Phasianus colchicus","0","0","1","0"
"0.36","143","Podiceps nigricollis","0","0","1","0"
"0.36","143","Chlidonias niger","0","0","1","0"
"0.36","143","Falco naumanni","0","0","1","0"
"0.36","143","Charadrius hiaticula","0","0","1","0"
"0.36","143","Tyto alba","0","0","1","0"
"0.36","143","Passer hispaniolensis","0","0","1","0"
"0.36","143","Limosa limosa","0","0","1","0"
"0.36","143","Psittacula krameri","0","0","1","0"
"0.36","143","Spinus spinus","0","0","1","0"
"0.36","143","Pandion haliaetus","0","0","1","0"
"0.36","143","Numenius arquata","0","0","1","0"
"0.36","143","Charadrius alexandrinus","0","0","1","0"
"0.36","143","Larus fuscus","0","0","1","0"
"0.36","143","Phylloscopus trochilus","0","0","1","0"
"0.36","143","Otus scops","0","0","1","0"
"0.36","143","Jynx torquilla","0","0","1","0"
"0.36","144","Turdus merula","0","0","0","1"
"0.36","144","Apus apus","0","0","1","0"
"0.36","144","Columba palumbus","0","0","1","0"
"0.36","144","Passer domesticus","0","0","1","0"
"0.36","144","Fringilla coelebs","0","0","1","0"
"0.36","144","Hirundo rustica","0","0","1","0"
"0.36","144","Corvus corone","0","0","1","0"
"0.36","144","Sylvia atricapilla","0","0","0","1"
"0.36","144","Carduelis carduelis","0","0","1","0"
"0.36","144","Pica pica","0","0","1","0"
"0.36","144","Delichon urbicum","0","0","1","0"
"0.36","144","Streptopelia decaocto","0","0","0","1"
"0.36","144","Phoenicurus ochruros","0","0","1","0"
"0.36","144","Parus major","0","0","1","0"
"0.36","144","Milvus migrans","0","0","1","0"
"0.36","144","Serinus serinus","0","0","1","0"
"0.36","144","Motacilla alba","0","0","1","0"
"0.36","144","Gyps fulvus","0","0","1","0"
"0.36","144","Erithacus rubecula","1","0","0","0"
"0.36","144","Garrulus glandarius","0","0","1","0"
"0.36","144","Cyanistes caeruleus","0","0","0","1"
"0.36","144","Buteo buteo","0","0","1","0"
"0.36","144","Columba livia","0","0","1","0"
"0.36","144","Falco tinnunculus","0","0","1","0"
"0.36","144","Chloris chloris","0","0","1","0"
"0.36","144","Emberiza cirlus","1","0","0","0"
"0.36","144","Troglodytes troglodytes","0","0","1","0"
"0.36","144","Oriolus oriolus","0","0","1","0"
"0.36","144","Periparus ater","0","0","1","0"
"0.36","144","Linaria cannabina","0","0","1","0"
"0.36","144","Ptyonoprogne rupestris","0","0","1","0"
"0.36","144","Picus viridis","0","0","1","0"
"0.36","144","Ardea cinerea","0","0","1","0"
"0.36","144","Certhia brachydactyla","0","0","1","0"
"0.36","144","Sturnus vulgaris","0","0","1","0"
"0.36","144","Larus michahellis","0","0","1","0"
"0.36","144","Dendrocopos major","0","0","1","0"
"0.36","144","Anas platyrhynchos","0","0","1","0"
"0.36","144","Merops apiaster","0","0","1","0"
"0.36","144","Phylloscopus bonelli","0","0","1","0"
"0.36","144","Saxicola rubicola","0","0","1","0"
"0.36","144","Streptopelia turtur","1","0","0","0"
"0.36","144","Sitta europaea","0","0","0","1"
"0.36","144","Aegithalos caudatus","0","0","1","0"
"0.36","144","Hippolais polyglotta","0","0","1","0"
"0.36","144","Phylloscopus collybita","0","0","0","1"
"0.36","144","Upupa epops","0","0","1","0"
"0.36","144","Corvus corax","0","0","1","0"
"0.36","144","Regulus ignicapilla","0","0","1","0"
"0.36","144","Chroicocephalus ridibundus","0","0","1","0"
"0.36","144","Lophophanes cristatus","0","0","1","0"
"0.36","144","Luscinia megarhynchos","1","0","0","0"
"0.36","144","Fulica atra","0","0","1","0"
"0.36","144","Turdus viscivorus","0","0","1","0"
"0.36","144","Turdus philomelos","0","0","1","0"
"0.36","144","Egretta garzetta","0","0","1","0"
"0.36","144","Galerida cristata","0","0","1","0"
"0.36","144","Lanius collurio","0","0","1","0"
"0.36","144","Alauda arvensis","0","0","1","0"
"0.36","144","Pyrrhocorax pyrrhocorax","0","0","1","0"
"0.36","144","Phalacrocorax carbo","0","0","1","0"
"0.36","144","Circaetus gallicus","0","0","1","0"
"0.36","144","Lullula arborea","0","0","1","0"
"0.36","144","Gallinula chloropus","0","0","1","0"
"0.36","144","Cisticola juncidis","0","0","1","0"
"0.36","144","Milvus milvus","0","0","1","0"
"0.36","144","Cuculus canorus","0","0","1","0"
"0.36","144","Curruca melanocephala","0","0","1","0"
"0.36","144","Motacilla cinerea","0","0","1","0"
"0.36","144","Cettia cetti","0","0","1","0"
"0.36","144","Carduelis citrinella","0","0","1","0"
"0.36","144","Hieraaetus pennatus","0","0","1","0"
"0.36","144","Emberiza calandra","0","0","1","0"
"0.36","144","Petronia petronia","0","0","1","0"
"0.36","144","Oenanthe oenanthe","0","0","1","0"
"0.36","144","Bubulcus ibis","0","0","1","0"
"0.36","144","Ciconia ciconia","0","0","1","0"
"0.36","144","Lanius senator","0","0","1","0"
"0.36","144","Picus sharpei","0","0","1","0"
"0.36","144","Muscicapa striata","0","0","1","0"
"0.36","144","Curruca communis","0","0","1","0"
"0.36","144","Acrocephalus scirpaceus","0","0","1","0"
"0.36","144","Coturnix coturnix","0","0","1","0"
"0.36","144","Pernis apivorus","0","0","1","0"
"0.36","144","Circus aeruginosus","0","0","1","0"
"0.36","144","Himantopus himantopus","0","0","1","0"
"0.36","144","Phoenicurus phoenicurus","0","0","1","0"
"0.36","144","Prunella modularis","0","0","1","0"
"0.36","144","Corvus monedula","0","0","1","0"
"0.36","144","Sterna hirundo","0","0","1","0"
"0.36","144","Alectoris rufa","0","0","1","0"
"0.36","144","Podiceps cristatus","0","0","1","0"
"0.36","144","Emberiza citrinella","0","0","1","0"
"0.36","144","Emberiza cia","0","0","1","0"
"0.36","144","Curruca iberiae","0","0","1","0"
"0.36","144","Passer montanus","0","0","1","0"
"0.36","144","Tachybaptus ruficollis","0","0","1","0"
"0.36","144","Motacilla flava","0","0","1","0"
"0.36","144","Alcedo atthis","0","0","1","0"
"0.36","144","Anthus trivialis","0","0","1","0"
"0.36","144","Sturnus unicolor","0","0","1","0"
"0.36","144","Ardea purpurea","0","0","1","0"
"0.36","144","Actitis hypoleucos","0","0","1","0"
"0.36","144","Charadrius dubius","0","0","1","0"
"0.36","144","Pyrrhula pyrrhula","0","0","1","0"
"0.36","144","Apus melba","0","0","1","0"
"0.36","144","Curruca undata","0","0","1","0"
"0.36","144","Tringa ochropus","0","0","1","0"
"0.36","144","Falco subbuteo","0","0","1","0"
"0.36","144","Anthus spinoletta","0","0","1","0"
"0.36","144","Sylvia borin","0","0","1","0"
"0.36","144","Vanellus vanellus","0","0","1","0"
"0.36","144","Recurvirostra avosetta","0","0","1","0"
"0.36","144","Riparia riparia","0","0","1","0"
"0.36","144","Cinclus cinclus","0","0","1","0"
"0.36","144","Poecile palustris","0","0","1","0"
"0.36","144","Anthus campestris","0","0","1","0"
"0.36","144","Tadorna tadorna","0","0","1","0"
"0.36","144","Aythya ferina","0","0","1","0"
"0.36","144","Netta rufina","0","0","1","0"
"0.36","144","Acrocephalus arundinaceus","0","0","1","0"
"0.36","144","Accipiter nisus","0","0","1","0"
"0.36","144","Pyrrhocorax graculus","0","0","1","0"
"0.36","144","Circus pygargus","0","0","1","0"
"0.36","144","Aquila chrysaetos","0","0","1","0"
"0.36","144","Nycticorax nycticorax","0","0","1","0"
"0.36","144","Cygnus olor","0","0","1","0"
"0.36","144","Galerida theklae","0","0","1","0"
"0.36","144","Ardea alba","0","0","1","0"
"0.36","144","Loxia curvirostra","0","0","1","0"
"0.36","144","Burhinus oedicnemus","0","0","1","0"
"0.36","144","Sternula albifrons","0","0","1","0"
"0.36","144","Coccothraustes coccothraustes","0","1","0","0"
"0.36","144","Phoenicopterus roseus","0","0","1","0"
"0.36","144","Columba oenas","0","0","1","0"
"0.36","144","Emberiza schoeniclus","0","0","1","0"
"0.36","144","Rallus aquaticus","0","0","1","0"
"0.36","144","Strix aluco","0","0","1","0"
"0.36","144","Plegadis falcinellus","0","0","1","0"
"0.36","144","Mareca strepera","0","0","1","0"
"0.36","144","Ichthyaetus melanocephalus","0","0","1","0"
"0.36","144","Lanius meridionalis","0","0","1","0"
"0.36","144","Cecropis daurica","0","0","1","0"
"0.36","144","Platalea leucorodia","0","0","1","0"
"0.36","144","Tringa totanus","0","0","1","0"
"0.36","144","Melanocorypha calandra","0","0","1","0"
"0.36","144","Ficedula hypoleuca","0","0","1","0"
"0.36","144","Saxicola rubetra","0","0","1","0"
"0.36","144","Athene noctua","0","0","1","0"
"0.36","144","Coracias garrulus","0","0","1","0"
"0.36","144","Thalasseus sandvicensis","0","0","1","0"
"0.36","144","Regulus regulus","0","0","1","0"
"0.36","144","Spatula clypeata","0","0","1","0"
"0.36","144","Phasianus colchicus","0","0","1","0"
"0.36","144","Podiceps nigricollis","0","0","1","0"
"0.36","144","Chlidonias niger","0","0","1","0"
"0.36","144","Falco naumanni","0","0","1","0"
"0.36","144","Charadrius hiaticula","0","0","1","0"
"0.36","144","Tyto alba","0","0","1","0"
"0.36","144","Passer hispaniolensis","0","0","1","0"
"0.36","144","Limosa limosa","0","0","1","0"
"0.36","144","Psittacula krameri","0","0","1","0"
"0.36","144","Spinus spinus","0","0","1","0"
"0.36","144","Pandion haliaetus","0","0","1","0"
"0.36","144","Numenius arquata","0","0","1","0"
"0.36","144","Charadrius alexandrinus","0","0","1","0"
"0.36","144","Larus fuscus","0","0","1","0"
"0.36","144","Phylloscopus trochilus","0","0","1","0"
"0.36","144","Otus scops","0","0","1","0"
"0.36","144","Jynx torquilla","0","0","1","0"
"0.36","144","Dendrocoptes medius","0","0","0","1"
"0.36","145","Turdus merula","0","0","1","0"
"0.36","145","Apus apus","0","0","1","0"
"0.36","145","Fringilla coelebs","0","0","1","0"
"0.36","145","Columba palumbus","0","0","1","0"
"0.36","145","Hirundo rustica","0","0","1","0"
"0.36","145","Passer domesticus","0","0","1","0"
"0.36","145","Sylvia atricapilla","0","0","1","0"
"0.36","145","Corvus corone","0","0","1","0"
"0.36","145","Pica pica","0","0","1","0"
"0.36","145","Carduelis carduelis","0","0","1","0"
"0.36","145","Serinus serinus","0","0","1","0"
"0.36","145","Parus major","0","0","1","0"
"0.36","145","Streptopelia decaocto","0","0","1","0"
"0.36","145","Milvus migrans","0","0","1","0"
"0.36","145","Delichon urbicum","0","0","1","0"
"0.36","145","Phoenicurus ochruros","0","0","1","0"
"0.36","145","Erithacus rubecula","0","0","1","0"
"0.36","145","Gyps fulvus","0","0","1","0"
"0.36","145","Motacilla alba","0","0","1","0"
"0.36","145","Garrulus glandarius","0","0","1","0"
"0.36","145","Cyanistes caeruleus","0","0","1","0"
"0.36","145","Chloris chloris","0","0","1","0"
"0.36","145","Troglodytes troglodytes","0","0","1","0"
"0.36","145","Emberiza cirlus","0","0","1","0"
"0.36","145","Luscinia megarhynchos","1","0","0","0"
"0.36","145","Oriolus oriolus","0","0","1","0"
"0.36","145","Columba livia","0","0","1","0"
"0.36","145","Falco tinnunculus","0","0","1","0"
"0.36","145","Cuculus canorus","0","0","1","0"
"0.36","145","Buteo buteo","0","0","1","0"
"0.36","145","Phylloscopus bonelli","0","0","1","0"
"0.36","145","Sturnus vulgaris","0","0","1","0"
"0.36","145","Linaria cannabina","0","0","1","0"
"0.36","145","Periparus ater","0","0","1","0"
"0.36","145","Hippolais polyglotta","0","0","1","0"
"0.36","145","Merops apiaster","0","0","1","0"
"0.36","145","Larus michahellis","0","0","1","0"
"0.36","145","Ptyonoprogne rupestris","0","0","1","0"
"0.36","145","Anas platyrhynchos","0","0","1","0"
"0.36","145","Certhia brachydactyla","0","0","1","0"
"0.36","145","Saxicola rubicola","0","0","1","0"
"0.36","145","Dendrocopos major","0","0","1","0"
"0.36","145","Ardea cinerea","0","0","1","0"
"0.36","145","Streptopelia turtur","0","0","1","0"
"0.36","145","Upupa epops","0","0","1","0"
"0.36","145","Picus viridis","0","0","1","0"
"0.36","145","Emberiza calandra","0","0","1","0"
"0.36","145","Regulus ignicapilla","0","0","1","0"
"0.36","145","Corvus corax","0","0","1","0"
"0.36","145","Aegithalos caudatus","0","0","1","0"
"0.36","145","Alauda arvensis","0","0","1","0"
"0.36","145","Turdus viscivorus","0","0","1","0"
"0.36","145","Turdus philomelos","0","0","1","0"
"0.36","145","Lullula arborea","0","0","1","0"
"0.36","145","Sitta europaea","0","0","1","0"
"0.36","145","Galerida cristata","0","0","1","0"
"0.36","145","Pyrrhocorax pyrrhocorax","0","0","1","0"
"0.36","145","Petronia petronia","0","0","1","0"
"0.36","145","Cettia cetti","0","0","1","0"
"0.36","145","Lophophanes cristatus","0","0","1","0"
"0.36","145","Phylloscopus collybita","0","0","1","0"
"0.36","145","Curruca melanocephala","0","0","1","0"
"0.36","145","Fulica atra","0","0","1","0"
"0.36","145","Egretta garzetta","0","0","1","0"
"0.36","145","Cisticola juncidis","0","0","1","0"
"0.36","145","Lanius collurio","0","0","1","0"
"0.36","145","Circaetus gallicus","0","0","1","0"
"0.36","145","Curruca communis","0","0","1","0"
"0.36","145","Phalacrocorax carbo","0","0","1","0"
"0.36","145","Carduelis citrinella","0","0","1","0"
"0.36","145","Hieraaetus pennatus","0","0","1","0"
"0.36","145","Milvus milvus","0","0","1","0"
"0.36","145","Picus sharpei","0","0","1","0"
"0.36","145","Oenanthe oenanthe","0","0","1","0"
"0.36","145","Gallinula chloropus","0","0","1","0"
"0.36","145","Ciconia ciconia","0","0","1","0"
"0.36","145","Phoenicurus phoenicurus","0","0","1","0"
"0.36","145","Chroicocephalus ridibundus","0","0","1","0"
"0.36","145","Motacilla cinerea","0","0","1","0"
"0.36","145","Corvus monedula","0","0","1","0"
"0.36","145","Lanius senator","0","0","1","0"
"0.36","145","Himantopus himantopus","0","0","1","0"
"0.36","145","Sturnus unicolor","0","0","1","0"
"0.36","145","Acrocephalus scirpaceus","0","0","1","0"
"0.36","145","Alectoris rufa","0","0","1","0"
"0.36","145","Emberiza cia","0","0","1","0"
"0.36","145","Curruca iberiae","0","0","1","0"
"0.36","145","Coturnix coturnix","0","0","1","0"
"0.36","145","Prunella modularis","0","0","1","0"
"0.36","145","Bubulcus ibis","0","0","1","0"
"0.36","145","Circus aeruginosus","0","0","1","0"
"0.36","145","Emberiza citrinella","0","0","1","0"
"0.36","145","Motacilla flava","0","0","1","0"
"0.36","145","Muscicapa striata","0","0","1","0"
"0.36","145","Acrocephalus arundinaceus","0","0","1","0"
"0.36","145","Pernis apivorus","0","0","1","0"
"0.36","145","Sterna hirundo","0","0","1","0"
"0.36","145","Passer montanus","0","0","1","0"
"0.36","145","Anthus trivialis","0","0","1","0"
"0.36","145","Podiceps cristatus","0","0","1","0"
"0.36","145","Ardea purpurea","0","0","1","0"
"0.36","145","Sylvia borin","0","0","1","0"
"0.36","145","Curruca undata","0","0","1","0"
"0.36","145","Charadrius dubius","0","0","1","0"
"0.36","145","Tachybaptus ruficollis","0","0","1","0"
"0.36","145","Falco subbuteo","0","0","1","0"
"0.36","145","Apus melba","0","0","1","0"
"0.36","145","Recurvirostra avosetta","0","0","1","0"
"0.36","145","Pyrrhula pyrrhula","0","0","1","0"
"0.36","145","Tadorna tadorna","0","0","1","0"
"0.36","145","Anthus campestris","0","0","1","0"
"0.36","145","Riparia riparia","0","0","1","0"
"0.36","145","Netta rufina","0","0","1","0"
"0.36","145","Circus pygargus","0","0","1","0"
"0.36","145","Galerida theklae","0","0","1","0"
"0.36","145","Cinclus cinclus","0","0","1","0"
"0.36","145","Aquila chrysaetos","0","0","1","0"
"0.36","145","Actitis hypoleucos","0","0","1","0"
"0.36","145","Poecile palustris","0","0","1","0"
"0.36","145","Aythya ferina","0","0","1","0"
"0.36","145","Alcedo atthis","0","0","1","0"
"0.36","145","Pyrrhocorax graculus","0","0","1","0"
"0.36","145","Burhinus oedicnemus","0","0","1","0"
"0.36","145","Sternula albifrons","0","0","1","0"
"0.36","145","Accipiter nisus","0","0","1","0"
"0.36","145","Melanocorypha calandra","0","0","1","0"
"0.36","145","Nycticorax nycticorax","0","0","1","0"
"0.36","145","Anthus spinoletta","0","0","1","0"
"0.36","145","Vanellus vanellus","0","0","1","0"
"0.36","145","Coccothraustes coccothraustes","0","0","1","0"
"0.36","145","Phasianus colchicus","0","0","1","0"
"0.36","145","Saxicola rubetra","0","0","1","0"
"0.36","145","Loxia curvirostra","0","0","1","0"
"0.36","145","Phoenicopterus roseus","0","0","1","0"
"0.36","145","Tringa ochropus","0","0","1","0"
"0.36","145","Mareca strepera","0","0","1","0"
"0.36","145","Emberiza schoeniclus","0","0","1","0"
"0.36","145","Plegadis falcinellus","0","0","1","0"
"0.36","145","Cygnus olor","0","0","1","0"
"0.36","145","Tringa totanus","0","0","1","0"
"0.36","145","Ardea alba","0","0","1","0"
"0.36","145","Coracias garrulus","0","0","1","0"
"0.36","145","Ichthyaetus melanocephalus","0","0","1","0"
"0.36","145","Strix aluco","0","0","1","0"
"0.36","145","Columba oenas","0","0","1","0"
"0.36","145","Regulus regulus","0","0","1","0"
"0.36","145","Passer hispaniolensis","0","0","1","0"
"0.36","145","Cecropis daurica","0","0","1","0"
"0.36","145","Falco naumanni","0","0","1","0"
"0.36","145","Athene noctua","0","0","1","0"
"0.36","145","Rallus aquaticus","0","0","1","0"
"0.36","145","Psittacula krameri","0","0","1","0"
"0.36","145","Lanius meridionalis","0","0","1","0"
"0.36","145","Platalea leucorodia","0","0","1","0"
"0.36","145","Phylloscopus ibericus","0","0","1","0"
"0.36","145","Aegypius monachus","0","0","1","0"
"0.36","145","Otus scops","0","0","1","0"
"0.36","145","Jynx torquilla","0","0","1","0"
"0.36","145","Dendrocoptes medius","0","0","1","0"
"0.36","146","Turdus merula","0","0","1","0"
"0.36","146","Apus apus","0","0","1","0"
"0.36","146","Fringilla coelebs","0","0","1","0"
"0.36","146","Columba palumbus","0","0","1","0"
"0.36","146","Hirundo rustica","0","0","1","0"
"0.36","146","Passer domesticus","0","0","1","0"
"0.36","146","Sylvia atricapilla","0","0","0","1"
"0.36","146","Corvus corone","0","0","0","1"
"0.36","146","Pica pica","0","0","1","0"
"0.36","146","Carduelis carduelis","0","0","1","0"
"0.36","146","Serinus serinus","0","0","1","0"
"0.36","146","Parus major","0","0","1","0"
"0.36","146","Streptopelia decaocto","0","0","1","0"
"0.36","146","Milvus migrans","0","0","1","0"
"0.36","146","Delichon urbicum","0","0","1","0"
"0.36","146","Phoenicurus ochruros","0","0","1","0"
"0.36","146","Erithacus rubecula","0","0","1","0"
"0.36","146","Gyps fulvus","0","0","1","0"
"0.36","146","Motacilla alba","0","0","1","0"
"0.36","146","Garrulus glandarius","0","0","1","0"
"0.36","146","Cyanistes caeruleus","0","0","1","0"
"0.36","146","Chloris chloris","0","0","1","0"
"0.36","146","Troglodytes troglodytes","0","0","1","0"
"0.36","146","Emberiza cirlus","0","0","1","0"
"0.36","146","Luscinia megarhynchos","1","0","0","0"
"0.36","146","Oriolus oriolus","0","0","0","1"
"0.36","146","Columba livia","0","0","1","0"
"0.36","146","Falco tinnunculus","0","0","1","0"
"0.36","146","Cuculus canorus","0","0","1","0"
"0.36","146","Buteo buteo","0","0","1","0"
"0.36","146","Phylloscopus bonelli","0","0","1","0"
"0.36","146","Sturnus vulgaris","0","0","1","0"
"0.36","146","Linaria cannabina","0","0","1","0"
"0.36","146","Periparus ater","0","0","1","0"
"0.36","146","Hippolais polyglotta","0","0","1","0"
"0.36","146","Merops apiaster","0","0","1","0"
"0.36","146","Larus michahellis","0","0","1","0"
"0.36","146","Ptyonoprogne rupestris","0","0","1","0"
"0.36","146","Anas platyrhynchos","0","0","1","0"
"0.36","146","Certhia brachydactyla","0","0","1","0"
"0.36","146","Saxicola rubicola","1","0","0","0"
"0.36","146","Dendrocopos major","0","0","1","0"
"0.36","146","Ardea cinerea","0","0","1","0"
"0.36","146","Streptopelia turtur","0","0","1","0"
"0.36","146","Upupa epops","0","0","1","0"
"0.36","146","Picus viridis","0","0","1","0"
"0.36","146","Emberiza calandra","0","0","1","0"
"0.36","146","Regulus ignicapilla","0","0","1","0"
"0.36","146","Corvus corax","0","0","1","0"
"0.36","146","Aegithalos caudatus","0","0","1","0"
"0.36","146","Alauda arvensis","0","0","1","0"
"0.36","146","Turdus viscivorus","0","0","1","0"
"0.36","146","Turdus philomelos","0","0","1","0"
"0.36","146","Lullula arborea","0","0","1","0"
"0.36","146","Sitta europaea","0","0","1","0"
"0.36","146","Galerida cristata","0","0","1","0"
"0.36","146","Pyrrhocorax pyrrhocorax","0","0","1","0"
"0.36","146","Petronia petronia","0","0","1","0"
"0.36","146","Cettia cetti","0","0","1","0"
"0.36","146","Lophophanes cristatus","0","0","1","0"
"0.36","146","Phylloscopus collybita","0","0","1","0"
"0.36","146","Curruca melanocephala","0","0","1","0"
"0.36","146","Fulica atra","0","0","1","0"
"0.36","146","Egretta garzetta","0","0","1","0"
"0.36","146","Cisticola juncidis","0","0","1","0"
"0.36","146","Lanius collurio","0","0","1","0"
"0.36","146","Circaetus gallicus","0","0","1","0"
"0.36","146","Curruca communis","0","0","0","1"
"0.36","146","Phalacrocorax carbo","0","0","1","0"
"0.36","146","Carduelis citrinella","0","0","1","0"
"0.36","146","Hieraaetus pennatus","0","0","1","0"
"0.36","146","Milvus milvus","0","0","1","0"
"0.36","146","Picus sharpei","0","0","1","0"
"0.36","146","Oenanthe oenanthe","0","0","1","0"
"0.36","146","Gallinula chloropus","0","0","1","0"
"0.36","146","Ciconia ciconia","0","0","1","0"
"0.36","146","Phoenicurus phoenicurus","0","0","1","0"
"0.36","146","Chroicocephalus ridibundus","0","0","1","0"
"0.36","146","Motacilla cinerea","0","0","1","0"
"0.36","146","Corvus monedula","0","0","1","0"
"0.36","146","Lanius senator","0","0","1","0"
"0.36","146","Himantopus himantopus","0","0","1","0"
"0.36","146","Sturnus unicolor","0","0","1","0"
"0.36","146","Acrocephalus scirpaceus","0","0","1","0"
"0.36","146","Alectoris rufa","0","0","1","0"
"0.36","146","Emberiza cia","0","0","1","0"
"0.36","146","Curruca iberiae","0","0","1","0"
"0.36","146","Coturnix coturnix","0","0","1","0"
"0.36","146","Prunella modularis","0","0","1","0"
"0.36","146","Bubulcus ibis","0","0","1","0"
"0.36","146","Circus aeruginosus","0","0","1","0"
"0.36","146","Emberiza citrinella","0","0","1","0"
"0.36","146","Motacilla flava","0","0","1","0"
"0.36","146","Muscicapa striata","0","0","1","0"
"0.36","146","Acrocephalus arundinaceus","0","0","1","0"
"0.36","146","Pernis apivorus","0","0","1","0"
"0.36","146","Sterna hirundo","0","0","1","0"
"0.36","146","Passer montanus","0","0","1","0"
"0.36","146","Anthus trivialis","0","0","1","0"
"0.36","146","Podiceps cristatus","0","0","1","0"
"0.36","146","Ardea purpurea","0","0","1","0"
"0.36","146","Sylvia borin","0","0","1","0"
"0.36","146","Curruca undata","0","0","1","0"
"0.36","146","Charadrius dubius","0","0","1","0"
"0.36","146","Tachybaptus ruficollis","0","0","1","0"
"0.36","146","Falco subbuteo","0","0","1","0"
"0.36","146","Apus melba","0","0","1","0"
"0.36","146","Recurvirostra avosetta","0","0","1","0"
"0.36","146","Pyrrhula pyrrhula","0","0","1","0"
"0.36","146","Tadorna tadorna","0","0","1","0"
"0.36","146","Anthus campestris","0","0","1","0"
"0.36","146","Riparia riparia","0","0","1","0"
"0.36","146","Netta rufina","0","0","1","0"
"0.36","146","Circus pygargus","0","0","1","0"
"0.36","146","Galerida theklae","0","0","1","0"
"0.36","146","Cinclus cinclus","0","0","1","0"
"0.36","146","Aquila chrysaetos","0","0","1","0"
"0.36","146","Actitis hypoleucos","0","0","1","0"
"0.36","146","Poecile palustris","0","0","1","0"
"0.36","146","Aythya ferina","0","0","1","0"
"0.36","146","Alcedo atthis","0","0","1","0"
"0.36","146","Pyrrhocorax graculus","0","0","1","0"
"0.36","146","Burhinus oedicnemus","0","0","1","0"
"0.36","146","Sternula albifrons","0","0","1","0"
"0.36","146","Accipiter nisus","0","0","1","0"
"0.36","146","Melanocorypha calandra","0","0","1","0"
"0.36","146","Nycticorax nycticorax","0","0","1","0"
"0.36","146","Anthus spinoletta","0","0","1","0"
"0.36","146","Vanellus vanellus","0","0","1","0"
"0.36","146","Coccothraustes coccothraustes","0","0","1","0"
"0.36","146","Phasianus colchicus","0","0","1","0"
"0.36","146","Saxicola rubetra","0","0","1","0"
"0.36","146","Loxia curvirostra","0","0","1","0"
"0.36","146","Phoenicopterus roseus","0","0","1","0"
"0.36","146","Tringa ochropus","0","0","1","0"
"0.36","146","Mareca strepera","0","0","1","0"
"0.36","146","Emberiza schoeniclus","0","0","1","0"
"0.36","146","Plegadis falcinellus","0","0","1","0"
"0.36","146","Cygnus olor","0","0","1","0"
"0.36","146","Tringa totanus","0","0","1","0"
"0.36","146","Ardea alba","0","0","1","0"
"0.36","146","Coracias garrulus","0","0","1","0"
"0.36","146","Ichthyaetus melanocephalus","0","0","1","0"
"0.36","146","Strix aluco","0","0","1","0"
"0.36","146","Columba oenas","0","0","1","0"
"0.36","146","Regulus regulus","0","0","1","0"
"0.36","146","Passer hispaniolensis","0","0","1","0"
"0.36","146","Cecropis daurica","0","0","1","0"
"0.36","146","Falco naumanni","0","0","1","0"
"0.36","146","Athene noctua","0","0","1","0"
"0.36","146","Rallus aquaticus","0","0","1","0"
"0.36","146","Psittacula krameri","0","0","1","0"
"0.36","146","Lanius meridionalis","0","0","1","0"
"0.36","146","Platalea leucorodia","0","0","1","0"
"0.36","146","Phylloscopus ibericus","0","0","1","0"
"0.36","146","Aegypius monachus","0","0","1","0"
"0.36","146","Otus scops","0","0","1","0"
"0.36","146","Jynx torquilla","0","0","1","0"
"0.36","146","Dendrocoptes medius","0","0","1","0"
"0.36","147","Turdus merula","0","0","0","1"
"0.36","147","Apus apus","0","0","1","0"
"0.36","147","Fringilla coelebs","0","0","1","0"
"0.36","147","Columba palumbus","0","0","1","0"
"0.36","147","Hirundo rustica","0","0","1","0"
"0.36","147","Passer domesticus","0","0","1","0"
"0.36","147","Sylvia atricapilla","0","0","0","1"
"0.36","147","Corvus corone","0","0","1","0"
"0.36","147","Pica pica","0","0","1","0"
"0.36","147","Carduelis carduelis","0","0","1","0"
"0.36","147","Serinus serinus","0","0","1","0"
"0.36","147","Parus major","0","0","1","0"
"0.36","147","Streptopelia decaocto","0","0","1","0"
"0.36","147","Milvus migrans","0","0","1","0"
"0.36","147","Delichon urbicum","0","0","1","0"
"0.36","147","Phoenicurus ochruros","0","0","1","0"
"0.36","147","Erithacus rubecula","0","0","1","0"
"0.36","147","Gyps fulvus","0","0","1","0"
"0.36","147","Motacilla alba","0","0","1","0"
"0.36","147","Garrulus glandarius","0","0","1","0"
"0.36","147","Cyanistes caeruleus","0","0","1","0"
"0.36","147","Chloris chloris","0","0","1","0"
"0.36","147","Troglodytes troglodytes","0","0","1","0"
"0.36","147","Emberiza cirlus","0","0","0","1"
"0.36","147","Luscinia megarhynchos","0","0","1","0"
"0.36","147","Oriolus oriolus","1","0","0","0"
"0.36","147","Columba livia","0","0","1","0"
"0.36","147","Falco tinnunculus","0","0","1","0"
"0.36","147","Cuculus canorus","0","0","1","0"
"0.36","147","Buteo buteo","0","0","1","0"
"0.36","147","Phylloscopus bonelli","0","0","1","0"
"0.36","147","Sturnus vulgaris","0","0","1","0"
"0.36","147","Linaria cannabina","0","0","1","0"
"0.36","147","Periparus ater","0","0","1","0"
"0.36","147","Hippolais polyglotta","0","0","1","0"
"0.36","147","Merops apiaster","0","0","1","0"
"0.36","147","Larus michahellis","0","0","1","0"
"0.36","147","Ptyonoprogne rupestris","0","0","1","0"
"0.36","147","Anas platyrhynchos","0","0","1","0"
"0.36","147","Certhia brachydactyla","0","0","1","0"
"0.36","147","Saxicola rubicola","0","0","1","0"
"0.36","147","Dendrocopos major","0","0","1","0"
"0.36","147","Ardea cinerea","0","0","1","0"
"0.36","147","Streptopelia turtur","0","0","1","0"
"0.36","147","Upupa epops","0","0","1","0"
"0.36","147","Picus viridis","0","0","1","0"
"0.36","147","Emberiza calandra","0","0","1","0"
"0.36","147","Regulus ignicapilla","0","0","1","0"
"0.36","147","Corvus corax","0","0","1","0"
"0.36","147","Aegithalos caudatus","0","0","1","0"
"0.36","147","Alauda arvensis","0","0","1","0"
"0.36","147","Turdus viscivorus","0","0","1","0"
"0.36","147","Turdus philomelos","0","0","1","0"
"0.36","147","Lullula arborea","0","0","1","0"
"0.36","147","Sitta europaea","0","0","1","0"
"0.36","147","Galerida cristata","0","0","1","0"
"0.36","147","Pyrrhocorax pyrrhocorax","0","0","1","0"
"0.36","147","Petronia petronia","0","0","1","0"
"0.36","147","Cettia cetti","0","0","1","0"
"0.36","147","Lophophanes cristatus","0","0","1","0"
"0.36","147","Phylloscopus collybita","0","0","1","0"
"0.36","147","Curruca melanocephala","0","0","1","0"
"0.36","147","Fulica atra","0","0","1","0"
"0.36","147","Egretta garzetta","0","0","1","0"
"0.36","147","Cisticola juncidis","0","0","1","0"
"0.36","147","Lanius collurio","0","0","1","0"
"0.36","147","Circaetus gallicus","0","0","1","0"
"0.36","147","Curruca communis","1","0","0","0"
"0.36","147","Phalacrocorax carbo","0","0","1","0"
"0.36","147","Carduelis citrinella","0","0","1","0"
"0.36","147","Hieraaetus pennatus","0","0","1","0"
"0.36","147","Milvus milvus","0","0","1","0"
"0.36","147","Picus sharpei","0","0","1","0"
"0.36","147","Oenanthe oenanthe","0","0","1","0"
"0.36","147","Gallinula chloropus","0","0","1","0"
"0.36","147","Ciconia ciconia","0","0","1","0"
"0.36","147","Phoenicurus phoenicurus","0","0","1","0"
"0.36","147","Chroicocephalus ridibundus","0","0","1","0"
"0.36","147","Motacilla cinerea","0","0","1","0"
"0.36","147","Corvus monedula","0","0","1","0"
"0.36","147","Lanius senator","0","0","1","0"
"0.36","147","Himantopus himantopus","0","0","1","0"
"0.36","147","Sturnus unicolor","0","0","1","0"
"0.36","147","Acrocephalus scirpaceus","0","0","1","0"
"0.36","147","Alectoris rufa","0","0","1","0"
"0.36","147","Emberiza cia","0","0","1","0"
"0.36","147","Curruca iberiae","0","0","1","0"
"0.36","147","Coturnix coturnix","0","0","1","0"
"0.36","147","Prunella modularis","0","0","1","0"
"0.36","147","Bubulcus ibis","0","0","1","0"
"0.36","147","Circus aeruginosus","0","0","1","0"
"0.36","147","Emberiza citrinella","0","0","1","0"
"0.36","147","Motacilla flava","0","0","1","0"
"0.36","147","Muscicapa striata","0","0","1","0"
"0.36","147","Acrocephalus arundinaceus","0","0","1","0"
"0.36","147","Pernis apivorus","0","0","1","0"
"0.36","147","Sterna hirundo","0","0","1","0"
"0.36","147","Passer montanus","0","0","1","0"
"0.36","147","Anthus trivialis","0","0","1","0"
"0.36","147","Podiceps cristatus","0","0","1","0"
"0.36","147","Ardea purpurea","0","0","1","0"
"0.36","147","Sylvia borin","0","0","1","0"
"0.36","147","Curruca undata","0","0","1","0"
"0.36","147","Charadrius dubius","0","0","1","0"
"0.36","147","Tachybaptus ruficollis","0","0","1","0"
"0.36","147","Falco subbuteo","0","0","1","0"
"0.36","147","Apus melba","0","0","1","0"
"0.36","147","Recurvirostra avosetta","0","0","1","0"
"0.36","147","Pyrrhula pyrrhula","0","0","1","0"
"0.36","147","Tadorna tadorna","0","0","1","0"
"0.36","147","Anthus campestris","0","0","1","0"
"0.36","147","Riparia riparia","0","0","1","0"
"0.36","147","Netta rufina","0","0","1","0"
"0.36","147","Circus pygargus","0","0","1","0"
"0.36","147","Galerida theklae","0","0","1","0"
"0.36","147","Cinclus cinclus","0","0","1","0"
"0.36","147","Aquila chrysaetos","0","0","1","0"
"0.36","147","Actitis hypoleucos","0","0","1","0"
"0.36","147","Poecile palustris","0","0","1","0"
"0.36","147","Aythya ferina","0","0","1","0"
"0.36","147","Alcedo atthis","0","0","1","0"
"0.36","147","Pyrrhocorax graculus","0","0","1","0"
"0.36","147","Burhinus oedicnemus","0","0","1","0"
"0.36","147","Sternula albifrons","0","0","1","0"
"0.36","147","Accipiter nisus","0","0","1","0"
"0.36","147","Melanocorypha calandra","0","0","1","0"
"0.36","147","Nycticorax nycticorax","0","0","1","0"
"0.36","147","Anthus spinoletta","0","0","1","0"
"0.36","147","Vanellus vanellus","0","0","1","0"
"0.36","147","Coccothraustes coccothraustes","0","0","1","0"
"0.36","147","Phasianus colchicus","0","0","0","1"
"0.36","147","Saxicola rubetra","0","0","1","0"
"0.36","147","Loxia curvirostra","0","0","1","0"
"0.36","147","Phoenicopterus roseus","0","0","1","0"
"0.36","147","Tringa ochropus","0","0","1","0"
"0.36","147","Mareca strepera","0","0","1","0"
"0.36","147","Emberiza schoeniclus","0","0","1","0"
"0.36","147","Plegadis falcinellus","0","0","1","0"
"0.36","147","Cygnus olor","0","0","1","0"
"0.36","147","Tringa totanus","0","0","1","0"
"0.36","147","Ardea alba","0","0","1","0"
"0.36","147","Coracias garrulus","0","0","1","0"
"0.36","147","Ichthyaetus melanocephalus","0","0","1","0"
"0.36","147","Strix aluco","0","0","1","0"
"0.36","147","Columba oenas","0","0","1","0"
"0.36","147","Regulus regulus","0","0","1","0"
"0.36","147","Passer hispaniolensis","0","0","1","0"
"0.36","147","Cecropis daurica","0","0","1","0"
"0.36","147","Falco naumanni","0","0","1","0"
"0.36","147","Athene noctua","0","0","1","0"
"0.36","147","Rallus aquaticus","0","0","1","0"
"0.36","147","Psittacula krameri","0","0","1","0"
"0.36","147","Lanius meridionalis","0","0","1","0"
"0.36","147","Platalea leucorodia","0","0","1","0"
"0.36","147","Phylloscopus ibericus","0","0","1","0"
"0.36","147","Aegypius monachus","0","0","1","0"
"0.36","147","Otus scops","0","0","1","0"
"0.36","147","Jynx torquilla","0","0","1","0"
"0.36","147","Dendrocoptes medius","0","0","1","0"
"0.36","148","Turdus merula","0","0","1","0"
"0.36","148","Apus apus","0","0","1","0"
"0.36","148","Fringilla coelebs","0","0","1","0"
"0.36","148","Columba palumbus","0","0","1","0"
"0.36","148","Hirundo rustica","0","0","1","0"
"0.36","148","Passer domesticus","0","0","1","0"
"0.36","148","Sylvia atricapilla","0","0","1","0"
"0.36","148","Corvus corone","0","0","1","0"
"0.36","148","Pica pica","0","0","1","0"
"0.36","148","Carduelis carduelis","0","0","1","0"
"0.36","148","Serinus serinus","0","0","1","0"
"0.36","148","Parus major","0","0","1","0"
"0.36","148","Streptopelia decaocto","0","0","1","0"
"0.36","148","Milvus migrans","0","0","1","0"
"0.36","148","Delichon urbicum","0","0","1","0"
"0.36","148","Phoenicurus ochruros","0","0","1","0"
"0.36","148","Gyps fulvus","0","0","1","0"
"0.36","148","Erithacus rubecula","0","0","1","0"
"0.36","148","Motacilla alba","0","0","1","0"
"0.36","148","Garrulus glandarius","0","0","1","0"
"0.36","148","Cyanistes caeruleus","0","0","1","0"
"0.36","148","Chloris chloris","0","0","1","0"
"0.36","148","Troglodytes troglodytes","0","0","1","0"
"0.36","148","Emberiza cirlus","0","0","1","0"
"0.36","148","Luscinia megarhynchos","0","0","0","1"
"0.36","148","Oriolus oriolus","0","0","1","0"
"0.36","148","Columba livia","0","0","1","0"
"0.36","148","Falco tinnunculus","0","0","1","0"
"0.36","148","Cuculus canorus","0","0","1","0"
"0.36","148","Buteo buteo","0","0","1","0"
"0.36","148","Phylloscopus bonelli","0","0","1","0"
"0.36","148","Sturnus vulgaris","0","0","1","0"
"0.36","148","Linaria cannabina","0","0","1","0"
"0.36","148","Periparus ater","0","0","1","0"
"0.36","148","Hippolais polyglotta","0","0","1","0"
"0.36","148","Merops apiaster","0","0","1","0"
"0.36","148","Larus michahellis","0","0","1","0"
"0.36","148","Ptyonoprogne rupestris","0","0","1","0"
"0.36","148","Anas platyrhynchos","0","0","1","0"
"0.36","148","Certhia brachydactyla","0","0","1","0"
"0.36","148","Saxicola rubicola","0","0","1","0"
"0.36","148","Dendrocopos major","0","0","1","0"
"0.36","148","Ardea cinerea","0","0","1","0"
"0.36","148","Streptopelia turtur","0","0","1","0"
"0.36","148","Upupa epops","0","0","1","0"
"0.36","148","Picus viridis","0","0","1","0"
"0.36","148","Emberiza calandra","0","0","1","0"
"0.36","148","Regulus ignicapilla","0","0","1","0"
"0.36","148","Corvus corax","0","0","1","0"
"0.36","148","Aegithalos caudatus","0","0","1","0"
"0.36","148","Alauda arvensis","0","0","1","0"
"0.36","148","Turdus viscivorus","0","0","1","0"
"0.36","148","Turdus philomelos","0","0","1","0"
"0.36","148","Lullula arborea","0","0","1","0"
"0.36","148","Sitta europaea","0","0","1","0"
"0.36","148","Galerida cristata","0","0","1","0"
"0.36","148","Pyrrhocorax pyrrhocorax","0","0","1","0"
"0.36","148","Petronia petronia","0","0","1","0"
"0.36","148","Cettia cetti","0","0","1","0"
"0.36","148","Lophophanes cristatus","0","0","1","0"
"0.36","148","Phylloscopus collybita","0","0","1","0"
"0.36","148","Curruca melanocephala","0","0","1","0"
"0.36","148","Fulica atra","0","0","1","0"
"0.36","148","Egretta garzetta","0","0","1","0"
"0.36","148","Cisticola juncidis","0","0","1","0"
"0.36","148","Lanius collurio","0","0","1","0"
"0.36","148","Circaetus gallicus","0","0","1","0"
"0.36","148","Curruca communis","0","0","1","0"
"0.36","148","Phalacrocorax carbo","0","0","1","0"
"0.36","148","Carduelis citrinella","0","0","1","0"
"0.36","148","Hieraaetus pennatus","0","0","1","0"
"0.36","148","Milvus milvus","0","0","1","0"
"0.36","148","Picus sharpei","0","0","1","0"
"0.36","148","Oenanthe oenanthe","0","0","1","0"
"0.36","148","Gallinula chloropus","0","0","1","0"
"0.36","148","Ciconia ciconia","0","0","1","0"
"0.36","148","Phoenicurus phoenicurus","0","0","1","0"
"0.36","148","Chroicocephalus ridibundus","0","0","1","0"
"0.36","148","Motacilla cinerea","0","0","1","0"
"0.36","148","Corvus monedula","0","0","1","0"
"0.36","148","Lanius senator","0","0","1","0"
"0.36","148","Himantopus himantopus","0","0","1","0"
"0.36","148","Sturnus unicolor","0","0","1","0"
"0.36","148","Alectoris rufa","0","0","1","0"
"0.36","148","Acrocephalus scirpaceus","0","0","1","0"
"0.36","148","Emberiza cia","0","0","1","0"
"0.36","148","Curruca iberiae","0","0","1","0"
"0.36","148","Coturnix coturnix","0","0","1","0"
"0.36","148","Prunella modularis","0","0","1","0"
"0.36","148","Bubulcus ibis","0","0","1","0"
"0.36","148","Circus aeruginosus","0","0","1","0"
"0.36","148","Emberiza citrinella","0","0","1","0"
"0.36","148","Motacilla flava","0","0","1","0"
"0.36","148","Muscicapa striata","0","0","1","0"
"0.36","148","Acrocephalus arundinaceus","0","0","1","0"
"0.36","148","Pernis apivorus","0","0","1","0"
"0.36","148","Sterna hirundo","0","0","1","0"
"0.36","148","Passer montanus","0","0","1","0"
"0.36","148","Anthus trivialis","0","0","1","0"
"0.36","148","Podiceps cristatus","0","0","1","0"
"0.36","148","Ardea purpurea","0","0","1","0"
"0.36","148","Sylvia borin","0","0","1","0"
"0.36","148","Curruca undata","0","0","1","0"
"0.36","148","Charadrius dubius","0","0","1","0"
"0.36","148","Tachybaptus ruficollis","0","0","1","0"
"0.36","148","Falco subbuteo","0","0","1","0"
"0.36","148","Apus melba","0","0","1","0"
"0.36","148","Recurvirostra avosetta","0","0","1","0"
"0.36","148","Pyrrhula pyrrhula","0","0","1","0"
"0.36","148","Tadorna tadorna","0","0","1","0"
"0.36","148","Anthus campestris","0","0","1","0"
"0.36","148","Riparia riparia","0","0","1","0"
"0.36","148","Netta rufina","0","0","1","0"
"0.36","148","Circus pygargus","0","0","1","0"
"0.36","148","Galerida theklae","0","0","1","0"
"0.36","148","Cinclus cinclus","0","0","1","0"
"0.36","148","Aquila chrysaetos","0","0","1","0"
"0.36","148","Actitis hypoleucos","0","0","1","0"
"0.36","148","Poecile palustris","0","0","1","0"
"0.36","148","Aythya ferina","0","0","1","0"
"0.36","148","Alcedo atthis","0","0","1","0"
"0.36","148","Pyrrhocorax graculus","0","0","1","0"
"0.36","148","Burhinus oedicnemus","0","0","1","0"
"0.36","148","Sternula albifrons","0","0","1","0"
"0.36","148","Accipiter nisus","0","0","1","0"
"0.36","148","Melanocorypha calandra","0","0","1","0"
"0.36","148","Nycticorax nycticorax","0","0","1","0"
"0.36","148","Anthus spinoletta","0","0","1","0"
"0.36","148","Vanellus vanellus","0","0","1","0"
"0.36","148","Coccothraustes coccothraustes","0","0","1","0"
"0.36","148","Phasianus colchicus","0","0","1","0"
"0.36","148","Saxicola rubetra","0","0","1","0"
"0.36","148","Loxia curvirostra","0","0","1","0"
"0.36","148","Phoenicopterus roseus","0","0","1","0"
"0.36","148","Tringa ochropus","0","0","1","0"
"0.36","148","Mareca strepera","0","0","1","0"
"0.36","148","Emberiza schoeniclus","0","0","1","0"
"0.36","148","Plegadis falcinellus","0","0","1","0"
"0.36","148","Cygnus olor","0","0","1","0"
"0.36","148","Tringa totanus","0","0","1","0"
"0.36","148","Ardea alba","0","0","1","0"
"0.36","148","Coracias garrulus","0","0","1","0"
"0.36","148","Ichthyaetus melanocephalus","0","0","1","0"
"0.36","148","Strix aluco","0","0","1","0"
"0.36","148","Regulus regulus","0","0","1","0"
"0.36","148","Columba oenas","0","0","1","0"
"0.36","148","Cecropis daurica","0","0","1","0"
"0.36","148","Passer hispaniolensis","0","0","1","0"
"0.36","148","Athene noctua","0","0","1","0"
"0.36","148","Falco naumanni","0","0","1","0"
"0.36","148","Rallus aquaticus","0","0","1","0"
"0.36","148","Psittacula krameri","0","0","1","0"
"0.36","148","Lanius meridionalis","0","0","1","0"
"0.36","148","Platalea leucorodia","0","0","1","0"
"0.36","148","Phylloscopus ibericus","0","0","1","0"
"0.36","148","Aegypius monachus","0","0","1","0"
"0.36","148","Otus scops","0","0","1","0"
"0.36","148","Jynx torquilla","0","0","1","0"
"0.36","148","Dendrocoptes medius","0","0","1","0"
"0.36","149","Turdus merula","0","0","0","1"
"0.36","149","Apus apus","0","0","1","0"
"0.36","149","Fringilla coelebs","0","0","1","0"
"0.36","149","Columba palumbus","0","0","1","0"
"0.36","149","Hirundo rustica","0","0","1","0"
"0.36","149","Passer domesticus","0","0","1","0"
"0.36","149","Sylvia atricapilla","0","0","0","1"
"0.36","149","Corvus corone","0","0","0","1"
"0.36","149","Pica pica","0","0","1","0"
"0.36","149","Carduelis carduelis","0","0","1","0"
"0.36","149","Serinus serinus","0","0","1","0"
"0.36","149","Parus major","0","0","1","0"
"0.36","149","Streptopelia decaocto","0","0","1","0"
"0.36","149","Milvus migrans","0","0","1","0"
"0.36","149","Delichon urbicum","0","0","1","0"
"0.36","149","Phoenicurus ochruros","0","0","1","0"
"0.36","149","Gyps fulvus","0","0","1","0"
"0.36","149","Erithacus rubecula","0","0","1","0"
"0.36","149","Motacilla alba","0","0","1","0"
"0.36","149","Garrulus glandarius","0","0","1","0"
"0.36","149","Cyanistes caeruleus","0","0","1","0"
"0.36","149","Chloris chloris","0","0","1","0"
"0.36","149","Troglodytes troglodytes","0","0","1","0"
"0.36","149","Emberiza cirlus","0","0","0","1"
"0.36","149","Luscinia megarhynchos","0","0","0","1"
"0.36","149","Oriolus oriolus","0","0","1","0"
"0.36","149","Columba livia","0","0","1","0"
"0.36","149","Falco tinnunculus","0","0","1","0"
"0.36","149","Cuculus canorus","0","0","0","1"
"0.36","149","Buteo buteo","0","0","1","0"
"0.36","149","Phylloscopus bonelli","0","0","1","0"
"0.36","149","Sturnus vulgaris","0","0","1","0"
"0.36","149","Linaria cannabina","0","0","1","0"
"0.36","149","Periparus ater","0","0","1","0"
"0.36","149","Hippolais polyglotta","0","0","1","0"
"0.36","149","Merops apiaster","0","0","1","0"
"0.36","149","Larus michahellis","0","0","1","0"
"0.36","149","Ptyonoprogne rupestris","0","0","1","0"
"0.36","149","Anas platyrhynchos","0","0","1","0"
"0.36","149","Certhia brachydactyla","0","0","1","0"
"0.36","149","Saxicola rubicola","0","0","1","0"
"0.36","149","Dendrocopos major","0","0","1","0"
"0.36","149","Ardea cinerea","0","0","1","0"
"0.36","149","Streptopelia turtur","0","0","1","0"
"0.36","149","Upupa epops","0","0","1","0"
"0.36","149","Picus viridis","0","0","1","0"
"0.36","149","Emberiza calandra","0","0","1","0"
"0.36","149","Regulus ignicapilla","0","0","1","0"
"0.36","149","Corvus corax","0","0","1","0"
"0.36","149","Aegithalos caudatus","0","0","1","0"
"0.36","149","Alauda arvensis","0","0","1","0"
"0.36","149","Turdus viscivorus","0","0","1","0"
"0.36","149","Turdus philomelos","0","0","1","0"
"0.36","149","Lullula arborea","0","0","1","0"
"0.36","149","Sitta europaea","0","0","1","0"
"0.36","149","Galerida cristata","0","0","1","0"
"0.36","149","Pyrrhocorax pyrrhocorax","0","0","1","0"
"0.36","149","Petronia petronia","0","0","1","0"
"0.36","149","Cettia cetti","0","0","1","0"
"0.36","149","Lophophanes cristatus","0","0","1","0"
"0.36","149","Phylloscopus collybita","0","0","0","1"
"0.36","149","Curruca melanocephala","0","0","1","0"
"0.36","149","Fulica atra","0","0","1","0"
"0.36","149","Egretta garzetta","0","0","1","0"
"0.36","149","Cisticola juncidis","0","0","1","0"
"0.36","149","Lanius collurio","0","0","1","0"
"0.36","149","Circaetus gallicus","0","0","1","0"
"0.36","149","Curruca communis","0","0","1","0"
"0.36","149","Phalacrocorax carbo","0","0","1","0"
"0.36","149","Carduelis citrinella","0","0","1","0"
"0.36","149","Hieraaetus pennatus","0","0","1","0"
"0.36","149","Milvus milvus","0","0","1","0"
"0.36","149","Picus sharpei","0","0","1","0"
"0.36","149","Oenanthe oenanthe","0","0","1","0"
"0.36","149","Gallinula chloropus","0","0","1","0"
"0.36","149","Ciconia ciconia","0","0","1","0"
"0.36","149","Phoenicurus phoenicurus","0","0","1","0"
"0.36","149","Chroicocephalus ridibundus","0","0","1","0"
"0.36","149","Motacilla cinerea","0","0","1","0"
"0.36","149","Corvus monedula","0","0","1","0"
"0.36","149","Lanius senator","0","0","1","0"
"0.36","149","Himantopus himantopus","0","0","1","0"
"0.36","149","Sturnus unicolor","0","0","1","0"
"0.36","149","Alectoris rufa","0","0","1","0"
"0.36","149","Acrocephalus scirpaceus","0","0","1","0"
"0.36","149","Emberiza cia","0","0","1","0"
"0.36","149","Curruca iberiae","0","0","1","0"
"0.36","149","Coturnix coturnix","0","0","1","0"
"0.36","149","Prunella modularis","0","0","1","0"
"0.36","149","Bubulcus ibis","0","0","1","0"
"0.36","149","Circus aeruginosus","0","0","1","0"
"0.36","149","Emberiza citrinella","0","0","1","0"
"0.36","149","Motacilla flava","0","0","1","0"
"0.36","149","Muscicapa striata","0","0","1","0"
"0.36","149","Acrocephalus arundinaceus","0","0","1","0"
"0.36","149","Pernis apivorus","0","0","1","0"
"0.36","149","Sterna hirundo","0","0","1","0"
"0.36","149","Passer montanus","0","0","1","0"
"0.36","149","Anthus trivialis","0","0","1","0"
"0.36","149","Podiceps cristatus","0","0","1","0"
"0.36","149","Ardea purpurea","0","0","1","0"
"0.36","149","Sylvia borin","0","0","1","0"
"0.36","149","Curruca undata","0","0","1","0"
"0.36","149","Charadrius dubius","0","0","1","0"
"0.36","149","Tachybaptus ruficollis","0","0","1","0"
"0.36","149","Falco subbuteo","0","0","1","0"
"0.36","149","Apus melba","0","0","1","0"
"0.36","149","Recurvirostra avosetta","0","0","1","0"
"0.36","149","Pyrrhula pyrrhula","0","0","1","0"
"0.36","149","Tadorna tadorna","0","0","1","0"
"0.36","149","Anthus campestris","0","0","1","0"
"0.36","149","Riparia riparia","0","0","1","0"
"0.36","149","Netta rufina","0","0","1","0"
"0.36","149","Circus pygargus","0","0","1","0"
"0.36","149","Galerida theklae","0","0","1","0"
"0.36","149","Cinclus cinclus","0","0","1","0"
"0.36","149","Aquila chrysaetos","0","0","1","0"
"0.36","149","Actitis hypoleucos","0","0","1","0"
"0.36","149","Poecile palustris","0","0","1","0"
"0.36","149","Aythya ferina","0","0","1","0"
"0.36","149","Alcedo atthis","0","0","1","0"
"0.36","149","Pyrrhocorax graculus","0","0","1","0"
"0.36","149","Burhinus oedicnemus","0","0","1","0"
"0.36","149","Sternula albifrons","0","0","1","0"
"0.36","149","Accipiter nisus","0","0","1","0"
"0.36","149","Melanocorypha calandra","0","0","1","0"
"0.36","149","Nycticorax nycticorax","0","0","1","0"
"0.36","149","Anthus spinoletta","0","0","1","0"
"0.36","149","Vanellus vanellus","0","0","1","0"
"0.36","149","Coccothraustes coccothraustes","0","0","1","0"
"0.36","149","Phasianus colchicus","0","0","1","0"
"0.36","149","Saxicola rubetra","0","0","1","0"
"0.36","149","Loxia curvirostra","0","0","1","0"
"0.36","149","Phoenicopterus roseus","0","0","1","0"
"0.36","149","Tringa ochropus","0","0","1","0"
"0.36","149","Mareca strepera","0","0","1","0"
"0.36","149","Emberiza schoeniclus","0","0","1","0"
"0.36","149","Plegadis falcinellus","0","0","1","0"
"0.36","149","Cygnus olor","0","0","1","0"
"0.36","149","Tringa totanus","0","0","1","0"
"0.36","149","Ardea alba","0","0","1","0"
"0.36","149","Coracias garrulus","0","0","1","0"
"0.36","149","Ichthyaetus melanocephalus","0","0","1","0"
"0.36","149","Strix aluco","0","0","1","0"
"0.36","149","Regulus regulus","0","0","1","0"
"0.36","149","Columba oenas","0","0","1","0"
"0.36","149","Cecropis daurica","0","0","1","0"
"0.36","149","Passer hispaniolensis","0","0","1","0"
"0.36","149","Athene noctua","0","0","1","0"
"0.36","149","Falco naumanni","0","0","1","0"
"0.36","149","Rallus aquaticus","0","0","1","0"
"0.36","149","Psittacula krameri","0","0","1","0"
"0.36","149","Lanius meridionalis","0","0","1","0"
"0.36","149","Platalea leucorodia","0","0","1","0"
"0.36","149","Phylloscopus ibericus","0","0","1","0"
"0.36","149","Aegypius monachus","0","0","1","0"
"0.36","149","Otus scops","0","0","1","0"
"0.36","149","Jynx torquilla","0","0","1","0"
"0.36","149","Dendrocoptes medius","0","0","1","0"
"0.36","150","Turdus merula","0","0","1","0"
"0.36","150","Apus apus","0","0","1","0"
"0.36","150","Fringilla coelebs","0","0","1","0"
"0.36","150","Columba palumbus","0","0","1","0"
"0.36","150","Hirundo rustica","0","0","1","0"
"0.36","150","Passer domesticus","0","0","0","1"
"0.36","150","Sylvia atricapilla","0","0","0","1"
"0.36","150","Corvus corone","0","0","0","1"
"0.36","150","Pica pica","0","0","1","0"
"0.36","150","Carduelis carduelis","0","0","1","0"
"0.36","150","Serinus serinus","0","0","1","0"
"0.36","150","Parus major","0","0","1","0"
"0.36","150","Streptopelia decaocto","0","0","1","0"
"0.36","150","Milvus migrans","0","0","1","0"
"0.36","150","Delichon urbicum","0","0","1","0"
"0.36","150","Phoenicurus ochruros","0","0","1","0"
"0.36","150","Gyps fulvus","0","0","1","0"
"0.36","150","Erithacus rubecula","0","0","1","0"
"0.36","150","Motacilla alba","0","0","1","0"
"0.36","150","Garrulus glandarius","0","0","1","0"
"0.36","150","Cyanistes caeruleus","0","0","1","0"
"0.36","150","Chloris chloris","0","0","1","0"
"0.36","150","Troglodytes troglodytes","0","0","1","0"
"0.36","150","Emberiza cirlus","0","0","1","0"
"0.36","150","Luscinia megarhynchos","0","0","1","0"
"0.36","150","Oriolus oriolus","0","0","1","0"
"0.36","150","Columba livia","0","0","1","0"
"0.36","150","Falco tinnunculus","0","0","1","0"
"0.36","150","Cuculus canorus","0","0","1","0"
"0.36","150","Buteo buteo","1","0","0","0"
"0.36","150","Phylloscopus bonelli","0","0","1","0"
"0.36","150","Sturnus vulgaris","0","0","1","0"
"0.36","150","Linaria cannabina","0","0","1","0"
"0.36","150","Periparus ater","0","0","1","0"
"0.36","150","Hippolais polyglotta","0","0","1","0"
"0.36","150","Merops apiaster","0","0","1","0"
"0.36","150","Larus michahellis","0","0","1","0"
"0.36","150","Ptyonoprogne rupestris","0","0","1","0"
"0.36","150","Anas platyrhynchos","0","0","1","0"
"0.36","150","Certhia brachydactyla","0","0","1","0"
"0.36","150","Saxicola rubicola","0","0","1","0"
"0.36","150","Dendrocopos major","0","0","1","0"
"0.36","150","Ardea cinerea","0","0","1","0"
"0.36","150","Streptopelia turtur","0","0","1","0"
"0.36","150","Upupa epops","0","0","1","0"
"0.36","150","Picus viridis","0","0","1","0"
"0.36","150","Emberiza calandra","0","0","1","0"
"0.36","150","Regulus ignicapilla","0","0","1","0"
"0.36","150","Corvus corax","0","0","1","0"
"0.36","150","Aegithalos caudatus","0","0","1","0"
"0.36","150","Alauda arvensis","0","0","1","0"
"0.36","150","Turdus viscivorus","0","0","1","0"
"0.36","150","Turdus philomelos","0","0","1","0"
"0.36","150","Lullula arborea","0","0","1","0"
"0.36","150","Sitta europaea","0","0","1","0"
"0.36","150","Galerida cristata","0","0","1","0"
"0.36","150","Pyrrhocorax pyrrhocorax","0","0","1","0"
"0.36","150","Petronia petronia","0","0","1","0"
"0.36","150","Cettia cetti","0","0","1","0"
"0.36","150","Lophophanes cristatus","0","0","1","0"
"0.36","150","Phylloscopus collybita","0","0","1","0"
"0.36","150","Curruca melanocephala","0","0","1","0"
"0.36","150","Fulica atra","0","0","1","0"
"0.36","150","Egretta garzetta","0","0","1","0"
"0.36","150","Cisticola juncidis","0","0","1","0"
"0.36","150","Lanius collurio","0","0","1","0"
"0.36","150","Circaetus gallicus","0","0","1","0"
"0.36","150","Curruca communis","0","0","1","0"
"0.36","150","Phalacrocorax carbo","0","0","1","0"
"0.36","150","Carduelis citrinella","0","0","1","0"
"0.36","150","Hieraaetus pennatus","0","0","1","0"
"0.36","150","Milvus milvus","0","0","1","0"
"0.36","150","Picus sharpei","0","0","1","0"
"0.36","150","Oenanthe oenanthe","0","0","1","0"
"0.36","150","Gallinula chloropus","0","0","1","0"
"0.36","150","Ciconia ciconia","0","0","1","0"
"0.36","150","Phoenicurus phoenicurus","0","0","1","0"
"0.36","150","Chroicocephalus ridibundus","0","0","1","0"
"0.36","150","Motacilla cinerea","0","0","1","0"
"0.36","150","Corvus monedula","0","0","1","0"
"0.36","150","Lanius senator","0","0","1","0"
"0.36","150","Himantopus himantopus","0","0","1","0"
"0.36","150","Sturnus unicolor","0","0","1","0"
"0.36","150","Alectoris rufa","0","0","1","0"
"0.36","150","Acrocephalus scirpaceus","0","0","1","0"
"0.36","150","Emberiza cia","0","0","1","0"
"0.36","150","Curruca iberiae","0","0","1","0"
"0.36","150","Coturnix coturnix","0","0","1","0"
"0.36","150","Prunella modularis","0","0","1","0"
"0.36","150","Bubulcus ibis","0","0","1","0"
"0.36","150","Circus aeruginosus","0","0","1","0"
"0.36","150","Emberiza citrinella","0","0","1","0"
"0.36","150","Motacilla flava","0","0","1","0"
"0.36","150","Muscicapa striata","0","0","1","0"
"0.36","150","Acrocephalus arundinaceus","0","0","1","0"
"0.36","150","Pernis apivorus","0","0","1","0"
"0.36","150","Sterna hirundo","0","0","1","0"
"0.36","150","Passer montanus","0","0","1","0"
"0.36","150","Anthus trivialis","0","0","1","0"
"0.36","150","Podiceps cristatus","0","0","1","0"
"0.36","150","Ardea purpurea","0","0","1","0"
"0.36","150","Sylvia borin","0","0","1","0"
"0.36","150","Curruca undata","0","0","1","0"
"0.36","150","Charadrius dubius","0","0","1","0"
"0.36","150","Tachybaptus ruficollis","0","0","1","0"
"0.36","150","Falco subbuteo","0","0","1","0"
"0.36","150","Apus melba","0","0","1","0"
"0.36","150","Recurvirostra avosetta","0","0","1","0"
"0.36","150","Pyrrhula pyrrhula","0","0","1","0"
"0.36","150","Tadorna tadorna","0","0","1","0"
"0.36","150","Anthus campestris","0","0","1","0"
"0.36","150","Riparia riparia","0","0","1","0"
"0.36","150","Netta rufina","0","0","1","0"
"0.36","150","Circus pygargus","0","0","1","0"
"0.36","150","Galerida theklae","0","0","1","0"
"0.36","150","Cinclus cinclus","0","0","1","0"
"0.36","150","Aquila chrysaetos","0","0","1","0"
"0.36","150","Actitis hypoleucos","0","0","1","0"
"0.36","150","Poecile palustris","0","0","1","0"
"0.36","150","Aythya ferina","0","0","1","0"
"0.36","150","Alcedo atthis","0","0","1","0"
"0.36","150","Pyrrhocorax graculus","0","0","1","0"
"0.36","150","Burhinus oedicnemus","0","0","1","0"
"0.36","150","Sternula albifrons","0","0","1","0"
"0.36","150","Accipiter nisus","0","0","1","0"
"0.36","150","Melanocorypha calandra","0","0","1","0"
"0.36","150","Nycticorax nycticorax","0","0","1","0"
"0.36","150","Anthus spinoletta","0","0","1","0"
"0.36","150","Vanellus vanellus","0","0","1","0"
"0.36","150","Coccothraustes coccothraustes","0","0","1","0"
"0.36","150","Phasianus colchicus","0","0","1","0"
"0.36","150","Saxicola rubetra","0","0","1","0"
"0.36","150","Loxia curvirostra","0","0","1","0"
"0.36","150","Phoenicopterus roseus","0","0","1","0"
"0.36","150","Tringa ochropus","0","0","1","0"
"0.36","150","Mareca strepera","0","0","1","0"
"0.36","150","Emberiza schoeniclus","0","0","1","0"
"0.36","150","Plegadis falcinellus","0","0","1","0"
"0.36","150","Cygnus olor","0","0","1","0"
"0.36","150","Tringa totanus","0","0","1","0"
"0.36","150","Ardea alba","0","0","1","0"
"0.36","150","Coracias garrulus","0","0","1","0"
"0.36","150","Ichthyaetus melanocephalus","0","0","1","0"
"0.36","150","Strix aluco","0","0","1","0"
"0.36","150","Regulus regulus","0","0","1","0"
"0.36","150","Columba oenas","0","0","1","0"
"0.36","150","Cecropis daurica","0","0","1","0"
"0.36","150","Passer hispaniolensis","0","0","1","0"
"0.36","150","Athene noctua","0","0","1","0"
"0.36","150","Falco naumanni","0","0","1","0"
"0.36","150","Rallus aquaticus","0","0","1","0"
"0.36","150","Psittacula krameri","0","0","1","0"
"0.36","150","Lanius meridionalis","0","0","1","0"
"0.36","150","Platalea leucorodia","0","0","1","0"
"0.36","150","Phylloscopus ibericus","0","0","1","0"
"0.36","150","Aegypius monachus","0","0","1","0"
"0.36","150","Otus scops","0","0","1","0"
"0.36","150","Jynx torquilla","0","0","1","0"
"0.36","150","Dendrocoptes medius","0","0","1","0"
"0.36","151","Turdus merula","0","0","1","0"
"0.36","151","Apus apus","0","0","1","0"
"0.36","151","Fringilla coelebs","0","0","1","0"
"0.36","151","Columba palumbus","0","0","1","0"
"0.36","151","Hirundo rustica","0","0","1","0"
"0.36","151","Passer domesticus","0","0","1","0"
"0.36","151","Sylvia atricapilla","0","0","1","0"
"0.36","151","Corvus corone","0","0","1","0"
"0.36","151","Pica pica","0","0","1","0"
"0.36","151","Carduelis carduelis","0","0","1","0"
"0.36","151","Serinus serinus","0","0","1","0"
"0.36","151","Parus major","0","0","1","0"
"0.36","151","Streptopelia decaocto","0","0","1","0"
"0.36","151","Milvus migrans","0","0","1","0"
"0.36","151","Delichon urbicum","0","0","1","0"
"0.36","151","Phoenicurus ochruros","0","0","1","0"
"0.36","151","Erithacus rubecula","0","0","1","0"
"0.36","151","Gyps fulvus","0","0","1","0"
"0.36","151","Motacilla alba","0","0","1","0"
"0.36","151","Garrulus glandarius","0","0","1","0"
"0.36","151","Cyanistes caeruleus","0","0","1","0"
"0.36","151","Chloris chloris","0","0","1","0"
"0.36","151","Emberiza cirlus","0","0","1","0"
"0.36","151","Troglodytes troglodytes","0","0","1","0"
"0.36","151","Luscinia megarhynchos","1","0","0","0"
"0.36","151","Oriolus oriolus","0","0","1","0"
"0.36","151","Columba livia","0","0","1","0"
"0.36","151","Falco tinnunculus","0","0","1","0"
"0.36","151","Cuculus canorus","0","0","1","0"
"0.36","151","Buteo buteo","0","0","1","0"
"0.36","151","Phylloscopus bonelli","0","0","1","0"
"0.36","151","Sturnus vulgaris","0","0","1","0"
"0.36","151","Linaria cannabina","0","0","1","0"
"0.36","151","Periparus ater","0","0","1","0"
"0.36","151","Hippolais polyglotta","0","0","1","0"
"0.36","151","Merops apiaster","0","0","1","0"
"0.36","151","Larus michahellis","0","0","1","0"
"0.36","151","Anas platyrhynchos","0","0","1","0"
"0.36","151","Ptyonoprogne rupestris","0","0","1","0"
"0.36","151","Certhia brachydactyla","0","0","1","0"
"0.36","151","Saxicola rubicola","0","0","1","0"
"0.36","151","Dendrocopos major","0","0","1","0"
"0.36","151","Ardea cinerea","0","0","1","0"
"0.36","151","Streptopelia turtur","0","0","1","0"
"0.36","151","Upupa epops","0","0","1","0"
"0.36","151","Picus viridis","0","0","1","0"
"0.36","151","Emberiza calandra","0","0","1","0"
"0.36","151","Regulus ignicapilla","0","0","1","0"
"0.36","151","Corvus corax","0","0","1","0"
"0.36","151","Aegithalos caudatus","0","0","1","0"
"0.36","151","Turdus viscivorus","0","0","1","0"
"0.36","151","Alauda arvensis","0","0","1","0"
"0.36","151","Turdus philomelos","0","0","1","0"
"0.36","151","Lullula arborea","0","0","1","0"
"0.36","151","Sitta europaea","0","0","1","0"
"0.36","151","Galerida cristata","0","0","1","0"
"0.36","151","Pyrrhocorax pyrrhocorax","0","0","1","0"
"0.36","151","Petronia petronia","0","0","1","0"
"0.36","151","Cettia cetti","0","0","1","0"
"0.36","151","Lophophanes cristatus","0","0","1","0"
"0.36","151","Phylloscopus collybita","0","0","1","0"
"0.36","151","Curruca melanocephala","0","0","1","0"
"0.36","151","Fulica atra","0","0","1","0"
"0.36","151","Egretta garzetta","0","0","1","0"
"0.36","151","Cisticola juncidis","0","0","1","0"
"0.36","151","Lanius collurio","0","0","1","0"
"0.36","151","Circaetus gallicus","0","0","1","0"
"0.36","151","Curruca communis","0","0","1","0"
"0.36","151","Phalacrocorax carbo","0","0","1","0"
"0.36","151","Carduelis citrinella","0","0","1","0"
"0.36","151","Hieraaetus pennatus","0","0","1","0"
"0.36","151","Milvus milvus","0","0","1","0"
"0.36","151","Gallinula chloropus","0","0","1","0"
"0.36","151","Oenanthe oenanthe","0","0","1","0"
"0.36","151","Picus sharpei","0","0","1","0"
"0.36","151","Ciconia ciconia","0","0","1","0"
"0.36","151","Phoenicurus phoenicurus","0","0","1","0"
"0.36","151","Chroicocephalus ridibundus","0","0","1","0"
"0.36","151","Motacilla cinerea","0","0","1","0"
"0.36","151","Corvus monedula","0","0","1","0"
"0.36","151","Lanius senator","0","0","1","0"
"0.36","151","Himantopus himantopus","0","0","1","0"
"0.36","151","Sturnus unicolor","0","0","1","0"
"0.36","151","Acrocephalus scirpaceus","0","0","1","0"
"0.36","151","Alectoris rufa","0","0","1","0"
"0.36","151","Emberiza cia","0","0","1","0"
"0.36","151","Curruca iberiae","0","0","1","0"
"0.36","151","Coturnix coturnix","0","0","1","0"
"0.36","151","Bubulcus ibis","0","0","1","0"
"0.36","151","Prunella modularis","0","0","1","0"
"0.36","151","Circus aeruginosus","0","0","1","0"
"0.36","151","Emberiza citrinella","0","0","1","0"
"0.36","151","Motacilla flava","0","0","1","0"
"0.36","151","Muscicapa striata","0","0","1","0"
"0.36","151","Acrocephalus arundinaceus","0","0","1","0"
"0.36","151","Pernis apivorus","0","0","1","0"
"0.36","151","Sterna hirundo","0","0","1","0"
"0.36","151","Passer montanus","0","0","1","0"
"0.36","151","Anthus trivialis","0","0","1","0"
"0.36","151","Podiceps cristatus","0","0","1","0"
"0.36","151","Ardea purpurea","0","0","1","0"
"0.36","151","Sylvia borin","0","0","1","0"
"0.36","151","Charadrius dubius","0","0","1","0"
"0.36","151","Curruca undata","0","0","1","0"
"0.36","151","Tachybaptus ruficollis","0","0","1","0"
"0.36","151","Falco subbuteo","0","0","1","0"
"0.36","151","Apus melba","0","0","1","0"
"0.36","151","Recurvirostra avosetta","0","0","1","0"
"0.36","151","Pyrrhula pyrrhula","0","0","1","0"
"0.36","151","Tadorna tadorna","0","0","1","0"
"0.36","151","Anthus campestris","0","0","1","0"
"0.36","151","Riparia riparia","0","0","1","0"
"0.36","151","Netta rufina","0","0","1","0"
"0.36","151","Circus pygargus","0","0","1","0"
"0.36","151","Galerida theklae","0","0","1","0"
"0.36","151","Cinclus cinclus","0","0","1","0"
"0.36","151","Aquila chrysaetos","0","0","1","0"
"0.36","151","Actitis hypoleucos","0","0","1","0"
"0.36","151","Poecile palustris","0","0","1","0"
"0.36","151","Aythya ferina","0","0","1","0"
"0.36","151","Alcedo atthis","0","0","1","0"
"0.36","151","Pyrrhocorax graculus","0","0","1","0"
"0.36","151","Burhinus oedicnemus","0","0","1","0"
"0.36","151","Sternula albifrons","0","0","1","0"
"0.36","151","Accipiter nisus","0","0","1","0"
"0.36","151","Melanocorypha calandra","0","0","1","0"
"0.36","151","Nycticorax nycticorax","0","0","1","0"
"0.36","151","Anthus spinoletta","0","0","1","0"
"0.36","151","Coccothraustes coccothraustes","0","0","1","0"
"0.36","151","Vanellus vanellus","0","0","1","0"
"0.36","151","Phasianus colchicus","0","0","1","0"
"0.36","151","Saxicola rubetra","0","0","1","0"
"0.36","151","Loxia curvirostra","0","0","1","0"
"0.36","151","Phoenicopterus roseus","0","0","1","0"
"0.36","151","Tringa ochropus","0","0","1","0"
"0.36","151","Mareca strepera","0","0","1","0"
"0.36","151","Emberiza schoeniclus","0","0","1","0"
"0.36","151","Plegadis falcinellus","0","0","1","0"
"0.36","151","Cygnus olor","0","0","1","0"
"0.36","151","Ardea alba","0","0","1","0"
"0.36","151","Tringa totanus","0","0","1","0"
"0.36","151","Coracias garrulus","0","0","1","0"
"0.36","151","Ichthyaetus melanocephalus","0","0","1","0"
"0.36","151","Columba oenas","0","0","1","0"
"0.36","151","Strix aluco","0","0","1","0"
"0.36","151","Regulus regulus","0","0","1","0"
"0.36","151","Passer hispaniolensis","0","0","1","0"
"0.36","151","Cecropis daurica","0","0","1","0"
"0.36","151","Falco naumanni","0","0","1","0"
"0.36","151","Athene noctua","0","0","1","0"
"0.36","151","Rallus aquaticus","0","0","1","0"
"0.36","151","Psittacula krameri","0","0","1","0"
"0.36","151","Lanius meridionalis","0","0","1","0"
"0.36","151","Platalea leucorodia","0","0","1","0"
"0.36","151","Phylloscopus ibericus","0","0","1","0"
"0.36","151","Aegypius monachus","0","0","1","0"
"0.36","151","Chlidonias niger","0","0","1","0"
"0.36","151","Otus scops","0","0","1","0"
"0.36","151","Jynx torquilla","0","0","1","0"
"0.36","151","Dendrocoptes medius","0","0","1","0"
"0.36","152","Turdus merula","0","0","0","1"
"0.36","152","Apus apus","0","0","1","0"
"0.36","152","Fringilla coelebs","0","0","1","0"
"0.36","152","Columba palumbus","0","0","1","0"
"0.36","152","Hirundo rustica","0","0","1","0"
"0.36","152","Passer domesticus","0","0","1","0"
"0.36","152","Sylvia atricapilla","0","0","0","1"
"0.36","152","Corvus corone","0","0","1","0"
"0.36","152","Pica pica","0","0","1","0"
"0.36","152","Carduelis carduelis","0","0","1","0"
"0.36","152","Serinus serinus","0","0","1","0"
"0.36","152","Parus major","0","0","1","0"
"0.36","152","Streptopelia decaocto","0","0","1","0"
"0.36","152","Milvus migrans","0","0","1","0"
"0.36","152","Delichon urbicum","0","0","1","0"
"0.36","152","Phoenicurus ochruros","0","0","1","0"
"0.36","152","Erithacus rubecula","0","0","1","0"
"0.36","152","Gyps fulvus","0","0","1","0"
"0.36","152","Motacilla alba","0","0","1","0"
"0.36","152","Garrulus glandarius","0","0","0","1"
"0.36","152","Cyanistes caeruleus","0","0","1","0"
"0.36","152","Chloris chloris","0","0","1","0"
"0.36","152","Emberiza cirlus","0","0","0","1"
"0.36","152","Troglodytes troglodytes","0","0","1","0"
"0.36","152","Luscinia megarhynchos","0","0","0","1"
"0.36","152","Oriolus oriolus","0","0","1","0"
"0.36","152","Columba livia","0","0","1","0"
"0.36","152","Falco tinnunculus","0","0","1","0"
"0.36","152","Cuculus canorus","0","0","1","0"
"0.36","152","Buteo buteo","0","0","1","0"
"0.36","152","Phylloscopus bonelli","0","0","1","0"
"0.36","152","Sturnus vulgaris","0","0","1","0"
"0.36","152","Linaria cannabina","0","0","1","0"
"0.36","152","Periparus ater","0","0","1","0"
"0.36","152","Hippolais polyglotta","0","0","1","0"
"0.36","152","Merops apiaster","0","0","1","0"
"0.36","152","Larus michahellis","0","0","1","0"
"0.36","152","Anas platyrhynchos","0","0","1","0"
"0.36","152","Ptyonoprogne rupestris","0","0","1","0"
"0.36","152","Certhia brachydactyla","0","0","1","0"
"0.36","152","Saxicola rubicola","0","0","1","0"
"0.36","152","Dendrocopos major","0","0","1","0"
"0.36","152","Ardea cinerea","0","0","1","0"
"0.36","152","Streptopelia turtur","0","0","1","0"
"0.36","152","Upupa epops","0","0","1","0"
"0.36","152","Picus viridis","0","0","1","0"
"0.36","152","Emberiza calandra","0","0","0","1"
"0.36","152","Regulus ignicapilla","0","0","1","0"
"0.36","152","Corvus corax","0","0","0","1"
"0.36","152","Aegithalos caudatus","0","0","1","0"
"0.36","152","Turdus viscivorus","0","0","1","0"
"0.36","152","Alauda arvensis","0","0","1","0"
"0.36","152","Turdus philomelos","0","0","1","0"
"0.36","152","Lullula arborea","0","0","1","0"
"0.36","152","Sitta europaea","0","0","1","0"
"0.36","152","Galerida cristata","0","0","1","0"
"0.36","152","Pyrrhocorax pyrrhocorax","0","0","1","0"
"0.36","152","Petronia petronia","0","0","1","0"
"0.36","152","Cettia cetti","0","0","1","0"
"0.36","152","Lophophanes cristatus","0","0","1","0"
"0.36","152","Phylloscopus collybita","0","0","0","1"
"0.36","152","Curruca melanocephala","0","0","1","0"
"0.36","152","Fulica atra","0","0","1","0"
"0.36","152","Egretta garzetta","0","0","1","0"
"0.36","152","Cisticola juncidis","0","0","0","1"
"0.36","152","Lanius collurio","0","0","1","0"
"0.36","152","Circaetus gallicus","0","0","1","0"
"0.36","152","Curruca communis","0","0","1","0"
"0.36","152","Phalacrocorax carbo","0","0","1","0"
"0.36","152","Carduelis citrinella","0","0","1","0"
"0.36","152","Hieraaetus pennatus","0","0","1","0"
"0.36","152","Milvus milvus","0","0","1","0"
"0.36","152","Gallinula chloropus","0","0","1","0"
"0.36","152","Oenanthe oenanthe","0","0","1","0"
"0.36","152","Picus sharpei","0","0","1","0"
"0.36","152","Ciconia ciconia","0","0","1","0"
"0.36","152","Phoenicurus phoenicurus","0","0","1","0"
"0.36","152","Chroicocephalus ridibundus","0","0","1","0"
"0.36","152","Motacilla cinerea","0","0","1","0"
"0.36","152","Corvus monedula","0","0","1","0"
"0.36","152","Lanius senator","0","0","1","0"
"0.36","152","Himantopus himantopus","0","0","1","0"
"0.36","152","Sturnus unicolor","0","0","1","0"
"0.36","152","Acrocephalus scirpaceus","0","0","1","0"
"0.36","152","Alectoris rufa","0","0","1","0"
"0.36","152","Emberiza cia","0","0","1","0"
"0.36","152","Curruca iberiae","0","0","1","0"
"0.36","152","Coturnix coturnix","0","0","1","0"
"0.36","152","Bubulcus ibis","0","0","1","0"
"0.36","152","Prunella modularis","0","0","1","0"
"0.36","152","Circus aeruginosus","0","0","1","0"
"0.36","152","Emberiza citrinella","0","0","0","1"
"0.36","152","Motacilla flava","0","0","1","0"
"0.36","152","Muscicapa striata","0","0","1","0"
"0.36","152","Acrocephalus arundinaceus","0","0","1","0"
"0.36","152","Pernis apivorus","0","0","1","0"
"0.36","152","Sterna hirundo","0","0","1","0"
"0.36","152","Passer montanus","0","0","1","0"
"0.36","152","Anthus trivialis","0","0","1","0"
"0.36","152","Podiceps cristatus","0","0","1","0"
"0.36","152","Ardea purpurea","0","0","1","0"
"0.36","152","Sylvia borin","0","0","1","0"
"0.36","152","Charadrius dubius","0","0","1","0"
"0.36","152","Curruca undata","0","0","1","0"
"0.36","152","Tachybaptus ruficollis","0","0","1","0"
"0.36","152","Falco subbuteo","0","0","1","0"
"0.36","152","Apus melba","0","0","1","0"
"0.36","152","Recurvirostra avosetta","0","0","1","0"
"0.36","152","Pyrrhula pyrrhula","0","0","1","0"
"0.36","152","Tadorna tadorna","0","0","1","0"
"0.36","152","Anthus campestris","0","0","1","0"
"0.36","152","Riparia riparia","0","0","1","0"
"0.36","152","Netta rufina","0","0","1","0"
"0.36","152","Circus pygargus","0","0","1","0"
"0.36","152","Galerida theklae","0","0","1","0"
"0.36","152","Cinclus cinclus","0","0","1","0"
"0.36","152","Aquila chrysaetos","0","0","1","0"
"0.36","152","Actitis hypoleucos","0","0","1","0"
"0.36","152","Poecile palustris","0","0","1","0"
"0.36","152","Aythya ferina","0","0","1","0"
"0.36","152","Alcedo atthis","0","0","1","0"
"0.36","152","Pyrrhocorax graculus","0","0","1","0"
"0.36","152","Burhinus oedicnemus","0","0","1","0"
"0.36","152","Sternula albifrons","0","0","1","0"
"0.36","152","Accipiter nisus","0","0","1","0"
"0.36","152","Melanocorypha calandra","0","0","1","0"
"0.36","152","Nycticorax nycticorax","0","0","1","0"
"0.36","152","Anthus spinoletta","0","0","1","0"
"0.36","152","Coccothraustes coccothraustes","0","0","1","0"
"0.36","152","Vanellus vanellus","0","0","1","0"
"0.36","152","Phasianus colchicus","0","0","1","0"
"0.36","152","Saxicola rubetra","0","0","1","0"
"0.36","152","Loxia curvirostra","0","0","1","0"
"0.36","152","Phoenicopterus roseus","0","0","1","0"
"0.36","152","Tringa ochropus","0","0","1","0"
"0.36","152","Mareca strepera","0","0","1","0"
"0.36","152","Emberiza schoeniclus","0","0","1","0"
"0.36","152","Plegadis falcinellus","0","0","1","0"
"0.36","152","Cygnus olor","0","0","1","0"
"0.36","152","Ardea alba","0","0","1","0"
"0.36","152","Tringa totanus","0","0","1","0"
"0.36","152","Coracias garrulus","0","0","1","0"
"0.36","152","Ichthyaetus melanocephalus","0","0","1","0"
"0.36","152","Columba oenas","0","0","1","0"
"0.36","152","Strix aluco","0","0","1","0"
"0.36","152","Regulus regulus","0","0","1","0"
"0.36","152","Passer hispaniolensis","0","0","1","0"
"0.36","152","Cecropis daurica","0","0","1","0"
"0.36","152","Falco naumanni","0","0","1","0"
"0.36","152","Athene noctua","0","0","1","0"
"0.36","152","Rallus aquaticus","0","0","1","0"
"0.36","152","Psittacula krameri","0","0","1","0"
"0.36","152","Lanius meridionalis","0","0","1","0"
"0.36","152","Platalea leucorodia","0","0","1","0"
"0.36","152","Phylloscopus ibericus","0","0","1","0"
"0.36","152","Aegypius monachus","0","0","1","0"
"0.36","152","Chlidonias niger","0","0","1","0"
"0.36","152","Otus scops","0","0","1","0"
"0.36","152","Jynx torquilla","0","0","1","0"
"0.36","152","Dendrocoptes medius","0","0","1","0"
"0.36","153","Turdus merula","0","0","0","1"
"0.36","153","Apus apus","0","0","1","0"
"0.36","153","Fringilla coelebs","0","0","1","0"
"0.36","153","Columba palumbus","0","0","1","0"
"0.36","153","Hirundo rustica","0","0","1","0"
"0.36","153","Passer domesticus","0","0","1","0"
"0.36","153","Sylvia atricapilla","0","0","0","1"
"0.36","153","Corvus corone","0","0","1","0"
"0.36","153","Pica pica","0","0","1","0"
"0.36","153","Carduelis carduelis","0","0","1","0"
"0.36","153","Serinus serinus","0","0","1","0"
"0.36","153","Parus major","0","0","1","0"
"0.36","153","Streptopelia decaocto","0","0","1","0"
"0.36","153","Milvus migrans","0","0","1","0"
"0.36","153","Delichon urbicum","0","0","1","0"
"0.36","153","Phoenicurus ochruros","0","0","1","0"
"0.36","153","Erithacus rubecula","0","0","1","0"
"0.36","153","Gyps fulvus","0","0","1","0"
"0.36","153","Motacilla alba","0","0","1","0"
"0.36","153","Garrulus glandarius","0","0","1","0"
"0.36","153","Cyanistes caeruleus","0","0","1","0"
"0.36","153","Chloris chloris","0","0","1","0"
"0.36","153","Emberiza cirlus","0","0","1","0"
"0.36","153","Troglodytes troglodytes","0","0","1","0"
"0.36","153","Luscinia megarhynchos","0","0","0","1"
"0.36","153","Oriolus oriolus","0","0","1","0"
"0.36","153","Columba livia","0","0","1","0"
"0.36","153","Falco tinnunculus","0","0","1","0"
"0.36","153","Cuculus canorus","0","0","1","0"
"0.36","153","Buteo buteo","0","0","1","0"
"0.36","153","Phylloscopus bonelli","0","0","1","0"
"0.36","153","Sturnus vulgaris","0","0","1","0"
"0.36","153","Linaria cannabina","0","0","1","0"
"0.36","153","Periparus ater","0","0","1","0"
"0.36","153","Hippolais polyglotta","0","0","1","0"
"0.36","153","Merops apiaster","0","0","1","0"
"0.36","153","Larus michahellis","0","0","1","0"
"0.36","153","Anas platyrhynchos","0","0","1","0"
"0.36","153","Ptyonoprogne rupestris","0","0","1","0"
"0.36","153","Certhia brachydactyla","0","0","1","0"
"0.36","153","Saxicola rubicola","0","0","1","0"
"0.36","153","Dendrocopos major","0","0","1","0"
"0.36","153","Ardea cinerea","0","0","1","0"
"0.36","153","Streptopelia turtur","0","0","1","0"
"0.36","153","Upupa epops","0","0","1","0"
"0.36","153","Picus viridis","0","0","1","0"
"0.36","153","Emberiza calandra","0","0","1","0"
"0.36","153","Regulus ignicapilla","0","0","1","0"
"0.36","153","Corvus corax","0","0","1","0"
"0.36","153","Aegithalos caudatus","0","0","1","0"
"0.36","153","Turdus viscivorus","0","0","1","0"
"0.36","153","Alauda arvensis","0","0","1","0"
"0.36","153","Turdus philomelos","0","0","1","0"
"0.36","153","Lullula arborea","0","0","1","0"
"0.36","153","Sitta europaea","0","0","1","0"
"0.36","153","Galerida cristata","0","0","1","0"
"0.36","153","Pyrrhocorax pyrrhocorax","0","0","1","0"
"0.36","153","Petronia petronia","0","0","1","0"
"0.36","153","Cettia cetti","0","0","1","0"
"0.36","153","Lophophanes cristatus","0","0","1","0"
"0.36","153","Phylloscopus collybita","0","0","1","0"
"0.36","153","Curruca melanocephala","0","0","1","0"
"0.36","153","Fulica atra","0","0","1","0"
"0.36","153","Egretta garzetta","0","0","1","0"
"0.36","153","Cisticola juncidis","0","0","1","0"
"0.36","153","Lanius collurio","0","0","1","0"
"0.36","153","Circaetus gallicus","0","0","1","0"
"0.36","153","Curruca communis","0","0","0","1"
"0.36","153","Phalacrocorax carbo","0","0","1","0"
"0.36","153","Carduelis citrinella","0","0","1","0"
"0.36","153","Hieraaetus pennatus","0","0","1","0"
"0.36","153","Milvus milvus","0","0","1","0"
"0.36","153","Gallinula chloropus","0","0","1","0"
"0.36","153","Oenanthe oenanthe","0","0","1","0"
"0.36","153","Picus sharpei","0","0","1","0"
"0.36","153","Ciconia ciconia","0","0","1","0"
"0.36","153","Phoenicurus phoenicurus","0","0","1","0"
"0.36","153","Chroicocephalus ridibundus","0","0","1","0"
"0.36","153","Motacilla cinerea","0","0","1","0"
"0.36","153","Corvus monedula","0","0","1","0"
"0.36","153","Lanius senator","0","0","1","0"
"0.36","153","Himantopus himantopus","0","0","1","0"
"0.36","153","Sturnus unicolor","0","0","1","0"
"0.36","153","Acrocephalus scirpaceus","0","0","1","0"
"0.36","153","Alectoris rufa","0","0","1","0"
"0.36","153","Emberiza cia","0","0","1","0"
"0.36","153","Curruca iberiae","0","0","1","0"
"0.36","153","Coturnix coturnix","0","0","1","0"
"0.36","153","Bubulcus ibis","0","0","1","0"
"0.36","153","Prunella modularis","0","0","1","0"
"0.36","153","Circus aeruginosus","0","0","1","0"
"0.36","153","Emberiza citrinella","0","0","0","1"
"0.36","153","Motacilla flava","0","0","1","0"
"0.36","153","Muscicapa striata","0","0","1","0"
"0.36","153","Acrocephalus arundinaceus","0","0","1","0"
"0.36","153","Pernis apivorus","0","0","1","0"
"0.36","153","Sterna hirundo","0","0","1","0"
"0.36","153","Passer montanus","0","0","1","0"
"0.36","153","Anthus trivialis","0","0","1","0"
"0.36","153","Podiceps cristatus","0","0","1","0"
"0.36","153","Ardea purpurea","0","0","1","0"
"0.36","153","Sylvia borin","0","0","1","0"
"0.36","153","Charadrius dubius","0","0","1","0"
"0.36","153","Curruca undata","0","0","1","0"
"0.36","153","Tachybaptus ruficollis","0","0","1","0"
"0.36","153","Falco subbuteo","0","0","1","0"
"0.36","153","Apus melba","0","0","1","0"
"0.36","153","Recurvirostra avosetta","0","0","1","0"
"0.36","153","Pyrrhula pyrrhula","0","0","1","0"
"0.36","153","Tadorna tadorna","0","0","1","0"
"0.36","153","Anthus campestris","0","0","1","0"
"0.36","153","Riparia riparia","0","0","1","0"
"0.36","153","Netta rufina","0","0","1","0"
"0.36","153","Circus pygargus","0","0","1","0"
"0.36","153","Galerida theklae","0","0","1","0"
"0.36","153","Cinclus cinclus","0","0","1","0"
"0.36","153","Aquila chrysaetos","0","0","1","0"
"0.36","153","Actitis hypoleucos","0","0","1","0"
"0.36","153","Poecile palustris","0","0","1","0"
"0.36","153","Aythya ferina","0","0","1","0"
"0.36","153","Alcedo atthis","0","0","1","0"
"0.36","153","Pyrrhocorax graculus","0","0","1","0"
"0.36","153","Burhinus oedicnemus","0","0","1","0"
"0.36","153","Sternula albifrons","0","0","1","0"
"0.36","153","Accipiter nisus","0","0","1","0"
"0.36","153","Melanocorypha calandra","0","0","1","0"
"0.36","153","Nycticorax nycticorax","0","0","1","0"
"0.36","153","Anthus spinoletta","0","0","1","0"
"0.36","153","Coccothraustes coccothraustes","0","0","1","0"
"0.36","153","Vanellus vanellus","0","0","1","0"
"0.36","153","Phasianus colchicus","0","0","0","1"
"0.36","153","Saxicola rubetra","0","0","1","0"
"0.36","153","Loxia curvirostra","0","0","1","0"
"0.36","153","Phoenicopterus roseus","0","0","1","0"
"0.36","153","Tringa ochropus","0","0","1","0"
"0.36","153","Mareca strepera","0","0","1","0"
"0.36","153","Emberiza schoeniclus","0","0","1","0"
"0.36","153","Plegadis falcinellus","0","0","1","0"
"0.36","153","Cygnus olor","0","0","1","0"
"0.36","153","Ardea alba","0","0","1","0"
"0.36","153","Tringa totanus","0","0","1","0"
"0.36","153","Coracias garrulus","0","0","1","0"
"0.36","153","Ichthyaetus melanocephalus","0","0","1","0"
"0.36","153","Columba oenas","0","0","1","0"
"0.36","153","Strix aluco","0","0","1","0"
"0.36","153","Regulus regulus","0","0","1","0"
"0.36","153","Passer hispaniolensis","0","0","1","0"
"0.36","153","Cecropis daurica","0","0","1","0"
"0.36","153","Falco naumanni","0","0","1","0"
"0.36","153","Athene noctua","0","0","1","0"
"0.36","153","Rallus aquaticus","0","0","1","0"
"0.36","153","Psittacula krameri","0","0","1","0"
"0.36","153","Lanius meridionalis","0","0","1","0"
"0.36","153","Platalea leucorodia","0","0","1","0"
"0.36","153","Phylloscopus ibericus","0","0","1","0"
"0.36","153","Aegypius monachus","0","0","1","0"
"0.36","153","Chlidonias niger","0","0","1","0"
"0.36","153","Otus scops","0","0","1","0"
"0.36","153","Jynx torquilla","0","0","1","0"
"0.36","153","Dendrocoptes medius","0","0","1","0"
"0.36","154","Turdus merula","0","0","1","0"
"0.36","154","Apus apus","0","0","1","0"
"0.36","154","Fringilla coelebs","0","0","1","0"
"0.36","154","Columba palumbus","0","0","1","0"
"0.36","154","Hirundo rustica","0","0","1","0"
"0.36","154","Passer domesticus","0","0","1","0"
"0.36","154","Sylvia atricapilla","0","0","1","0"
"0.36","154","Corvus corone","0","0","1","0"
"0.36","154","Pica pica","0","0","1","0"
"0.36","154","Carduelis carduelis","0","0","1","0"
"0.36","154","Serinus serinus","0","0","1","0"
"0.36","154","Streptopelia decaocto","0","0","1","0"
"0.36","154","Parus major","0","0","1","0"
"0.36","154","Milvus migrans","0","0","1","0"
"0.36","154","Delichon urbicum","0","0","1","0"
"0.36","154","Phoenicurus ochruros","0","0","1","0"
"0.36","154","Erithacus rubecula","0","0","1","0"
"0.36","154","Gyps fulvus","0","0","1","0"
"0.36","154","Motacilla alba","0","0","1","0"
"0.36","154","Garrulus glandarius","0","0","1","0"
"0.36","154","Cyanistes caeruleus","0","0","1","0"
"0.36","154","Chloris chloris","0","0","1","0"
"0.36","154","Emberiza cirlus","0","0","1","0"
"0.36","154","Troglodytes troglodytes","0","0","1","0"
"0.36","154","Luscinia megarhynchos","1","0","0","0"
"0.36","154","Oriolus oriolus","0","0","1","0"
"0.36","154","Columba livia","0","0","1","0"
"0.36","154","Falco tinnunculus","0","0","1","0"
"0.36","154","Cuculus canorus","0","0","1","0"
"0.36","154","Buteo buteo","0","0","1","0"
"0.36","154","Phylloscopus bonelli","0","0","1","0"
"0.36","154","Sturnus vulgaris","0","0","1","0"
"0.36","154","Linaria cannabina","0","0","1","0"
"0.36","154","Periparus ater","0","0","1","0"
"0.36","154","Merops apiaster","0","0","1","0"
"0.36","154","Hippolais polyglotta","0","0","1","0"
"0.36","154","Larus michahellis","0","0","1","0"
"0.36","154","Anas platyrhynchos","0","0","1","0"
"0.36","154","Ptyonoprogne rupestris","0","0","1","0"
"0.36","154","Certhia brachydactyla","0","0","1","0"
"0.36","154","Saxicola rubicola","0","0","1","0"
"0.36","154","Dendrocopos major","0","0","1","0"
"0.36","154","Ardea cinerea","0","0","1","0"
"0.36","154","Streptopelia turtur","0","0","1","0"
"0.36","154","Upupa epops","0","0","1","0"
"0.36","154","Picus viridis","0","0","1","0"
"0.36","154","Emberiza calandra","0","0","1","0"
"0.36","154","Regulus ignicapilla","0","0","1","0"
"0.36","154","Corvus corax","0","0","1","0"
"0.36","154","Aegithalos caudatus","0","0","1","0"
"0.36","154","Turdus viscivorus","0","0","1","0"
"0.36","154","Alauda arvensis","0","0","1","0"
"0.36","154","Turdus philomelos","0","0","1","0"
"0.36","154","Lullula arborea","0","0","1","0"
"0.36","154","Sitta europaea","0","0","1","0"
"0.36","154","Galerida cristata","0","0","1","0"
"0.36","154","Pyrrhocorax pyrrhocorax","0","0","1","0"
"0.36","154","Petronia petronia","0","0","1","0"
"0.36","154","Cettia cetti","0","0","1","0"
"0.36","154","Lophophanes cristatus","0","0","1","0"
"0.36","154","Phylloscopus collybita","0","0","1","0"
"0.36","154","Curruca melanocephala","0","0","1","0"
"0.36","154","Fulica atra","0","0","1","0"
"0.36","154","Egretta garzetta","0","0","1","0"
"0.36","154","Cisticola juncidis","0","0","1","0"
"0.36","154","Lanius collurio","0","0","1","0"
"0.36","154","Circaetus gallicus","0","0","1","0"
"0.36","154","Curruca communis","0","0","1","0"
"0.36","154","Phalacrocorax carbo","0","0","1","0"
"0.36","154","Carduelis citrinella","0","0","1","0"
"0.36","154","Hieraaetus pennatus","0","0","1","0"
"0.36","154","Milvus milvus","0","0","1","0"
"0.36","154","Gallinula chloropus","0","0","1","0"
"0.36","154","Oenanthe oenanthe","0","0","1","0"
"0.36","154","Picus sharpei","0","0","1","0"
"0.36","154","Ciconia ciconia","0","0","1","0"
"0.36","154","Phoenicurus phoenicurus","0","0","1","0"
"0.36","154","Chroicocephalus ridibundus","0","0","1","0"
"0.36","154","Motacilla cinerea","0","0","1","0"
"0.36","154","Corvus monedula","0","0","1","0"
"0.36","154","Lanius senator","0","0","1","0"
"0.36","154","Himantopus himantopus","0","0","1","0"
"0.36","154","Sturnus unicolor","0","0","1","0"
"0.36","154","Acrocephalus scirpaceus","0","0","1","0"
"0.36","154","Alectoris rufa","0","0","1","0"
"0.36","154","Emberiza cia","0","0","1","0"
"0.36","154","Curruca iberiae","0","0","1","0"
"0.36","154","Coturnix coturnix","0","0","1","0"
"0.36","154","Bubulcus ibis","0","0","1","0"
"0.36","154","Prunella modularis","0","0","1","0"
"0.36","154","Circus aeruginosus","0","0","1","0"
"0.36","154","Motacilla flava","0","0","1","0"
"0.36","154","Emberiza citrinella","0","0","1","0"
"0.36","154","Muscicapa striata","0","0","1","0"
"0.36","154","Acrocephalus arundinaceus","0","0","1","0"
"0.36","154","Pernis apivorus","0","0","1","0"
"0.36","154","Sterna hirundo","0","0","1","0"
"0.36","154","Passer montanus","0","0","1","0"
"0.36","154","Anthus trivialis","0","0","1","0"
"0.36","154","Podiceps cristatus","0","0","1","0"
"0.36","154","Ardea purpurea","0","0","1","0"
"0.36","154","Sylvia borin","0","0","1","0"
"0.36","154","Charadrius dubius","0","0","1","0"
"0.36","154","Curruca undata","0","0","1","0"
"0.36","154","Tachybaptus ruficollis","0","0","1","0"
"0.36","154","Falco subbuteo","0","0","1","0"
"0.36","154","Apus melba","0","0","1","0"
"0.36","154","Recurvirostra avosetta","0","0","1","0"
"0.36","154","Tadorna tadorna","0","0","1","0"
"0.36","154","Pyrrhula pyrrhula","0","0","1","0"
"0.36","154","Anthus campestris","0","0","1","0"
"0.36","154","Riparia riparia","0","0","1","0"
"0.36","154","Netta rufina","0","0","1","0"
"0.36","154","Circus pygargus","0","0","1","0"
"0.36","154","Galerida theklae","0","0","1","0"
"0.36","154","Cinclus cinclus","0","0","1","0"
"0.36","154","Aquila chrysaetos","0","0","1","0"
"0.36","154","Actitis hypoleucos","0","0","1","0"
"0.36","154","Poecile palustris","0","0","1","0"
"0.36","154","Aythya ferina","0","0","1","0"
"0.36","154","Alcedo atthis","0","0","1","0"
"0.36","154","Pyrrhocorax graculus","0","0","1","0"
"0.36","154","Burhinus oedicnemus","0","0","1","0"
"0.36","154","Sternula albifrons","0","0","1","0"
"0.36","154","Accipiter nisus","0","0","1","0"
"0.36","154","Melanocorypha calandra","0","0","1","0"
"0.36","154","Nycticorax nycticorax","0","0","1","0"
"0.36","154","Anthus spinoletta","0","0","1","0"
"0.36","154","Coccothraustes coccothraustes","0","0","1","0"
"0.36","154","Vanellus vanellus","0","0","1","0"
"0.36","154","Phasianus colchicus","0","0","1","0"
"0.36","154","Saxicola rubetra","0","0","1","0"
"0.36","154","Loxia curvirostra","0","0","1","0"
"0.36","154","Phoenicopterus roseus","0","0","1","0"
"0.36","154","Tringa ochropus","0","0","1","0"
"0.36","154","Mareca strepera","0","0","1","0"
"0.36","154","Emberiza schoeniclus","0","0","1","0"
"0.36","154","Plegadis falcinellus","0","0","1","0"
"0.36","154","Cygnus olor","0","0","1","0"
"0.36","154","Ardea alba","0","0","1","0"
"0.36","154","Tringa totanus","0","0","1","0"
"0.36","154","Coracias garrulus","0","0","1","0"
"0.36","154","Ichthyaetus melanocephalus","0","0","1","0"
"0.36","154","Columba oenas","0","0","1","0"
"0.36","154","Strix aluco","0","0","1","0"
"0.36","154","Regulus regulus","0","0","1","0"
"0.36","154","Passer hispaniolensis","0","0","1","0"
"0.36","154","Cecropis daurica","0","0","1","0"
"0.36","154","Falco naumanni","0","0","1","0"
"0.36","154","Athene noctua","0","0","1","0"
"0.36","154","Rallus aquaticus","0","0","1","0"
"0.36","154","Psittacula krameri","0","0","1","0"
"0.36","154","Lanius meridionalis","0","0","1","0"
"0.36","154","Platalea leucorodia","0","0","1","0"
"0.36","154","Phylloscopus ibericus","0","0","1","0"
"0.36","154","Aegypius monachus","0","0","1","0"
"0.36","154","Chlidonias niger","0","0","1","0"
"0.36","154","Otus scops","0","0","1","0"
"0.36","154","Jynx torquilla","0","0","1","0"
"0.36","154","Dendrocoptes medius","0","0","1","0"
"0.36","155","Turdus merula","0","0","1","0"
"0.36","155","Apus apus","0","0","1","0"
"0.36","155","Fringilla coelebs","0","0","0","1"
"0.36","155","Columba palumbus","0","0","1","0"
"0.36","155","Hirundo rustica","0","0","1","0"
"0.36","155","Passer domesticus","0","0","1","0"
"0.36","155","Sylvia atricapilla","0","0","0","1"
"0.36","155","Corvus corone","0","0","1","0"
"0.36","155","Pica pica","0","0","1","0"
"0.36","155","Carduelis carduelis","0","0","1","0"
"0.36","155","Serinus serinus","0","0","1","0"
"0.36","155","Streptopelia decaocto","0","0","1","0"
"0.36","155","Parus major","0","0","1","0"
"0.36","155","Milvus migrans","0","0","1","0"
"0.36","155","Delichon urbicum","0","0","1","0"
"0.36","155","Phoenicurus ochruros","0","0","1","0"
"0.36","155","Erithacus rubecula","0","0","1","0"
"0.36","155","Gyps fulvus","0","0","1","0"
"0.36","155","Motacilla alba","0","0","1","0"
"0.36","155","Garrulus glandarius","0","0","0","1"
"0.36","155","Cyanistes caeruleus","0","0","1","0"
"0.36","155","Chloris chloris","0","0","1","0"
"0.36","155","Emberiza cirlus","1","0","0","0"
"0.36","155","Troglodytes troglodytes","0","0","1","0"
"0.36","155","Luscinia megarhynchos","1","0","0","0"
"0.36","155","Oriolus oriolus","0","0","1","0"
"0.36","155","Columba livia","0","0","1","0"
"0.36","155","Falco tinnunculus","0","0","1","0"
"0.36","155","Cuculus canorus","0","0","1","0"
"0.36","155","Buteo buteo","0","0","1","0"
"0.36","155","Phylloscopus bonelli","0","0","1","0"
"0.36","155","Sturnus vulgaris","0","0","1","0"
"0.36","155","Linaria cannabina","0","0","1","0"
"0.36","155","Periparus ater","0","0","1","0"
"0.36","155","Merops apiaster","0","0","1","0"
"0.36","155","Hippolais polyglotta","0","0","1","0"
"0.36","155","Larus michahellis","0","0","1","0"
"0.36","155","Anas platyrhynchos","0","0","1","0"
"0.36","155","Ptyonoprogne rupestris","0","0","1","0"
"0.36","155","Certhia brachydactyla","0","0","1","0"
"0.36","155","Saxicola rubicola","0","0","1","0"
"0.36","155","Dendrocopos major","0","0","1","0"
"0.36","155","Ardea cinerea","0","0","1","0"
"0.36","155","Streptopelia turtur","0","0","1","0"
"0.36","155","Upupa epops","0","0","1","0"
"0.36","155","Picus viridis","0","0","0","1"
"0.36","155","Emberiza calandra","0","0","1","0"
"0.36","155","Regulus ignicapilla","0","0","1","0"
"0.36","155","Corvus corax","0","0","1","0"
"0.36","155","Aegithalos caudatus","0","0","1","0"
"0.36","155","Turdus viscivorus","0","0","1","0"
"0.36","155","Alauda arvensis","0","0","1","0"
"0.36","155","Turdus philomelos","0","0","0","1"
"0.36","155","Lullula arborea","0","0","1","0"
"0.36","155","Sitta europaea","0","0","1","0"
"0.36","155","Galerida cristata","0","0","1","0"
"0.36","155","Pyrrhocorax pyrrhocorax","0","0","1","0"
"0.36","155","Petronia petronia","0","0","1","0"
"0.36","155","Cettia cetti","0","0","1","0"
"0.36","155","Lophophanes cristatus","0","0","1","0"
"0.36","155","Phylloscopus collybita","0","0","0","1"
"0.36","155","Curruca melanocephala","0","0","1","0"
"0.36","155","Fulica atra","0","0","1","0"
"0.36","155","Egretta garzetta","0","0","1","0"
"0.36","155","Cisticola juncidis","0","0","1","0"
"0.36","155","Lanius collurio","0","0","1","0"
"0.36","155","Circaetus gallicus","0","0","1","0"
"0.36","155","Curruca communis","0","0","1","0"
"0.36","155","Phalacrocorax carbo","0","0","1","0"
"0.36","155","Carduelis citrinella","0","0","1","0"
"0.36","155","Hieraaetus pennatus","0","0","1","0"
"0.36","155","Milvus milvus","0","0","1","0"
"0.36","155","Gallinula chloropus","0","0","1","0"
"0.36","155","Oenanthe oenanthe","0","0","1","0"
"0.36","155","Picus sharpei","0","0","1","0"
"0.36","155","Ciconia ciconia","0","0","1","0"
"0.36","155","Phoenicurus phoenicurus","0","0","1","0"
"0.36","155","Chroicocephalus ridibundus","0","0","1","0"
"0.36","155","Motacilla cinerea","0","0","1","0"
"0.36","155","Corvus monedula","0","0","1","0"
"0.36","155","Lanius senator","0","0","1","0"
"0.36","155","Himantopus himantopus","0","0","1","0"
"0.36","155","Sturnus unicolor","0","0","1","0"
"0.36","155","Acrocephalus scirpaceus","0","0","1","0"
"0.36","155","Alectoris rufa","0","0","1","0"
"0.36","155","Emberiza cia","0","0","1","0"
"0.36","155","Curruca iberiae","0","0","1","0"
"0.36","155","Coturnix coturnix","0","0","1","0"
"0.36","155","Bubulcus ibis","0","0","1","0"
"0.36","155","Prunella modularis","0","0","1","0"
"0.36","155","Circus aeruginosus","0","0","1","0"
"0.36","155","Motacilla flava","0","0","1","0"
"0.36","155","Emberiza citrinella","0","0","1","0"
"0.36","155","Muscicapa striata","0","0","1","0"
"0.36","155","Acrocephalus arundinaceus","0","0","1","0"
"0.36","155","Pernis apivorus","0","0","1","0"
"0.36","155","Sterna hirundo","0","0","1","0"
"0.36","155","Passer montanus","0","0","1","0"
"0.36","155","Anthus trivialis","0","0","1","0"
"0.36","155","Podiceps cristatus","0","0","1","0"
"0.36","155","Ardea purpurea","0","0","1","0"
"0.36","155","Sylvia borin","0","0","1","0"
"0.36","155","Charadrius dubius","0","0","1","0"
"0.36","155","Curruca undata","0","0","1","0"
"0.36","155","Tachybaptus ruficollis","0","0","1","0"
"0.36","155","Falco subbuteo","0","0","1","0"
"0.36","155","Apus melba","0","0","1","0"
"0.36","155","Recurvirostra avosetta","0","0","1","0"
"0.36","155","Tadorna tadorna","0","0","1","0"
"0.36","155","Pyrrhula pyrrhula","0","0","1","0"
"0.36","155","Anthus campestris","0","0","1","0"
"0.36","155","Riparia riparia","0","0","1","0"
"0.36","155","Netta rufina","0","0","1","0"
"0.36","155","Circus pygargus","0","0","1","0"
"0.36","155","Galerida theklae","0","0","1","0"
"0.36","155","Cinclus cinclus","0","0","1","0"
"0.36","155","Aquila chrysaetos","0","0","1","0"
"0.36","155","Actitis hypoleucos","0","0","1","0"
"0.36","155","Poecile palustris","0","0","1","0"
"0.36","155","Aythya ferina","0","0","1","0"
"0.36","155","Alcedo atthis","0","0","1","0"
"0.36","155","Pyrrhocorax graculus","0","0","1","0"
"0.36","155","Burhinus oedicnemus","0","0","1","0"
"0.36","155","Sternula albifrons","0","0","1","0"
"0.36","155","Accipiter nisus","0","0","1","0"
"0.36","155","Melanocorypha calandra","0","0","1","0"
"0.36","155","Nycticorax nycticorax","0","0","1","0"
"0.36","155","Anthus spinoletta","0","0","1","0"
"0.36","155","Coccothraustes coccothraustes","0","0","1","0"
"0.36","155","Vanellus vanellus","0","0","1","0"
"0.36","155","Phasianus colchicus","0","0","1","0"
"0.36","155","Saxicola rubetra","0","0","1","0"
"0.36","155","Loxia curvirostra","0","0","1","0"
"0.36","155","Phoenicopterus roseus","0","0","1","0"
"0.36","155","Tringa ochropus","0","0","1","0"
"0.36","155","Mareca strepera","0","0","1","0"
"0.36","155","Emberiza schoeniclus","0","0","1","0"
"0.36","155","Plegadis falcinellus","0","0","1","0"
"0.36","155","Cygnus olor","0","0","1","0"
"0.36","155","Ardea alba","0","0","1","0"
"0.36","155","Tringa totanus","0","0","1","0"
"0.36","155","Coracias garrulus","0","0","1","0"
"0.36","155","Ichthyaetus melanocephalus","0","0","1","0"
"0.36","155","Columba oenas","0","0","1","0"
"0.36","155","Strix aluco","0","0","1","0"
"0.36","155","Regulus regulus","0","0","1","0"
"0.36","155","Passer hispaniolensis","0","0","1","0"
"0.36","155","Cecropis daurica","0","0","1","0"
"0.36","155","Falco naumanni","0","0","1","0"
"0.36","155","Athene noctua","0","0","1","0"
"0.36","155","Rallus aquaticus","0","0","1","0"
"0.36","155","Psittacula krameri","0","0","1","0"
"0.36","155","Lanius meridionalis","0","0","1","0"
"0.36","155","Platalea leucorodia","0","0","1","0"
"0.36","155","Phylloscopus ibericus","0","0","1","0"
"0.36","155","Aegypius monachus","0","0","1","0"
"0.36","155","Chlidonias niger","0","0","1","0"
"0.36","155","Otus scops","0","0","1","0"
"0.36","155","Jynx torquilla","0","0","1","0"
"0.36","155","Dendrocoptes medius","0","0","1","0"
"0.36","156","Turdus merula","0","0","0","1"
"0.36","156","Apus apus","0","0","1","0"
"0.36","156","Fringilla coelebs","0","0","1","0"
"0.36","156","Columba palumbus","0","0","1","0"
"0.36","156","Hirundo rustica","0","0","0","1"
"0.36","156","Passer domesticus","0","0","1","0"
"0.36","156","Sylvia atricapilla","0","0","0","1"
"0.36","156","Corvus corone","0","0","1","0"
"0.36","156","Pica pica","0","0","1","0"
"0.36","156","Carduelis carduelis","0","0","1","0"
"0.36","156","Serinus serinus","0","0","1","0"
"0.36","156","Streptopelia decaocto","0","0","1","0"
"0.36","156","Parus major","0","0","1","0"
"0.36","156","Milvus migrans","0","0","1","0"
"0.36","156","Delichon urbicum","0","0","1","0"
"0.36","156","Phoenicurus ochruros","0","0","1","0"
"0.36","156","Erithacus rubecula","0","0","1","0"
"0.36","156","Gyps fulvus","0","0","1","0"
"0.36","156","Motacilla alba","0","0","1","0"
"0.36","156","Garrulus glandarius","0","0","1","0"
"0.36","156","Cyanistes caeruleus","1","0","0","0"
"0.36","156","Chloris chloris","0","0","1","0"
"0.36","156","Emberiza cirlus","0","0","1","0"
"0.36","156","Troglodytes troglodytes","0","0","1","0"
"0.36","156","Luscinia megarhynchos","0","0","1","0"
"0.36","156","Oriolus oriolus","0","0","1","0"
"0.36","156","Columba livia","0","0","1","0"
"0.36","156","Falco tinnunculus","0","0","1","0"
"0.36","156","Cuculus canorus","0","0","1","0"
"0.36","156","Buteo buteo","0","0","1","0"
"0.36","156","Phylloscopus bonelli","0","0","1","0"
"0.36","156","Sturnus vulgaris","0","0","1","0"
"0.36","156","Linaria cannabina","0","0","1","0"
"0.36","156","Periparus ater","0","0","1","0"
"0.36","156","Merops apiaster","0","0","1","0"
"0.36","156","Hippolais polyglotta","0","0","1","0"
"0.36","156","Larus michahellis","0","0","1","0"
"0.36","156","Anas platyrhynchos","0","0","1","0"
"0.36","156","Ptyonoprogne rupestris","0","0","1","0"
"0.36","156","Certhia brachydactyla","0","0","1","0"
"0.36","156","Saxicola rubicola","0","0","1","0"
"0.36","156","Dendrocopos major","0","0","1","0"
"0.36","156","Ardea cinerea","0","0","1","0"
"0.36","156","Streptopelia turtur","0","0","1","0"
"0.36","156","Upupa epops","0","0","1","0"
"0.36","156","Picus viridis","0","0","1","0"
"0.36","156","Emberiza calandra","0","0","1","0"
"0.36","156","Regulus ignicapilla","0","0","1","0"
"0.36","156","Corvus corax","0","0","1","0"
"0.36","156","Aegithalos caudatus","0","0","1","0"
"0.36","156","Turdus viscivorus","0","0","1","0"
"0.36","156","Alauda arvensis","0","0","1","0"
"0.36","156","Turdus philomelos","0","0","1","0"
"0.36","156","Lullula arborea","0","0","1","0"
"0.36","156","Sitta europaea","0","0","1","0"
"0.36","156","Galerida cristata","0","0","1","0"
"0.36","156","Pyrrhocorax pyrrhocorax","0","0","1","0"
"0.36","156","Petronia petronia","0","0","1","0"
"0.36","156","Cettia cetti","0","0","1","0"
"0.36","156","Lophophanes cristatus","1","0","0","0"
"0.36","156","Phylloscopus collybita","0","0","0","1"
"0.36","156","Curruca melanocephala","0","0","1","0"
"0.36","156","Fulica atra","0","0","1","0"
"0.36","156","Egretta garzetta","0","0","1","0"
"0.36","156","Cisticola juncidis","0","0","1","0"
"0.36","156","Lanius collurio","0","0","1","0"
"0.36","156","Circaetus gallicus","0","0","1","0"
"0.36","156","Curruca communis","0","0","0","1"
"0.36","156","Phalacrocorax carbo","0","0","1","0"
"0.36","156","Carduelis citrinella","0","0","1","0"
"0.36","156","Hieraaetus pennatus","0","0","1","0"
"0.36","156","Milvus milvus","0","0","1","0"
"0.36","156","Gallinula chloropus","0","0","1","0"
"0.36","156","Oenanthe oenanthe","0","0","1","0"
"0.36","156","Picus sharpei","0","0","1","0"
"0.36","156","Ciconia ciconia","0","0","1","0"
"0.36","156","Phoenicurus phoenicurus","0","0","1","0"
"0.36","156","Chroicocephalus ridibundus","0","0","1","0"
"0.36","156","Motacilla cinerea","0","0","1","0"
"0.36","156","Corvus monedula","0","0","1","0"
"0.36","156","Lanius senator","0","0","1","0"
"0.36","156","Himantopus himantopus","0","0","1","0"
"0.36","156","Sturnus unicolor","0","0","1","0"
"0.36","156","Acrocephalus scirpaceus","0","0","1","0"
"0.36","156","Alectoris rufa","0","0","1","0"
"0.36","156","Emberiza cia","0","0","1","0"
"0.36","156","Curruca iberiae","0","0","1","0"
"0.36","156","Coturnix coturnix","0","0","1","0"
"0.36","156","Bubulcus ibis","0","0","1","0"
"0.36","156","Prunella modularis","0","0","1","0"
"0.36","156","Circus aeruginosus","0","0","1","0"
"0.36","156","Motacilla flava","0","0","1","0"
"0.36","156","Emberiza citrinella","0","0","1","0"
"0.36","156","Muscicapa striata","0","0","1","0"
"0.36","156","Acrocephalus arundinaceus","0","0","1","0"
"0.36","156","Pernis apivorus","0","0","1","0"
"0.36","156","Sterna hirundo","0","0","1","0"
"0.36","156","Passer montanus","0","0","1","0"
"0.36","156","Anthus trivialis","0","0","1","0"
"0.36","156","Podiceps cristatus","0","0","1","0"
"0.36","156","Ardea purpurea","0","0","1","0"
"0.36","156","Sylvia borin","0","0","1","0"
"0.36","156","Charadrius dubius","0","0","1","0"
"0.36","156","Curruca undata","0","0","1","0"
"0.36","156","Tachybaptus ruficollis","0","0","1","0"
"0.36","156","Falco subbuteo","0","0","1","0"
"0.36","156","Apus melba","0","0","1","0"
"0.36","156","Recurvirostra avosetta","0","0","1","0"
"0.36","156","Tadorna tadorna","0","0","1","0"
"0.36","156","Pyrrhula pyrrhula","0","0","1","0"
"0.36","156","Anthus campestris","0","0","1","0"
"0.36","156","Riparia riparia","0","0","1","0"
"0.36","156","Netta rufina","0","0","1","0"
"0.36","156","Circus pygargus","0","0","1","0"
"0.36","156","Galerida theklae","0","0","1","0"
"0.36","156","Cinclus cinclus","0","0","1","0"
"0.36","156","Aquila chrysaetos","0","0","1","0"
"0.36","156","Actitis hypoleucos","0","0","1","0"
"0.36","156","Poecile palustris","0","0","1","0"
"0.36","156","Aythya ferina","0","0","1","0"
"0.36","156","Alcedo atthis","0","0","1","0"
"0.36","156","Pyrrhocorax graculus","0","0","1","0"
"0.36","156","Burhinus oedicnemus","0","0","1","0"
"0.36","156","Sternula albifrons","0","0","1","0"
"0.36","156","Accipiter nisus","0","0","1","0"
"0.36","156","Melanocorypha calandra","0","0","1","0"
"0.36","156","Nycticorax nycticorax","0","0","1","0"
"0.36","156","Anthus spinoletta","0","0","1","0"
"0.36","156","Coccothraustes coccothraustes","0","0","1","0"
"0.36","156","Vanellus vanellus","0","0","1","0"
"0.36","156","Phasianus colchicus","0","0","1","0"
"0.36","156","Saxicola rubetra","0","0","1","0"
"0.36","156","Loxia curvirostra","0","0","1","0"
"0.36","156","Phoenicopterus roseus","0","0","1","0"
"0.36","156","Tringa ochropus","0","0","1","0"
"0.36","156","Mareca strepera","0","0","1","0"
"0.36","156","Emberiza schoeniclus","0","0","1","0"
"0.36","156","Plegadis falcinellus","0","0","1","0"
"0.36","156","Cygnus olor","0","0","1","0"
"0.36","156","Ardea alba","0","0","1","0"
"0.36","156","Tringa totanus","0","0","1","0"
"0.36","156","Coracias garrulus","0","0","1","0"
"0.36","156","Ichthyaetus melanocephalus","0","0","1","0"
"0.36","156","Columba oenas","0","0","1","0"
"0.36","156","Strix aluco","0","0","1","0"
"0.36","156","Regulus regulus","0","0","1","0"
"0.36","156","Passer hispaniolensis","0","0","1","0"
"0.36","156","Cecropis daurica","0","0","1","0"
"0.36","156","Falco naumanni","0","0","1","0"
"0.36","156","Athene noctua","0","0","1","0"
"0.36","156","Rallus aquaticus","0","0","1","0"
"0.36","156","Psittacula krameri","0","0","1","0"
"0.36","156","Lanius meridionalis","0","0","1","0"
"0.36","156","Platalea leucorodia","0","0","1","0"
"0.36","156","Phylloscopus ibericus","0","0","1","0"
"0.36","156","Aegypius monachus","0","0","1","0"
"0.36","156","Chlidonias niger","0","0","1","0"
"0.36","156","Otus scops","0","0","1","0"
"0.36","156","Jynx torquilla","0","0","1","0"
"0.36","156","Dendrocoptes medius","0","0","1","0"
"0.36","157","Turdus merula","0","0","1","0"
"0.36","157","Apus apus","0","0","1","0"
"0.36","157","Fringilla coelebs","0","0","1","0"
"0.36","157","Columba palumbus","0","0","1","0"
"0.36","157","Hirundo rustica","0","0","1","0"
"0.36","157","Passer domesticus","0","0","1","0"
"0.36","157","Sylvia atricapilla","0","0","1","0"
"0.36","157","Corvus corone","0","0","1","0"
"0.36","157","Pica pica","0","0","1","0"
"0.36","157","Carduelis carduelis","0","0","1","0"
"0.36","157","Serinus serinus","0","0","1","0"
"0.36","157","Streptopelia decaocto","0","0","1","0"
"0.36","157","Parus major","0","0","1","0"
"0.36","157","Milvus migrans","0","0","1","0"
"0.36","157","Delichon urbicum","0","0","1","0"
"0.36","157","Phoenicurus ochruros","0","0","1","0"
"0.36","157","Gyps fulvus","0","0","1","0"
"0.36","157","Erithacus rubecula","0","0","1","0"
"0.36","157","Motacilla alba","0","0","1","0"
"0.36","157","Garrulus glandarius","0","0","1","0"
"0.36","157","Cyanistes caeruleus","0","0","1","0"
"0.36","157","Chloris chloris","0","0","1","0"
"0.36","157","Emberiza cirlus","0","0","1","0"
"0.36","157","Troglodytes troglodytes","0","0","1","0"
"0.36","157","Luscinia megarhynchos","1","0","0","0"
"0.36","157","Oriolus oriolus","0","0","1","0"
"0.36","157","Columba livia","0","0","1","0"
"0.36","157","Falco tinnunculus","0","0","1","0"
"0.36","157","Cuculus canorus","0","0","1","0"
"0.36","157","Buteo buteo","0","0","1","0"
"0.36","157","Phylloscopus bonelli","0","0","1","0"
"0.36","157","Sturnus vulgaris","0","0","1","0"
"0.36","157","Linaria cannabina","0","0","1","0"
"0.36","157","Periparus ater","0","0","1","0"
"0.36","157","Merops apiaster","0","0","1","0"
"0.36","157","Hippolais polyglotta","0","0","1","0"
"0.36","157","Larus michahellis","0","0","1","0"
"0.36","157","Anas platyrhynchos","0","0","1","0"
"0.36","157","Ptyonoprogne rupestris","0","0","1","0"
"0.36","157","Certhia brachydactyla","0","0","1","0"
"0.36","157","Saxicola rubicola","0","0","1","0"
"0.36","157","Dendrocopos major","0","0","1","0"
"0.36","157","Ardea cinerea","0","0","1","0"
"0.36","157","Streptopelia turtur","0","0","1","0"
"0.36","157","Upupa epops","0","0","1","0"
"0.36","157","Picus viridis","0","0","1","0"
"0.36","157","Emberiza calandra","0","0","1","0"
"0.36","157","Regulus ignicapilla","0","0","1","0"
"0.36","157","Corvus corax","0","0","1","0"
"0.36","157","Aegithalos caudatus","0","0","1","0"
"0.36","157","Turdus viscivorus","0","0","1","0"
"0.36","157","Alauda arvensis","0","0","1","0"
"0.36","157","Turdus philomelos","0","0","1","0"
"0.36","157","Lullula arborea","0","0","1","0"
"0.36","157","Sitta europaea","0","0","1","0"
"0.36","157","Galerida cristata","0","0","1","0"
"0.36","157","Pyrrhocorax pyrrhocorax","0","0","1","0"
"0.36","157","Petronia petronia","0","0","1","0"
"0.36","157","Cettia cetti","0","0","1","0"
"0.36","157","Lophophanes cristatus","0","0","1","0"
"0.36","157","Phylloscopus collybita","0","0","1","0"
"0.36","157","Curruca melanocephala","0","0","1","0"
"0.36","157","Fulica atra","0","0","1","0"
"0.36","157","Egretta garzetta","0","0","1","0"
"0.36","157","Cisticola juncidis","0","0","1","0"
"0.36","157","Lanius collurio","0","0","1","0"
"0.36","157","Circaetus gallicus","0","0","1","0"
"0.36","157","Curruca communis","0","0","1","0"
"0.36","157","Phalacrocorax carbo","0","0","1","0"
"0.36","157","Carduelis citrinella","0","0","1","0"
"0.36","157","Hieraaetus pennatus","0","0","1","0"
"0.36","157","Milvus milvus","0","0","1","0"
"0.36","157","Oenanthe oenanthe","0","0","1","0"
"0.36","157","Gallinula chloropus","0","0","1","0"
"0.36","157","Picus sharpei","0","0","1","0"
"0.36","157","Ciconia ciconia","0","0","1","0"
"0.36","157","Phoenicurus phoenicurus","0","0","1","0"
"0.36","157","Chroicocephalus ridibundus","0","0","1","0"
"0.36","157","Motacilla cinerea","0","0","1","0"
"0.36","157","Corvus monedula","0","0","1","0"
"0.36","157","Lanius senator","0","0","1","0"
"0.36","157","Himantopus himantopus","0","0","1","0"
"0.36","157","Sturnus unicolor","0","0","1","0"
"0.36","157","Acrocephalus scirpaceus","0","0","1","0"
"0.36","157","Alectoris rufa","0","0","1","0"
"0.36","157","Emberiza cia","0","0","1","0"
"0.36","157","Curruca iberiae","0","0","1","0"
"0.36","157","Coturnix coturnix","0","0","1","0"
"0.36","157","Bubulcus ibis","0","0","1","0"
"0.36","157","Prunella modularis","0","0","1","0"
"0.36","157","Circus aeruginosus","0","0","1","0"
"0.36","157","Motacilla flava","0","0","1","0"
"0.36","157","Emberiza citrinella","0","0","1","0"
"0.36","157","Muscicapa striata","0","0","1","0"
"0.36","157","Acrocephalus arundinaceus","0","0","1","0"
"0.36","157","Pernis apivorus","0","0","1","0"
"0.36","157","Sterna hirundo","0","0","1","0"
"0.36","157","Passer montanus","0","0","1","0"
"0.36","157","Anthus trivialis","0","0","1","0"
"0.36","157","Podiceps cristatus","0","0","1","0"
"0.36","157","Ardea purpurea","0","0","1","0"
"0.36","157","Sylvia borin","0","0","1","0"
"0.36","157","Curruca undata","0","0","1","0"
"0.36","157","Charadrius dubius","0","0","1","0"
"0.36","157","Tachybaptus ruficollis","0","0","1","0"
"0.36","157","Falco subbuteo","0","0","1","0"
"0.36","157","Apus melba","0","0","1","0"
"0.36","157","Recurvirostra avosetta","0","0","1","0"
"0.36","157","Tadorna tadorna","0","0","1","0"
"0.36","157","Pyrrhula pyrrhula","0","0","1","0"
"0.36","157","Anthus campestris","0","0","1","0"
"0.36","157","Riparia riparia","0","0","1","0"
"0.36","157","Netta rufina","0","0","1","0"
"0.36","157","Circus pygargus","0","0","1","0"
"0.36","157","Galerida theklae","0","0","1","0"
"0.36","157","Cinclus cinclus","0","0","1","0"
"0.36","157","Aquila chrysaetos","0","0","1","0"
"0.36","157","Actitis hypoleucos","0","0","1","0"
"0.36","157","Poecile palustris","0","0","1","0"
"0.36","157","Aythya ferina","0","0","1","0"
"0.36","157","Alcedo atthis","0","0","1","0"
"0.36","157","Pyrrhocorax graculus","0","0","1","0"
"0.36","157","Burhinus oedicnemus","0","0","1","0"
"0.36","157","Sternula albifrons","0","0","1","0"
"0.36","157","Accipiter nisus","0","0","1","0"
"0.36","157","Melanocorypha calandra","0","0","1","0"
"0.36","157","Nycticorax nycticorax","0","0","1","0"
"0.36","157","Anthus spinoletta","0","0","1","0"
"0.36","157","Coccothraustes coccothraustes","0","0","1","0"
"0.36","157","Vanellus vanellus","0","0","1","0"
"0.36","157","Phasianus colchicus","0","0","1","0"
"0.36","157","Saxicola rubetra","0","0","1","0"
"0.36","157","Loxia curvirostra","0","0","1","0"
"0.36","157","Phoenicopterus roseus","0","0","1","0"
"0.36","157","Tringa ochropus","0","0","1","0"
"0.36","157","Mareca strepera","0","0","1","0"
"0.36","157","Emberiza schoeniclus","0","0","1","0"
"0.36","157","Plegadis falcinellus","0","0","1","0"
"0.36","157","Cygnus olor","0","0","1","0"
"0.36","157","Tringa totanus","0","0","1","0"
"0.36","157","Ardea alba","0","0","1","0"
"0.36","157","Coracias garrulus","0","0","1","0"
"0.36","157","Ichthyaetus melanocephalus","0","0","1","0"
"0.36","157","Columba oenas","0","0","1","0"
"0.36","157","Strix aluco","0","0","1","0"
"0.36","157","Regulus regulus","0","0","1","0"
"0.36","157","Passer hispaniolensis","0","0","1","0"
"0.36","157","Cecropis daurica","0","0","1","0"
"0.36","157","Falco naumanni","0","0","1","0"
"0.36","157","Athene noctua","0","0","1","0"
"0.36","157","Rallus aquaticus","0","0","1","0"
"0.36","157","Psittacula krameri","0","0","1","0"
"0.36","157","Lanius meridionalis","0","0","1","0"
"0.36","157","Platalea leucorodia","0","0","1","0"
"0.36","157","Phylloscopus ibericus","0","0","1","0"
"0.36","157","Aegypius monachus","0","0","1","0"
"0.36","157","Chlidonias niger","0","0","1","0"
"0.36","157","Otus scops","0","0","0","1"
"0.36","157","Jynx torquilla","0","0","1","0"
"0.36","157","Dendrocoptes medius","0","0","1","0"
"0.36","158","Turdus merula","0","0","1","0"
"0.36","158","Apus apus","0","0","1","0"
"0.36","158","Fringilla coelebs","0","0","1","0"
"0.36","158","Columba palumbus","0","0","1","0"
"0.36","158","Hirundo rustica","0","0","1","0"
"0.36","158","Passer domesticus","0","0","0","1"
"0.36","158","Sylvia atricapilla","0","0","0","1"
"0.36","158","Corvus corone","0","0","1","0"
"0.36","158","Pica pica","0","0","0","1"
"0.36","158","Carduelis carduelis","0","0","1","0"
"0.36","158","Serinus serinus","0","0","1","0"
"0.36","158","Streptopelia decaocto","0","0","0","1"
"0.36","158","Parus major","0","0","1","0"
"0.36","158","Milvus migrans","0","0","1","0"
"0.36","158","Delichon urbicum","0","0","1","0"
"0.36","158","Phoenicurus ochruros","0","0","1","0"
"0.36","158","Gyps fulvus","0","0","1","0"
"0.36","158","Erithacus rubecula","0","0","1","0"
"0.36","158","Motacilla alba","0","0","1","0"
"0.36","158","Garrulus glandarius","0","0","1","0"
"0.36","158","Cyanistes caeruleus","0","0","1","0"
"0.36","158","Chloris chloris","0","0","1","0"
"0.36","158","Emberiza cirlus","0","0","1","0"
"0.36","158","Troglodytes troglodytes","0","0","1","0"
"0.36","158","Luscinia megarhynchos","0","0","0","1"
"0.36","158","Oriolus oriolus","0","0","1","0"
"0.36","158","Columba livia","0","0","1","0"
"0.36","158","Falco tinnunculus","0","0","1","0"
"0.36","158","Cuculus canorus","0","0","1","0"
"0.36","158","Buteo buteo","0","0","1","0"
"0.36","158","Phylloscopus bonelli","0","0","1","0"
"0.36","158","Sturnus vulgaris","0","0","1","0"
"0.36","158","Linaria cannabina","0","0","1","0"
"0.36","158","Periparus ater","0","0","1","0"
"0.36","158","Merops apiaster","0","0","1","0"
"0.36","158","Hippolais polyglotta","1","0","0","0"
"0.36","158","Larus michahellis","0","0","1","0"
"0.36","158","Anas platyrhynchos","0","0","1","0"
"0.36","158","Ptyonoprogne rupestris","0","0","1","0"
"0.36","158","Certhia brachydactyla","0","0","1","0"
"0.36","158","Saxicola rubicola","0","0","1","0"
"0.36","158","Dendrocopos major","0","0","1","0"
"0.36","158","Ardea cinerea","0","0","1","0"
"0.36","158","Streptopelia turtur","0","0","1","0"
"0.36","158","Upupa epops","0","0","1","0"
"0.36","158","Picus viridis","0","0","1","0"
"0.36","158","Emberiza calandra","0","0","1","0"
"0.36","158","Regulus ignicapilla","0","0","1","0"
"0.36","158","Corvus corax","0","0","1","0"
"0.36","158","Aegithalos caudatus","0","0","1","0"
"0.36","158","Turdus viscivorus","0","0","1","0"
"0.36","158","Alauda arvensis","0","0","1","0"
"0.36","158","Turdus philomelos","0","0","1","0"
"0.36","158","Lullula arborea","0","0","1","0"
"0.36","158","Sitta europaea","0","0","1","0"
"0.36","158","Galerida cristata","0","0","1","0"
"0.36","158","Pyrrhocorax pyrrhocorax","0","0","1","0"
"0.36","158","Petronia petronia","0","0","1","0"
"0.36","158","Cettia cetti","0","0","1","0"
"0.36","158","Lophophanes cristatus","0","0","1","0"
"0.36","158","Phylloscopus collybita","0","0","1","0"
"0.36","158","Curruca melanocephala","0","0","1","0"
"0.36","158","Fulica atra","0","0","1","0"
"0.36","158","Egretta garzetta","0","0","1","0"
"0.36","158","Cisticola juncidis","0","0","1","0"
"0.36","158","Lanius collurio","0","0","1","0"
"0.36","158","Circaetus gallicus","0","0","1","0"
"0.36","158","Curruca communis","0","0","1","0"
"0.36","158","Phalacrocorax carbo","0","0","1","0"
"0.36","158","Carduelis citrinella","0","0","1","0"
"0.36","158","Hieraaetus pennatus","0","0","1","0"
"0.36","158","Milvus milvus","0","0","1","0"
"0.36","158","Oenanthe oenanthe","0","0","1","0"
"0.36","158","Gallinula chloropus","0","0","1","0"
"0.36","158","Picus sharpei","0","0","1","0"
"0.36","158","Ciconia ciconia","0","0","1","0"
"0.36","158","Phoenicurus phoenicurus","0","0","1","0"
"0.36","158","Chroicocephalus ridibundus","0","0","1","0"
"0.36","158","Motacilla cinerea","0","0","1","0"
"0.36","158","Corvus monedula","0","0","1","0"
"0.36","158","Lanius senator","0","0","1","0"
"0.36","158","Himantopus himantopus","0","0","1","0"
"0.36","158","Sturnus unicolor","0","0","1","0"
"0.36","158","Acrocephalus scirpaceus","0","0","1","0"
"0.36","158","Alectoris rufa","0","0","1","0"
"0.36","158","Emberiza cia","0","0","1","0"
"0.36","158","Curruca iberiae","0","0","1","0"
"0.36","158","Coturnix coturnix","0","0","1","0"
"0.36","158","Bubulcus ibis","0","0","1","0"
"0.36","158","Prunella modularis","0","0","1","0"
"0.36","158","Circus aeruginosus","0","0","1","0"
"0.36","158","Motacilla flava","0","0","1","0"
"0.36","158","Emberiza citrinella","0","0","1","0"
"0.36","158","Muscicapa striata","0","0","1","0"
"0.36","158","Acrocephalus arundinaceus","0","0","1","0"
"0.36","158","Pernis apivorus","0","0","1","0"
"0.36","158","Sterna hirundo","0","0","1","0"
"0.36","158","Passer montanus","0","0","1","0"
"0.36","158","Anthus trivialis","0","0","1","0"
"0.36","158","Podiceps cristatus","0","0","1","0"
"0.36","158","Ardea purpurea","0","0","1","0"
"0.36","158","Sylvia borin","0","0","1","0"
"0.36","158","Curruca undata","0","0","1","0"
"0.36","158","Charadrius dubius","0","0","1","0"
"0.36","158","Tachybaptus ruficollis","0","0","1","0"
"0.36","158","Falco subbuteo","0","0","1","0"
"0.36","158","Apus melba","0","0","1","0"
"0.36","158","Recurvirostra avosetta","0","0","1","0"
"0.36","158","Tadorna tadorna","0","0","1","0"
"0.36","158","Pyrrhula pyrrhula","0","0","1","0"
"0.36","158","Anthus campestris","0","0","1","0"
"0.36","158","Riparia riparia","0","0","1","0"
"0.36","158","Netta rufina","0","0","1","0"
"0.36","158","Circus pygargus","0","0","1","0"
"0.36","158","Galerida theklae","0","0","1","0"
"0.36","158","Cinclus cinclus","0","0","1","0"
"0.36","158","Aquila chrysaetos","0","0","1","0"
"0.36","158","Actitis hypoleucos","0","0","1","0"
"0.36","158","Poecile palustris","0","0","1","0"
"0.36","158","Aythya ferina","0","0","1","0"
"0.36","158","Alcedo atthis","0","0","1","0"
"0.36","158","Pyrrhocorax graculus","0","0","1","0"
"0.36","158","Burhinus oedicnemus","0","0","1","0"
"0.36","158","Sternula albifrons","0","0","1","0"
"0.36","158","Accipiter nisus","0","0","1","0"
"0.36","158","Melanocorypha calandra","0","0","1","0"
"0.36","158","Nycticorax nycticorax","0","0","1","0"
"0.36","158","Anthus spinoletta","0","0","1","0"
"0.36","158","Coccothraustes coccothraustes","0","0","1","0"
"0.36","158","Vanellus vanellus","0","0","1","0"
"0.36","158","Phasianus colchicus","0","0","1","0"
"0.36","158","Saxicola rubetra","0","0","1","0"
"0.36","158","Loxia curvirostra","0","0","1","0"
"0.36","158","Phoenicopterus roseus","0","0","1","0"
"0.36","158","Tringa ochropus","0","0","1","0"
"0.36","158","Mareca strepera","0","0","1","0"
"0.36","158","Emberiza schoeniclus","0","0","1","0"
"0.36","158","Plegadis falcinellus","0","0","1","0"
"0.36","158","Cygnus olor","0","0","1","0"
"0.36","158","Tringa totanus","0","0","1","0"
"0.36","158","Ardea alba","0","0","1","0"
"0.36","158","Coracias garrulus","0","0","1","0"
"0.36","158","Ichthyaetus melanocephalus","0","0","1","0"
"0.36","158","Columba oenas","0","0","1","0"
"0.36","158","Strix aluco","0","0","1","0"
"0.36","158","Regulus regulus","0","0","1","0"
"0.36","158","Passer hispaniolensis","0","0","1","0"
"0.36","158","Cecropis daurica","0","0","1","0"
"0.36","158","Falco naumanni","0","0","1","0"
"0.36","158","Athene noctua","0","0","1","0"
"0.36","158","Rallus aquaticus","0","0","1","0"
"0.36","158","Psittacula krameri","0","0","1","0"
"0.36","158","Lanius meridionalis","0","0","1","0"
"0.36","158","Platalea leucorodia","0","0","1","0"
"0.36","158","Phylloscopus ibericus","0","0","1","0"
"0.36","158","Aegypius monachus","0","0","1","0"
"0.36","158","Chlidonias niger","0","0","1","0"
"0.36","158","Otus scops","0","0","1","0"
"0.36","158","Jynx torquilla","0","0","1","0"
"0.36","158","Dendrocoptes medius","0","0","1","0"
"0.36","159","Turdus merula","0","0","1","0"
"0.36","159","Apus apus","0","0","1","0"
"0.36","159","Fringilla coelebs","0","0","1","0"
"0.36","159","Columba palumbus","0","0","1","0"
"0.36","159","Hirundo rustica","0","0","1","0"
"0.36","159","Passer domesticus","0","0","0","1"
"0.36","159","Sylvia atricapilla","0","0","0","1"
"0.36","159","Corvus corone","0","0","1","0"
"0.36","159","Pica pica","0","0","1","0"
"0.36","159","Carduelis carduelis","0","0","1","0"
"0.36","159","Serinus serinus","0","0","1","0"
"0.36","159","Streptopelia decaocto","0","0","1","0"
"0.36","159","Parus major","0","0","1","0"
"0.36","159","Milvus migrans","0","0","1","0"
"0.36","159","Delichon urbicum","0","0","1","0"
"0.36","159","Phoenicurus ochruros","0","0","1","0"
"0.36","159","Gyps fulvus","0","0","1","0"
"0.36","159","Erithacus rubecula","0","0","1","0"
"0.36","159","Motacilla alba","0","0","1","0"
"0.36","159","Garrulus glandarius","0","0","1","0"
"0.36","159","Cyanistes caeruleus","0","0","1","0"
"0.36","159","Chloris chloris","0","0","1","0"
"0.36","159","Emberiza cirlus","0","0","1","0"
"0.36","159","Troglodytes troglodytes","0","0","1","0"
"0.36","159","Luscinia megarhynchos","0","0","1","0"
"0.36","159","Oriolus oriolus","0","0","1","0"
"0.36","159","Columba livia","0","0","1","0"
"0.36","159","Falco tinnunculus","0","0","1","0"
"0.36","159","Cuculus canorus","0","0","1","0"
"0.36","159","Buteo buteo","0","0","1","0"
"0.36","159","Phylloscopus bonelli","0","0","1","0"
"0.36","159","Sturnus vulgaris","0","0","1","0"
"0.36","159","Linaria cannabina","0","0","1","0"
"0.36","159","Periparus ater","0","0","1","0"
"0.36","159","Merops apiaster","0","0","1","0"
"0.36","159","Hippolais polyglotta","1","0","0","0"
"0.36","159","Larus michahellis","0","0","1","0"
"0.36","159","Anas platyrhynchos","0","0","1","0"
"0.36","159","Ptyonoprogne rupestris","0","0","1","0"
"0.36","159","Certhia brachydactyla","0","0","1","0"
"0.36","159","Saxicola rubicola","0","0","1","0"
"0.36","159","Dendrocopos major","0","0","1","0"
"0.36","159","Ardea cinerea","0","0","1","0"
"0.36","159","Streptopelia turtur","0","0","1","0"
"0.36","159","Upupa epops","0","0","1","0"
"0.36","159","Picus viridis","0","0","1","0"
"0.36","159","Emberiza calandra","0","0","1","0"
"0.36","159","Regulus ignicapilla","0","0","1","0"
"0.36","159","Corvus corax","0","0","0","1"
"0.36","159","Aegithalos caudatus","0","0","1","0"
"0.36","159","Turdus viscivorus","0","0","1","0"
"0.36","159","Alauda arvensis","0","0","1","0"
"0.36","159","Turdus philomelos","0","0","1","0"
"0.36","159","Lullula arborea","0","0","1","0"
"0.36","159","Sitta europaea","0","0","1","0"
"0.36","159","Galerida cristata","0","0","1","0"
"0.36","159","Pyrrhocorax pyrrhocorax","0","0","1","0"
"0.36","159","Petronia petronia","0","0","1","0"
"0.36","159","Cettia cetti","0","0","1","0"
"0.36","159","Lophophanes cristatus","0","0","1","0"
"0.36","159","Phylloscopus collybita","0","0","1","0"
"0.36","159","Curruca melanocephala","0","1","0","0"
"0.36","159","Fulica atra","0","0","1","0"
"0.36","159","Egretta garzetta","0","0","1","0"
"0.36","159","Cisticola juncidis","0","0","1","0"
"0.36","159","Lanius collurio","0","0","1","0"
"0.36","159","Circaetus gallicus","0","0","1","0"
"0.36","159","Curruca communis","0","0","1","0"
"0.36","159","Phalacrocorax carbo","0","0","1","0"
"0.36","159","Carduelis citrinella","0","0","1","0"
"0.36","159","Hieraaetus pennatus","0","0","1","0"
"0.36","159","Milvus milvus","0","0","1","0"
"0.36","159","Oenanthe oenanthe","0","0","1","0"
"0.36","159","Gallinula chloropus","0","0","1","0"
"0.36","159","Picus sharpei","0","0","1","0"
"0.36","159","Ciconia ciconia","0","0","1","0"
"0.36","159","Phoenicurus phoenicurus","0","0","1","0"
"0.36","159","Chroicocephalus ridibundus","0","0","1","0"
"0.36","159","Motacilla cinerea","0","0","1","0"
"0.36","159","Corvus monedula","0","0","1","0"
"0.36","159","Lanius senator","0","0","1","0"
"0.36","159","Himantopus himantopus","0","0","1","0"
"0.36","159","Sturnus unicolor","0","0","1","0"
"0.36","159","Acrocephalus scirpaceus","0","0","1","0"
"0.36","159","Alectoris rufa","0","0","1","0"
"0.36","159","Emberiza cia","0","0","1","0"
"0.36","159","Curruca iberiae","0","0","1","0"
"0.36","159","Coturnix coturnix","0","0","1","0"
"0.36","159","Bubulcus ibis","0","0","1","0"
"0.36","159","Prunella modularis","0","0","1","0"
"0.36","159","Circus aeruginosus","0","0","1","0"
"0.36","159","Motacilla flava","0","0","1","0"
"0.36","159","Emberiza citrinella","0","0","1","0"
"0.36","159","Muscicapa striata","0","0","1","0"
"0.36","159","Acrocephalus arundinaceus","0","0","1","0"
"0.36","159","Pernis apivorus","0","0","1","0"
"0.36","159","Sterna hirundo","0","0","1","0"
"0.36","159","Passer montanus","0","0","1","0"
"0.36","159","Anthus trivialis","0","0","1","0"
"0.36","159","Podiceps cristatus","0","0","1","0"
"0.36","159","Ardea purpurea","0","0","1","0"
"0.36","159","Sylvia borin","0","0","1","0"
"0.36","159","Curruca undata","0","0","1","0"
"0.36","159","Charadrius dubius","0","0","1","0"
"0.36","159","Tachybaptus ruficollis","0","0","1","0"
"0.36","159","Falco subbuteo","0","0","1","0"
"0.36","159","Apus melba","0","0","1","0"
"0.36","159","Recurvirostra avosetta","0","0","1","0"
"0.36","159","Tadorna tadorna","0","0","1","0"
"0.36","159","Pyrrhula pyrrhula","0","0","1","0"
"0.36","159","Anthus campestris","0","0","1","0"
"0.36","159","Riparia riparia","0","0","1","0"
"0.36","159","Netta rufina","0","0","1","0"
"0.36","159","Circus pygargus","0","0","1","0"
"0.36","159","Galerida theklae","0","1","0","0"
"0.36","159","Cinclus cinclus","0","0","1","0"
"0.36","159","Aquila chrysaetos","0","0","1","0"
"0.36","159","Actitis hypoleucos","0","0","1","0"
"0.36","159","Poecile palustris","0","0","1","0"
"0.36","159","Aythya ferina","0","0","1","0"
"0.36","159","Alcedo atthis","0","0","1","0"
"0.36","159","Pyrrhocorax graculus","0","0","1","0"
"0.36","159","Burhinus oedicnemus","0","0","1","0"
"0.36","159","Sternula albifrons","0","0","1","0"
"0.36","159","Accipiter nisus","0","0","1","0"
"0.36","159","Melanocorypha calandra","0","0","1","0"
"0.36","159","Nycticorax nycticorax","0","0","1","0"
"0.36","159","Anthus spinoletta","0","0","1","0"
"0.36","159","Coccothraustes coccothraustes","0","0","1","0"
"0.36","159","Vanellus vanellus","0","0","1","0"
"0.36","159","Phasianus colchicus","0","0","1","0"
"0.36","159","Saxicola rubetra","0","0","1","0"
"0.36","159","Loxia curvirostra","0","0","1","0"
"0.36","159","Phoenicopterus roseus","0","0","1","0"
"0.36","159","Tringa ochropus","0","0","1","0"
"0.36","159","Mareca strepera","0","0","1","0"
"0.36","159","Emberiza schoeniclus","0","0","1","0"
"0.36","159","Plegadis falcinellus","0","0","1","0"
"0.36","159","Cygnus olor","0","0","1","0"
"0.36","159","Tringa totanus","0","0","1","0"
"0.36","159","Ardea alba","0","0","1","0"
"0.36","159","Coracias garrulus","0","0","1","0"
"0.36","159","Ichthyaetus melanocephalus","0","0","1","0"
"0.36","159","Columba oenas","0","0","1","0"
"0.36","159","Strix aluco","0","0","1","0"
"0.36","159","Regulus regulus","0","0","1","0"
"0.36","159","Passer hispaniolensis","0","0","1","0"
"0.36","159","Cecropis daurica","0","0","1","0"
"0.36","159","Falco naumanni","0","0","1","0"
"0.36","159","Athene noctua","0","0","1","0"
"0.36","159","Rallus aquaticus","0","0","1","0"
"0.36","159","Psittacula krameri","0","0","1","0"
"0.36","159","Lanius meridionalis","0","0","1","0"
"0.36","159","Platalea leucorodia","0","0","1","0"
"0.36","159","Phylloscopus ibericus","0","0","1","0"
"0.36","159","Aegypius monachus","0","0","1","0"
"0.36","159","Chlidonias niger","0","0","1","0"
"0.36","159","Otus scops","0","0","1","0"
"0.36","159","Jynx torquilla","0","0","1","0"
"0.36","159","Dendrocoptes medius","0","0","1","0"
"0.36","160","Turdus merula","0","0","1","0"
"0.36","160","Apus apus","0","0","1","0"
"0.36","160","Columba palumbus","0","0","1","0"
"0.36","160","Passer domesticus","0","0","1","0"
"0.36","160","Fringilla coelebs","0","0","1","0"
"0.36","160","Hirundo rustica","0","0","1","0"
"0.36","160","Corvus corone","0","0","1","0"
"0.36","160","Sylvia atricapilla","0","0","1","0"
"0.36","160","Carduelis carduelis","0","0","1","0"
"0.36","160","Pica pica","0","0","1","0"
"0.36","160","Delichon urbicum","0","0","1","0"
"0.36","160","Streptopelia decaocto","0","0","1","0"
"0.36","160","Phoenicurus ochruros","0","0","1","0"
"0.36","160","Parus major","0","0","1","0"
"0.36","160","Milvus migrans","0","0","1","0"
"0.36","160","Serinus serinus","0","0","1","0"
"0.36","160","Motacilla alba","0","0","1","0"
"0.36","160","Gyps fulvus","0","0","1","0"
"0.36","160","Erithacus rubecula","0","0","1","0"
"0.36","160","Garrulus glandarius","0","0","1","0"
"0.36","160","Cyanistes caeruleus","0","0","1","0"
"0.36","160","Buteo buteo","0","0","1","0"
"0.36","160","Columba livia","0","0","1","0"
"0.36","160","Falco tinnunculus","0","0","1","0"
"0.36","160","Chloris chloris","0","0","1","0"
"0.36","160","Emberiza cirlus","0","0","1","0"
"0.36","160","Troglodytes troglodytes","0","0","1","0"
"0.36","160","Oriolus oriolus","0","0","1","0"
"0.36","160","Periparus ater","0","0","1","0"
"0.36","160","Linaria cannabina","0","0","1","0"
"0.36","160","Ptyonoprogne rupestris","0","0","1","0"
"0.36","160","Ardea cinerea","0","0","1","0"
"0.36","160","Picus viridis","0","0","1","0"
"0.36","160","Certhia brachydactyla","0","0","1","0"
"0.36","160","Sturnus vulgaris","0","0","1","0"
"0.36","160","Larus michahellis","0","0","1","0"
"0.36","160","Dendrocopos major","0","0","1","0"
"0.36","160","Anas platyrhynchos","0","0","1","0"
"0.36","160","Merops apiaster","0","0","1","0"
"0.36","160","Phylloscopus bonelli","0","0","1","0"
"0.36","160","Saxicola rubicola","0","0","1","0"
"0.36","160","Streptopelia turtur","0","0","1","0"
"0.36","160","Sitta europaea","0","0","1","0"
"0.36","160","Hippolais polyglotta","0","0","1","0"
"0.36","160","Aegithalos caudatus","0","0","1","0"
"0.36","160","Upupa epops","0","0","1","0"
"0.36","160","Corvus corax","0","0","1","0"
"0.36","160","Phylloscopus collybita","0","0","1","0"
"0.36","160","Regulus ignicapilla","0","0","1","0"
"0.36","160","Chroicocephalus ridibundus","0","0","1","0"
"0.36","160","Lophophanes cristatus","0","0","1","0"
"0.36","160","Luscinia megarhynchos","0","0","0","1"
"0.36","160","Fulica atra","0","0","1","0"
"0.36","160","Turdus viscivorus","0","0","1","0"
"0.36","160","Turdus philomelos","0","0","1","0"
"0.36","160","Egretta garzetta","0","0","1","0"
"0.36","160","Galerida cristata","0","0","1","0"
"0.36","160","Lanius collurio","0","0","1","0"
"0.36","160","Alauda arvensis","0","0","1","0"
"0.36","160","Pyrrhocorax pyrrhocorax","0","0","1","0"
"0.36","160","Phalacrocorax carbo","0","0","1","0"
"0.36","160","Circaetus gallicus","0","0","1","0"
"0.36","160","Lullula arborea","0","0","1","0"
"0.36","160","Gallinula chloropus","0","0","1","0"
"0.36","160","Cisticola juncidis","0","0","1","0"
"0.36","160","Milvus milvus","0","0","1","0"
"0.36","160","Cuculus canorus","0","0","1","0"
"0.36","160","Curruca melanocephala","0","0","1","0"
"0.36","160","Motacilla cinerea","0","0","1","0"
"0.36","160","Cettia cetti","0","0","1","0"
"0.36","160","Carduelis citrinella","0","0","1","0"
"0.36","160","Hieraaetus pennatus","0","0","1","0"
"0.36","160","Emberiza calandra","0","0","1","0"
"0.36","160","Petronia petronia","0","0","1","0"
"0.36","160","Oenanthe oenanthe","0","0","1","0"
"0.36","160","Bubulcus ibis","0","0","1","0"
"0.36","160","Ciconia ciconia","0","0","1","0"
"0.36","160","Lanius senator","0","0","1","0"
"0.36","160","Picus sharpei","0","0","1","0"
"0.36","160","Muscicapa striata","0","0","1","0"
"0.36","160","Coturnix coturnix","0","0","1","0"
"0.36","160","Acrocephalus scirpaceus","0","0","1","0"
"0.36","160","Curruca communis","0","0","1","0"
"0.36","160","Pernis apivorus","0","0","1","0"
"0.36","160","Circus aeruginosus","0","0","1","0"
"0.36","160","Himantopus himantopus","0","0","1","0"
"0.36","160","Phoenicurus phoenicurus","0","0","1","0"
"0.36","160","Prunella modularis","0","0","1","0"
"0.36","160","Corvus monedula","0","0","1","0"
"0.36","160","Alectoris rufa","0","0","1","0"
"0.36","160","Sterna hirundo","0","0","1","0"
"0.36","160","Podiceps cristatus","0","0","1","0"
"0.36","160","Emberiza citrinella","0","0","1","0"
"0.36","160","Emberiza cia","0","0","1","0"
"0.36","160","Curruca iberiae","0","0","1","0"
"0.36","160","Passer montanus","0","0","1","0"
"0.36","160","Motacilla flava","0","0","1","0"
"0.36","160","Tachybaptus ruficollis","0","0","1","0"
"0.36","160","Alcedo atthis","0","0","1","0"
"0.36","160","Sturnus unicolor","0","0","1","0"
"0.36","160","Anthus trivialis","0","0","1","0"
"0.36","160","Ardea purpurea","0","0","1","0"
"0.36","160","Actitis hypoleucos","0","0","1","0"
"0.36","160","Charadrius dubius","0","0","1","0"
"0.36","160","Pyrrhula pyrrhula","0","0","1","0"
"0.36","160","Apus melba","0","0","1","0"
"0.36","160","Curruca undata","0","0","1","0"
"0.36","160","Tringa ochropus","0","0","1","0"
"0.36","160","Falco subbuteo","0","0","1","0"
"0.36","160","Vanellus vanellus","0","0","1","0"
"0.36","160","Sylvia borin","0","0","1","0"
"0.36","160","Recurvirostra avosetta","0","0","1","0"
"0.36","160","Anthus spinoletta","0","0","1","0"
"0.36","160","Riparia riparia","0","0","1","0"
"0.36","160","Cinclus cinclus","0","0","1","0"
"0.36","160","Anthus campestris","0","0","1","0"
"0.36","160","Poecile palustris","0","0","1","0"
"0.36","160","Tadorna tadorna","0","0","1","0"
"0.36","160","Aythya ferina","0","0","1","0"
"0.36","160","Netta rufina","0","0","1","0"
"0.36","160","Acrocephalus arundinaceus","0","0","1","0"
"0.36","160","Circus pygargus","0","0","1","0"
"0.36","160","Accipiter nisus","0","0","1","0"
"0.36","160","Pyrrhocorax graculus","0","0","1","0"
"0.36","160","Aquila chrysaetos","0","0","1","0"
"0.36","160","Nycticorax nycticorax","0","0","1","0"
"0.36","160","Galerida theklae","0","0","1","0"
"0.36","160","Ardea alba","0","0","1","0"
"0.36","160","Cygnus olor","0","0","1","0"
"0.36","160","Loxia curvirostra","0","0","1","0"
"0.36","160","Burhinus oedicnemus","0","0","1","0"
"0.36","160","Sternula albifrons","0","0","1","0"
"0.36","160","Phoenicopterus roseus","0","0","1","0"
"0.36","160","Coccothraustes coccothraustes","0","0","1","0"
"0.36","160","Columba oenas","0","0","1","0"
"0.36","160","Emberiza schoeniclus","0","0","1","0"
"0.36","160","Rallus aquaticus","0","0","1","0"
"0.36","160","Strix aluco","0","0","1","0"
"0.36","160","Plegadis falcinellus","0","0","1","0"
"0.36","160","Mareca strepera","0","0","1","0"
"0.36","160","Lanius meridionalis","0","0","1","0"
"0.36","160","Ichthyaetus melanocephalus","0","0","1","0"
"0.36","160","Cecropis daurica","0","0","1","0"
"0.36","160","Platalea leucorodia","0","0","1","0"
"0.36","160","Tringa totanus","0","0","1","0"
"0.36","160","Melanocorypha calandra","0","0","1","0"
"0.36","160","Ficedula hypoleuca","0","0","1","0"
"0.36","160","Saxicola rubetra","0","0","1","0"
"0.36","160","Athene noctua","0","0","1","0"
"0.36","160","Coracias garrulus","0","0","1","0"
"0.36","160","Thalasseus sandvicensis","0","0","1","0"
"0.36","160","Regulus regulus","0","0","1","0"
"0.36","160","Spatula clypeata","0","0","1","0"
"0.36","160","Phasianus colchicus","0","0","1","0"
"0.36","160","Podiceps nigricollis","0","0","1","0"
"0.36","160","Falco naumanni","0","0","1","0"
"0.36","160","Chlidonias niger","0","0","1","0"
"0.36","160","Charadrius hiaticula","0","0","1","0"
"0.36","160","Passer hispaniolensis","0","0","1","0"
"0.36","160","Tyto alba","0","0","1","0"
"0.36","160","Limosa limosa","0","0","1","0"
"0.36","160","Psittacula krameri","0","0","1","0"
"0.36","160","Spinus spinus","0","0","1","0"
"0.36","160","Pandion haliaetus","0","0","1","0"
"0.36","160","Charadrius alexandrinus","0","0","1","0"
"0.36","160","Numenius arquata","0","0","1","0"
"0.36","160","Larus fuscus","0","0","1","0"
"0.36","160","Phylloscopus trochilus","0","0","1","0"
"0.36","160","Otus scops","0","0","1","0"
"0.36","160","Jynx torquilla","0","0","1","0"
"0.36","160","Dendrocoptes medius","0","0","1","0"
"0.36","161","Turdus merula","0","0","0","1"
"0.36","161","Apus apus","0","0","1","0"
"0.36","161","Columba palumbus","1","0","0","0"
"0.36","161","Passer domesticus","0","0","0","1"
"0.36","161","Fringilla coelebs","0","0","1","0"
"0.36","161","Hirundo rustica","0","0","1","0"
"0.36","161","Corvus corone","1","0","0","0"
"0.36","161","Sylvia atricapilla","0","0","0","1"
"0.36","161","Carduelis carduelis","0","0","1","0"
"0.36","161","Pica pica","0","0","1","0"
"0.36","161","Delichon urbicum","0","0","1","0"
"0.36","161","Streptopelia decaocto","0","0","1","0"
"0.36","161","Phoenicurus ochruros","0","0","1","0"
"0.36","161","Parus major","0","0","0","1"
"0.36","161","Milvus migrans","0","0","1","0"
"0.36","161","Serinus serinus","0","0","1","0"
"0.36","161","Motacilla alba","0","0","1","0"
"0.36","161","Gyps fulvus","0","0","1","0"
"0.36","161","Erithacus rubecula","0","0","1","0"
"0.36","161","Garrulus glandarius","0","0","1","0"
"0.36","161","Cyanistes caeruleus","0","0","1","0"
"0.36","161","Buteo buteo","0","0","1","0"
"0.36","161","Columba livia","0","0","1","0"
"0.36","161","Falco tinnunculus","0","0","1","0"
"0.36","161","Chloris chloris","0","0","1","0"
"0.36","161","Emberiza cirlus","1","0","0","0"
"0.36","161","Troglodytes troglodytes","0","0","1","0"
"0.36","161","Oriolus oriolus","1","0","0","0"
"0.36","161","Periparus ater","0","0","1","0"
"0.36","161","Linaria cannabina","0","0","1","0"
"0.36","161","Ptyonoprogne rupestris","0","0","1","0"
"0.36","161","Ardea cinerea","0","0","1","0"
"0.36","161","Picus viridis","0","0","1","0"
"0.36","161","Certhia brachydactyla","0","0","1","0"
"0.36","161","Sturnus vulgaris","0","0","1","0"
"0.36","161","Larus michahellis","0","0","1","0"
"0.36","161","Dendrocopos major","0","0","1","0"
"0.36","161","Anas platyrhynchos","0","0","1","0"
"0.36","161","Merops apiaster","0","0","1","0"
"0.36","161","Phylloscopus bonelli","0","0","1","0"
"0.36","161","Saxicola rubicola","0","0","1","0"
"0.36","161","Streptopelia turtur","0","0","1","0"
"0.36","161","Sitta europaea","0","0","1","0"
"0.36","161","Hippolais polyglotta","0","0","1","0"
"0.36","161","Aegithalos caudatus","0","0","1","0"
"0.36","161","Upupa epops","0","0","1","0"
"0.36","161","Corvus corax","0","0","1","0"
"0.36","161","Phylloscopus collybita","0","0","1","0"
"0.36","161","Regulus ignicapilla","0","0","1","0"
"0.36","161","Chroicocephalus ridibundus","0","0","1","0"
"0.36","161","Lophophanes cristatus","0","0","1","0"
"0.36","161","Luscinia megarhynchos","0","0","1","0"
"0.36","161","Fulica atra","0","0","1","0"
"0.36","161","Turdus viscivorus","0","0","0","1"
"0.36","161","Turdus philomelos","0","0","1","0"
"0.36","161","Egretta garzetta","0","0","1","0"
"0.36","161","Galerida cristata","0","0","1","0"
"0.36","161","Lanius collurio","0","0","1","0"
"0.36","161","Alauda arvensis","0","0","1","0"
"0.36","161","Pyrrhocorax pyrrhocorax","0","0","1","0"
"0.36","161","Phalacrocorax carbo","0","0","1","0"
"0.36","161","Circaetus gallicus","0","0","1","0"
"0.36","161","Lullula arborea","0","0","1","0"
"0.36","161","Gallinula chloropus","0","0","1","0"
"0.36","161","Cisticola juncidis","0","0","1","0"
"0.36","161","Milvus milvus","0","0","1","0"
"0.36","161","Cuculus canorus","0","0","1","0"
"0.36","161","Curruca melanocephala","0","0","1","0"
"0.36","161","Motacilla cinerea","0","0","1","0"
"0.36","161","Cettia cetti","0","0","1","0"
"0.36","161","Carduelis citrinella","0","0","1","0"
"0.36","161","Hieraaetus pennatus","0","0","1","0"
"0.36","161","Emberiza calandra","0","0","0","1"
"0.36","161","Petronia petronia","0","0","1","0"
"0.36","161","Oenanthe oenanthe","0","0","1","0"
"0.36","161","Bubulcus ibis","0","0","1","0"
"0.36","161","Ciconia ciconia","0","0","1","0"
"0.36","161","Lanius senator","0","0","1","0"
"0.36","161","Picus sharpei","0","0","1","0"
"0.36","161","Muscicapa striata","0","0","1","0"
"0.36","161","Coturnix coturnix","0","0","1","0"
"0.36","161","Acrocephalus scirpaceus","0","0","1","0"
"0.36","161","Curruca communis","1","0","0","0"
"0.36","161","Pernis apivorus","0","0","1","0"
"0.36","161","Circus aeruginosus","0","0","1","0"
"0.36","161","Himantopus himantopus","0","0","1","0"
"0.36","161","Phoenicurus phoenicurus","0","0","1","0"
"0.36","161","Prunella modularis","0","0","1","0"
"0.36","161","Corvus monedula","0","0","1","0"
"0.36","161","Alectoris rufa","0","0","1","0"
"0.36","161","Sterna hirundo","0","0","1","0"
"0.36","161","Podiceps cristatus","0","0","1","0"
"0.36","161","Emberiza citrinella","0","0","1","0"
"0.36","161","Emberiza cia","0","0","1","0"
"0.36","161","Curruca iberiae","0","0","1","0"
"0.36","161","Passer montanus","0","0","1","0"
"0.36","161","Motacilla flava","0","0","1","0"
"0.36","161","Tachybaptus ruficollis","0","0","1","0"
"0.36","161","Alcedo atthis","0","0","1","0"
"0.36","161","Sturnus unicolor","0","0","1","0"
"0.36","161","Anthus trivialis","0","0","1","0"
"0.36","161","Ardea purpurea","0","0","1","0"
"0.36","161","Actitis hypoleucos","0","0","1","0"
"0.36","161","Charadrius dubius","0","0","1","0"
"0.36","161","Pyrrhula pyrrhula","0","0","1","0"
"0.36","161","Apus melba","0","0","1","0"
"0.36","161","Curruca undata","0","0","1","0"
"0.36","161","Tringa ochropus","0","0","1","0"
"0.36","161","Falco subbuteo","0","0","1","0"
"0.36","161","Vanellus vanellus","0","0","1","0"
"0.36","161","Sylvia borin","0","0","1","0"
"0.36","161","Recurvirostra avosetta","0","0","1","0"
"0.36","161","Anthus spinoletta","0","0","1","0"
"0.36","161","Riparia riparia","0","0","1","0"
"0.36","161","Cinclus cinclus","0","0","1","0"
"0.36","161","Anthus campestris","0","0","1","0"
"0.36","161","Poecile palustris","0","0","1","0"
"0.36","161","Tadorna tadorna","0","0","1","0"
"0.36","161","Aythya ferina","0","0","1","0"
"0.36","161","Netta rufina","0","0","1","0"
"0.36","161","Acrocephalus arundinaceus","0","0","1","0"
"0.36","161","Circus pygargus","0","0","1","0"
"0.36","161","Accipiter nisus","0","0","1","0"
"0.36","161","Pyrrhocorax graculus","0","0","1","0"
"0.36","161","Aquila chrysaetos","0","0","1","0"
"0.36","161","Nycticorax nycticorax","0","0","1","0"
"0.36","161","Galerida theklae","0","0","1","0"
"0.36","161","Ardea alba","0","0","1","0"
"0.36","161","Cygnus olor","0","0","1","0"
"0.36","161","Loxia curvirostra","0","0","1","0"
"0.36","161","Burhinus oedicnemus","0","0","1","0"
"0.36","161","Sternula albifrons","0","0","1","0"
"0.36","161","Phoenicopterus roseus","0","0","1","0"
"0.36","161","Coccothraustes coccothraustes","0","0","1","0"
"0.36","161","Columba oenas","0","0","1","0"
"0.36","161","Emberiza schoeniclus","0","0","1","0"
"0.36","161","Rallus aquaticus","0","0","1","0"
"0.36","161","Strix aluco","0","0","1","0"
"0.36","161","Plegadis falcinellus","0","0","1","0"
"0.36","161","Mareca strepera","0","0","1","0"
"0.36","161","Lanius meridionalis","0","0","1","0"
"0.36","161","Ichthyaetus melanocephalus","0","0","1","0"
"0.36","161","Cecropis daurica","0","0","1","0"
"0.36","161","Platalea leucorodia","0","0","1","0"
"0.36","161","Tringa totanus","0","0","1","0"
"0.36","161","Melanocorypha calandra","0","0","1","0"
"0.36","161","Ficedula hypoleuca","0","0","1","0"
"0.36","161","Saxicola rubetra","0","0","1","0"
"0.36","161","Athene noctua","0","0","1","0"
"0.36","161","Coracias garrulus","0","0","1","0"
"0.36","161","Thalasseus sandvicensis","0","0","1","0"
"0.36","161","Regulus regulus","0","0","1","0"
"0.36","161","Spatula clypeata","0","0","1","0"
"0.36","161","Phasianus colchicus","0","0","1","0"
"0.36","161","Podiceps nigricollis","0","0","1","0"
"0.36","161","Falco naumanni","0","0","1","0"
"0.36","161","Chlidonias niger","0","0","1","0"
"0.36","161","Charadrius hiaticula","0","0","1","0"
"0.36","161","Passer hispaniolensis","0","0","1","0"
"0.36","161","Tyto alba","0","0","1","0"
"0.36","161","Limosa limosa","0","0","1","0"
"0.36","161","Psittacula krameri","0","0","1","0"
"0.36","161","Spinus spinus","0","0","1","0"
"0.36","161","Pandion haliaetus","0","0","1","0"
"0.36","161","Charadrius alexandrinus","0","0","1","0"
"0.36","161","Numenius arquata","0","0","1","0"
"0.36","161","Larus fuscus","0","0","1","0"
"0.36","161","Phylloscopus trochilus","0","0","1","0"
"0.36","161","Otus scops","0","0","1","0"
"0.36","161","Jynx torquilla","0","0","1","0"
"0.36","161","Dendrocoptes medius","0","0","1","0"
"0.36","162","Turdus merula","0","0","0","1"
"0.36","162","Apus apus","0","0","1","0"
"0.36","162","Columba palumbus","0","0","1","0"
"0.36","162","Passer domesticus","0","0","1","0"
"0.36","162","Fringilla coelebs","0","0","1","0"
"0.36","162","Hirundo rustica","0","0","1","0"
"0.36","162","Corvus corone","0","0","1","0"
"0.36","162","Sylvia atricapilla","0","0","0","1"
"0.36","162","Carduelis carduelis","0","0","1","0"
"0.36","162","Pica pica","0","0","1","0"
"0.36","162","Delichon urbicum","0","0","1","0"
"0.36","162","Streptopelia decaocto","0","0","1","0"
"0.36","162","Phoenicurus ochruros","0","0","1","0"
"0.36","162","Parus major","0","0","1","0"
"0.36","162","Milvus migrans","0","0","1","0"
"0.36","162","Serinus serinus","0","0","1","0"
"0.36","162","Motacilla alba","0","0","1","0"
"0.36","162","Gyps fulvus","0","0","1","0"
"0.36","162","Erithacus rubecula","0","0","1","0"
"0.36","162","Garrulus glandarius","0","0","1","0"
"0.36","162","Cyanistes caeruleus","0","0","1","0"
"0.36","162","Buteo buteo","0","0","1","0"
"0.36","162","Columba livia","0","0","1","0"
"0.36","162","Falco tinnunculus","0","0","1","0"
"0.36","162","Chloris chloris","0","0","1","0"
"0.36","162","Emberiza cirlus","0","0","0","1"
"0.36","162","Troglodytes troglodytes","0","0","1","0"
"0.36","162","Oriolus oriolus","0","0","1","0"
"0.36","162","Periparus ater","0","0","1","0"
"0.36","162","Linaria cannabina","0","0","1","0"
"0.36","162","Ptyonoprogne rupestris","0","0","1","0"
"0.36","162","Ardea cinerea","0","0","1","0"
"0.36","162","Picus viridis","0","0","1","0"
"0.36","162","Certhia brachydactyla","0","0","1","0"
"0.36","162","Sturnus vulgaris","0","0","1","0"
"0.36","162","Larus michahellis","0","0","1","0"
"0.36","162","Dendrocopos major","0","0","1","0"
"0.36","162","Anas platyrhynchos","0","0","1","0"
"0.36","162","Merops apiaster","0","0","1","0"
"0.36","162","Phylloscopus bonelli","0","0","1","0"
"0.36","162","Saxicola rubicola","0","0","1","0"
"0.36","162","Streptopelia turtur","0","0","1","0"
"0.36","162","Sitta europaea","0","0","1","0"
"0.36","162","Hippolais polyglotta","0","0","1","0"
"0.36","162","Aegithalos caudatus","0","0","1","0"
"0.36","162","Upupa epops","0","0","1","0"
"0.36","162","Corvus corax","0","0","1","0"
"0.36","162","Phylloscopus collybita","0","0","1","0"
"0.36","162","Regulus ignicapilla","0","0","1","0"
"0.36","162","Chroicocephalus ridibundus","0","0","1","0"
"0.36","162","Lophophanes cristatus","0","0","1","0"
"0.36","162","Luscinia megarhynchos","0","0","1","0"
"0.36","162","Fulica atra","0","0","1","0"
"0.36","162","Turdus viscivorus","0","0","1","0"
"0.36","162","Turdus philomelos","0","0","1","0"
"0.36","162","Egretta garzetta","0","0","1","0"
"0.36","162","Galerida cristata","0","0","1","0"
"0.36","162","Lanius collurio","0","0","1","0"
"0.36","162","Alauda arvensis","0","0","1","0"
"0.36","162","Pyrrhocorax pyrrhocorax","0","0","1","0"
"0.36","162","Phalacrocorax carbo","0","0","1","0"
"0.36","162","Circaetus gallicus","0","0","1","0"
"0.36","162","Lullula arborea","0","0","1","0"
"0.36","162","Gallinula chloropus","0","0","1","0"
"0.36","162","Cisticola juncidis","0","0","1","0"
"0.36","162","Milvus milvus","0","0","1","0"
"0.36","162","Cuculus canorus","0","0","1","0"
"0.36","162","Curruca melanocephala","0","0","1","0"
"0.36","162","Motacilla cinerea","0","0","1","0"
"0.36","162","Cettia cetti","0","0","1","0"
"0.36","162","Carduelis citrinella","0","0","1","0"
"0.36","162","Hieraaetus pennatus","0","0","1","0"
"0.36","162","Emberiza calandra","0","0","0","1"
"0.36","162","Petronia petronia","0","0","1","0"
"0.36","162","Oenanthe oenanthe","0","0","1","0"
"0.36","162","Bubulcus ibis","0","0","1","0"
"0.36","162","Ciconia ciconia","0","0","1","0"
"0.36","162","Lanius senator","0","0","1","0"
"0.36","162","Picus sharpei","0","0","1","0"
"0.36","162","Muscicapa striata","0","0","1","0"
"0.36","162","Coturnix coturnix","0","0","1","0"
"0.36","162","Acrocephalus scirpaceus","0","0","1","0"
"0.36","162","Curruca communis","0","0","0","1"
"0.36","162","Pernis apivorus","0","0","1","0"
"0.36","162","Circus aeruginosus","0","0","1","0"
"0.36","162","Himantopus himantopus","0","0","1","0"
"0.36","162","Phoenicurus phoenicurus","0","0","1","0"
"0.36","162","Prunella modularis","0","0","1","0"
"0.36","162","Corvus monedula","0","0","1","0"
"0.36","162","Alectoris rufa","0","0","1","0"
"0.36","162","Sterna hirundo","0","0","1","0"
"0.36","162","Podiceps cristatus","0","0","1","0"
"0.36","162","Emberiza citrinella","0","0","1","0"
"0.36","162","Emberiza cia","0","0","1","0"
"0.36","162","Curruca iberiae","0","0","1","0"
"0.36","162","Passer montanus","0","0","1","0"
"0.36","162","Motacilla flava","0","0","1","0"
"0.36","162","Tachybaptus ruficollis","0","0","1","0"
"0.36","162","Alcedo atthis","0","0","1","0"
"0.36","162","Sturnus unicolor","0","0","1","0"
"0.36","162","Anthus trivialis","0","0","1","0"
"0.36","162","Ardea purpurea","0","0","1","0"
"0.36","162","Actitis hypoleucos","0","0","1","0"
"0.36","162","Charadrius dubius","0","0","1","0"
"0.36","162","Pyrrhula pyrrhula","0","0","1","0"
"0.36","162","Apus melba","0","0","1","0"
"0.36","162","Curruca undata","0","0","1","0"
"0.36","162","Tringa ochropus","0","0","1","0"
"0.36","162","Falco subbuteo","0","0","1","0"
"0.36","162","Vanellus vanellus","0","0","1","0"
"0.36","162","Sylvia borin","0","0","1","0"
"0.36","162","Recurvirostra avosetta","0","0","1","0"
"0.36","162","Anthus spinoletta","0","0","1","0"
"0.36","162","Riparia riparia","0","0","1","0"
"0.36","162","Cinclus cinclus","0","0","1","0"
"0.36","162","Anthus campestris","0","0","1","0"
"0.36","162","Poecile palustris","0","0","1","0"
"0.36","162","Tadorna tadorna","0","0","1","0"
"0.36","162","Aythya ferina","0","0","1","0"
"0.36","162","Netta rufina","0","0","1","0"
"0.36","162","Acrocephalus arundinaceus","0","0","1","0"
"0.36","162","Circus pygargus","0","0","1","0"
"0.36","162","Accipiter nisus","0","0","1","0"
"0.36","162","Pyrrhocorax graculus","0","0","1","0"
"0.36","162","Aquila chrysaetos","0","0","1","0"
"0.36","162","Nycticorax nycticorax","0","0","1","0"
"0.36","162","Galerida theklae","0","0","1","0"
"0.36","162","Ardea alba","0","0","1","0"
"0.36","162","Cygnus olor","0","0","1","0"
"0.36","162","Loxia curvirostra","0","0","1","0"
"0.36","162","Burhinus oedicnemus","0","0","1","0"
"0.36","162","Sternula albifrons","0","0","1","0"
"0.36","162","Phoenicopterus roseus","0","0","1","0"
"0.36","162","Coccothraustes coccothraustes","0","0","1","0"
"0.36","162","Columba oenas","0","0","1","0"
"0.36","162","Emberiza schoeniclus","0","0","1","0"
"0.36","162","Rallus aquaticus","0","0","1","0"
"0.36","162","Strix aluco","0","0","1","0"
"0.36","162","Plegadis falcinellus","0","0","1","0"
"0.36","162","Mareca strepera","0","0","1","0"
"0.36","162","Lanius meridionalis","0","0","1","0"
"0.36","162","Ichthyaetus melanocephalus","0","0","1","0"
"0.36","162","Cecropis daurica","0","0","1","0"
"0.36","162","Platalea leucorodia","0","0","1","0"
"0.36","162","Tringa totanus","0","0","1","0"
"0.36","162","Melanocorypha calandra","0","0","1","0"
"0.36","162","Ficedula hypoleuca","0","0","1","0"
"0.36","162","Saxicola rubetra","0","0","1","0"
"0.36","162","Athene noctua","0","0","1","0"
"0.36","162","Coracias garrulus","0","0","1","0"
"0.36","162","Thalasseus sandvicensis","0","0","1","0"
"0.36","162","Regulus regulus","0","0","1","0"
"0.36","162","Spatula clypeata","0","0","1","0"
"0.36","162","Phasianus colchicus","0","0","1","0"
"0.36","162","Podiceps nigricollis","0","0","1","0"
"0.36","162","Falco naumanni","0","0","1","0"
"0.36","162","Chlidonias niger","0","0","1","0"
"0.36","162","Charadrius hiaticula","0","0","1","0"
"0.36","162","Passer hispaniolensis","0","0","1","0"
"0.36","162","Tyto alba","0","0","1","0"
"0.36","162","Limosa limosa","0","0","1","0"
"0.36","162","Psittacula krameri","0","0","1","0"
"0.36","162","Spinus spinus","0","0","1","0"
"0.36","162","Pandion haliaetus","0","0","1","0"
"0.36","162","Charadrius alexandrinus","0","0","1","0"
"0.36","162","Numenius arquata","0","0","1","0"
"0.36","162","Larus fuscus","0","0","1","0"
"0.36","162","Phylloscopus trochilus","0","0","1","0"
"0.36","162","Otus scops","0","0","1","0"
"0.36","162","Jynx torquilla","0","0","1","0"
"0.36","162","Dendrocoptes medius","0","0","1","0"
"0.36","163","Turdus merula","0","0","1","0"
"0.36","163","Apus apus","0","0","1","0"
"0.36","163","Fringilla coelebs","0","0","1","0"
"0.36","163","Columba palumbus","0","0","1","0"
"0.36","163","Hirundo rustica","0","0","1","0"
"0.36","163","Passer domesticus","0","0","1","0"
"0.36","163","Sylvia atricapilla","0","0","1","0"
"0.36","163","Corvus corone","0","0","1","0"
"0.36","163","Pica pica","0","0","1","0"
"0.36","163","Carduelis carduelis","0","0","1","0"
"0.36","163","Serinus serinus","0","0","1","0"
"0.36","163","Streptopelia decaocto","0","0","1","0"
"0.36","163","Parus major","0","0","1","0"
"0.36","163","Milvus migrans","0","0","1","0"
"0.36","163","Delichon urbicum","0","0","1","0"
"0.36","163","Phoenicurus ochruros","0","0","1","0"
"0.36","163","Gyps fulvus","0","0","1","0"
"0.36","163","Erithacus rubecula","0","0","1","0"
"0.36","163","Motacilla alba","0","0","1","0"
"0.36","163","Garrulus glandarius","0","0","1","0"
"0.36","163","Cyanistes caeruleus","0","0","1","0"
"0.36","163","Chloris chloris","0","0","1","0"
"0.36","163","Emberiza cirlus","0","0","1","0"
"0.36","163","Luscinia megarhynchos","0","0","0","1"
"0.36","163","Troglodytes troglodytes","0","0","1","0"
"0.36","163","Oriolus oriolus","0","0","1","0"
"0.36","163","Columba livia","0","0","1","0"
"0.36","163","Falco tinnunculus","0","0","1","0"
"0.36","163","Cuculus canorus","0","0","1","0"
"0.36","163","Buteo buteo","0","0","1","0"
"0.36","163","Phylloscopus bonelli","0","0","1","0"
"0.36","163","Sturnus vulgaris","0","0","1","0"
"0.36","163","Linaria cannabina","0","0","1","0"
"0.36","163","Periparus ater","0","0","1","0"
"0.36","163","Merops apiaster","0","0","1","0"
"0.36","163","Hippolais polyglotta","0","0","1","0"
"0.36","163","Larus michahellis","0","0","1","0"
"0.36","163","Anas platyrhynchos","0","0","1","0"
"0.36","163","Ptyonoprogne rupestris","0","0","1","0"
"0.36","163","Certhia brachydactyla","0","0","1","0"
"0.36","163","Saxicola rubicola","0","0","1","0"
"0.36","163","Dendrocopos major","0","0","1","0"
"0.36","163","Streptopelia turtur","0","0","1","0"
"0.36","163","Ardea cinerea","0","0","1","0"
"0.36","163","Upupa epops","0","0","1","0"
"0.36","163","Picus viridis","0","0","1","0"
"0.36","163","Emberiza calandra","0","0","1","0"
"0.36","163","Regulus ignicapilla","0","0","1","0"
"0.36","163","Corvus corax","0","0","1","0"
"0.36","163","Aegithalos caudatus","0","0","1","0"
"0.36","163","Turdus viscivorus","0","0","1","0"
"0.36","163","Alauda arvensis","0","0","1","0"
"0.36","163","Turdus philomelos","0","0","1","0"
"0.36","163","Lullula arborea","0","0","1","0"
"0.36","163","Sitta europaea","0","0","1","0"
"0.36","163","Galerida cristata","0","0","1","0"
"0.36","163","Pyrrhocorax pyrrhocorax","0","0","1","0"
"0.36","163","Petronia petronia","0","0","1","0"
"0.36","163","Cettia cetti","0","0","1","0"
"0.36","163","Lophophanes cristatus","0","0","1","0"
"0.36","163","Phylloscopus collybita","0","0","1","0"
"0.36","163","Curruca melanocephala","0","0","1","0"
"0.36","163","Fulica atra","0","0","1","0"
"0.36","163","Egretta garzetta","0","0","1","0"
"0.36","163","Cisticola juncidis","0","0","1","0"
"0.36","163","Lanius collurio","0","0","1","0"
"0.36","163","Circaetus gallicus","0","0","1","0"
"0.36","163","Curruca communis","0","0","1","0"
"0.36","163","Phalacrocorax carbo","0","0","1","0"
"0.36","163","Carduelis citrinella","0","0","1","0"
"0.36","163","Hieraaetus pennatus","0","0","1","0"
"0.36","163","Milvus milvus","0","0","1","0"
"0.36","163","Picus sharpei","0","0","1","0"
"0.36","163","Oenanthe oenanthe","0","0","1","0"
"0.36","163","Gallinula chloropus","0","0","1","0"
"0.36","163","Ciconia ciconia","0","0","1","0"
"0.36","163","Phoenicurus phoenicurus","0","0","1","0"
"0.36","163","Chroicocephalus ridibundus","0","0","1","0"
"0.36","163","Motacilla cinerea","0","0","1","0"
"0.36","163","Corvus monedula","0","0","1","0"
"0.36","163","Lanius senator","0","0","1","0"
"0.36","163","Himantopus himantopus","0","0","1","0"
"0.36","163","Sturnus unicolor","0","0","1","0"
"0.36","163","Alectoris rufa","0","0","1","0"
"0.36","163","Acrocephalus scirpaceus","0","0","1","0"
"0.36","163","Emberiza cia","0","0","1","0"
"0.36","163","Curruca iberiae","0","0","1","0"
"0.36","163","Coturnix coturnix","0","0","0","1"
"0.36","163","Bubulcus ibis","0","0","1","0"
"0.36","163","Prunella modularis","0","0","1","0"
"0.36","163","Circus aeruginosus","0","0","1","0"
"0.36","163","Motacilla flava","0","0","1","0"
"0.36","163","Emberiza citrinella","0","0","1","0"
"0.36","163","Muscicapa striata","0","0","1","0"
"0.36","163","Acrocephalus arundinaceus","0","0","1","0"
"0.36","163","Pernis apivorus","0","0","1","0"
"0.36","163","Sterna hirundo","0","0","1","0"
"0.36","163","Passer montanus","0","0","1","0"
"0.36","163","Anthus trivialis","0","0","1","0"
"0.36","163","Podiceps cristatus","0","0","1","0"
"0.36","163","Ardea purpurea","0","0","1","0"
"0.36","163","Sylvia borin","0","0","1","0"
"0.36","163","Curruca undata","0","0","1","0"
"0.36","163","Charadrius dubius","0","0","1","0"
"0.36","163","Tachybaptus ruficollis","0","0","1","0"
"0.36","163","Falco subbuteo","0","0","1","0"
"0.36","163","Apus melba","0","0","1","0"
"0.36","163","Recurvirostra avosetta","0","0","1","0"
"0.36","163","Tadorna tadorna","0","0","1","0"
"0.36","163","Pyrrhula pyrrhula","0","0","1","0"
"0.36","163","Anthus campestris","0","0","1","0"
"0.36","163","Riparia riparia","0","0","1","0"
"0.36","163","Netta rufina","0","0","1","0"
"0.36","163","Circus pygargus","0","0","1","0"
"0.36","163","Galerida theklae","0","0","1","0"
"0.36","163","Cinclus cinclus","0","0","1","0"
"0.36","163","Aquila chrysaetos","0","0","1","0"
"0.36","163","Actitis hypoleucos","0","0","1","0"
"0.36","163","Poecile palustris","0","0","1","0"
"0.36","163","Aythya ferina","0","0","1","0"
"0.36","163","Alcedo atthis","0","0","1","0"
"0.36","163","Pyrrhocorax graculus","0","0","1","0"
"0.36","163","Burhinus oedicnemus","0","0","1","0"
"0.36","163","Sternula albifrons","0","0","1","0"
"0.36","163","Accipiter nisus","0","0","1","0"
"0.36","163","Melanocorypha calandra","0","0","1","0"
"0.36","163","Nycticorax nycticorax","0","0","1","0"
"0.36","163","Anthus spinoletta","0","0","1","0"
"0.36","163","Coccothraustes coccothraustes","0","0","1","0"
"0.36","163","Vanellus vanellus","0","0","1","0"
"0.36","163","Phasianus colchicus","0","0","1","0"
"0.36","163","Saxicola rubetra","0","0","1","0"
"0.36","163","Loxia curvirostra","0","0","1","0"
"0.36","163","Phoenicopterus roseus","0","0","1","0"
"0.36","163","Tringa ochropus","0","0","1","0"
"0.36","163","Mareca strepera","0","0","1","0"
"0.36","163","Emberiza schoeniclus","0","0","1","0"
"0.36","163","Plegadis falcinellus","0","0","1","0"
"0.36","163","Cygnus olor","0","0","1","0"
"0.36","163","Tringa totanus","0","0","1","0"
"0.36","163","Ardea alba","0","0","1","0"
"0.36","163","Coracias garrulus","0","0","1","0"
"0.36","163","Ichthyaetus melanocephalus","0","0","1","0"
"0.36","163","Columba oenas","0","0","1","0"
"0.36","163","Strix aluco","0","0","1","0"
"0.36","163","Regulus regulus","0","0","1","0"
"0.36","163","Cecropis daurica","0","0","1","0"
"0.36","163","Passer hispaniolensis","0","0","1","0"
"0.36","163","Athene noctua","0","0","1","0"
"0.36","163","Falco naumanni","0","0","1","0"
"0.36","163","Rallus aquaticus","0","0","1","0"
"0.36","163","Psittacula krameri","0","0","1","0"
"0.36","163","Lanius meridionalis","0","0","1","0"
"0.36","163","Platalea leucorodia","0","0","1","0"
"0.36","163","Phylloscopus ibericus","0","0","1","0"
"0.36","163","Aegypius monachus","0","0","1","0"
"0.36","163","Chlidonias niger","0","0","1","0"
"0.36","163","Otus scops","0","0","0","1"
"0.36","163","Jynx torquilla","0","0","1","0"
"0.36","163","Dendrocoptes medius","0","0","1","0"
"0.36","164","Turdus merula","0","0","0","1"
"0.36","164","Apus apus","0","0","1","0"
"0.36","164","Fringilla coelebs","0","0","1","0"
"0.36","164","Columba palumbus","0","0","1","0"
"0.36","164","Hirundo rustica","0","0","1","0"
"0.36","164","Passer domesticus","0","0","0","1"
"0.36","164","Sylvia atricapilla","1","0","0","0"
"0.36","164","Corvus corone","0","0","1","0"
"0.36","164","Pica pica","0","0","1","0"
"0.36","164","Carduelis carduelis","0","0","1","0"
"0.36","164","Serinus serinus","0","0","1","0"
"0.36","164","Streptopelia decaocto","0","0","0","1"
"0.36","164","Parus major","0","0","1","0"
"0.36","164","Milvus migrans","0","0","1","0"
"0.36","164","Delichon urbicum","0","0","1","0"
"0.36","164","Phoenicurus ochruros","0","0","0","1"
"0.36","164","Gyps fulvus","0","0","1","0"
"0.36","164","Erithacus rubecula","0","0","1","0"
"0.36","164","Motacilla alba","0","0","1","0"
"0.36","164","Garrulus glandarius","0","0","1","0"
"0.36","164","Cyanistes caeruleus","0","0","1","0"
"0.36","164","Chloris chloris","0","0","1","0"
"0.36","164","Emberiza cirlus","0","0","1","0"
"0.36","164","Luscinia megarhynchos","0","0","0","1"
"0.36","164","Troglodytes troglodytes","0","0","1","0"
"0.36","164","Oriolus oriolus","0","0","0","1"
"0.36","164","Columba livia","0","0","1","0"
"0.36","164","Falco tinnunculus","0","0","1","0"
"0.36","164","Cuculus canorus","0","0","1","0"
"0.36","164","Buteo buteo","0","0","1","0"
"0.36","164","Phylloscopus bonelli","0","0","1","0"
"0.36","164","Sturnus vulgaris","0","0","1","0"
"0.36","164","Linaria cannabina","0","0","1","0"
"0.36","164","Periparus ater","0","0","1","0"
"0.36","164","Merops apiaster","0","0","1","0"
"0.36","164","Hippolais polyglotta","0","0","0","1"
"0.36","164","Larus michahellis","0","0","1","0"
"0.36","164","Anas platyrhynchos","0","0","1","0"
"0.36","164","Ptyonoprogne rupestris","0","0","1","0"
"0.36","164","Certhia brachydactyla","0","0","1","0"
"0.36","164","Saxicola rubicola","0","0","1","0"
"0.36","164","Dendrocopos major","0","0","1","0"
"0.36","164","Streptopelia turtur","0","0","1","0"
"0.36","164","Ardea cinerea","0","0","1","0"
"0.36","164","Upupa epops","0","0","1","0"
"0.36","164","Picus viridis","0","0","1","0"
"0.36","164","Emberiza calandra","0","0","1","0"
"0.36","164","Regulus ignicapilla","0","0","1","0"
"0.36","164","Corvus corax","0","0","1","0"
"0.36","164","Aegithalos caudatus","0","0","1","0"
"0.36","164","Turdus viscivorus","0","0","1","0"
"0.36","164","Alauda arvensis","0","0","1","0"
"0.36","164","Turdus philomelos","0","0","1","0"
"0.36","164","Lullula arborea","0","0","1","0"
"0.36","164","Sitta europaea","0","0","1","0"
"0.36","164","Galerida cristata","0","0","1","0"
"0.36","164","Pyrrhocorax pyrrhocorax","0","0","1","0"
"0.36","164","Petronia petronia","0","0","1","0"
"0.36","164","Cettia cetti","0","0","1","0"
"0.36","164","Lophophanes cristatus","0","0","1","0"
"0.36","164","Phylloscopus collybita","0","0","1","0"
"0.36","164","Curruca melanocephala","0","0","1","0"
"0.36","164","Fulica atra","0","0","1","0"
"0.36","164","Egretta garzetta","0","0","1","0"
"0.36","164","Cisticola juncidis","0","0","1","0"
"0.36","164","Lanius collurio","0","0","1","0"
"0.36","164","Circaetus gallicus","0","0","1","0"
"0.36","164","Curruca communis","0","0","0","1"
"0.36","164","Phalacrocorax carbo","0","0","1","0"
"0.36","164","Carduelis citrinella","0","0","1","0"
"0.36","164","Hieraaetus pennatus","0","0","1","0"
"0.36","164","Milvus milvus","0","0","1","0"
"0.36","164","Picus sharpei","0","0","1","0"
"0.36","164","Oenanthe oenanthe","0","0","1","0"
"0.36","164","Gallinula chloropus","0","0","1","0"
"0.36","164","Ciconia ciconia","0","0","1","0"
"0.36","164","Phoenicurus phoenicurus","0","0","1","0"
"0.36","164","Chroicocephalus ridibundus","0","0","1","0"
"0.36","164","Motacilla cinerea","0","0","1","0"
"0.36","164","Corvus monedula","0","0","1","0"
"0.36","164","Lanius senator","0","0","1","0"
"0.36","164","Himantopus himantopus","0","0","1","0"
"0.36","164","Sturnus unicolor","0","0","1","0"
"0.36","164","Alectoris rufa","0","0","1","0"
"0.36","164","Acrocephalus scirpaceus","0","0","1","0"
"0.36","164","Emberiza cia","0","0","1","0"
"0.36","164","Curruca iberiae","0","0","1","0"
"0.36","164","Coturnix coturnix","0","0","1","0"
"0.36","164","Bubulcus ibis","0","0","1","0"
"0.36","164","Prunella modularis","0","0","1","0"
"0.36","164","Circus aeruginosus","0","0","1","0"
"0.36","164","Motacilla flava","0","0","1","0"
"0.36","164","Emberiza citrinella","0","0","1","0"
"0.36","164","Muscicapa striata","0","0","1","0"
"0.36","164","Acrocephalus arundinaceus","0","0","1","0"
"0.36","164","Pernis apivorus","0","0","1","0"
"0.36","164","Sterna hirundo","0","0","1","0"
"0.36","164","Passer montanus","0","0","1","0"
"0.36","164","Anthus trivialis","0","0","1","0"
"0.36","164","Podiceps cristatus","0","0","1","0"
"0.36","164","Ardea purpurea","0","0","1","0"
"0.36","164","Sylvia borin","0","0","1","0"
"0.36","164","Curruca undata","0","0","1","0"
"0.36","164","Charadrius dubius","0","0","1","0"
"0.36","164","Tachybaptus ruficollis","0","0","1","0"
"0.36","164","Falco subbuteo","0","0","1","0"
"0.36","164","Apus melba","0","0","1","0"
"0.36","164","Recurvirostra avosetta","0","0","1","0"
"0.36","164","Tadorna tadorna","0","0","1","0"
"0.36","164","Pyrrhula pyrrhula","0","0","1","0"
"0.36","164","Anthus campestris","0","0","1","0"
"0.36","164","Riparia riparia","0","0","1","0"
"0.36","164","Netta rufina","0","0","1","0"
"0.36","164","Circus pygargus","0","0","1","0"
"0.36","164","Galerida theklae","0","0","1","0"
"0.36","164","Cinclus cinclus","0","0","1","0"
"0.36","164","Aquila chrysaetos","0","0","1","0"
"0.36","164","Actitis hypoleucos","0","0","1","0"
"0.36","164","Poecile palustris","0","0","1","0"
"0.36","164","Aythya ferina","0","0","1","0"
"0.36","164","Alcedo atthis","0","0","1","0"
"0.36","164","Pyrrhocorax graculus","0","0","1","0"
"0.36","164","Burhinus oedicnemus","0","0","1","0"
"0.36","164","Sternula albifrons","0","0","1","0"
"0.36","164","Accipiter nisus","0","0","1","0"
"0.36","164","Melanocorypha calandra","0","0","1","0"
"0.36","164","Nycticorax nycticorax","0","0","1","0"
"0.36","164","Anthus spinoletta","0","0","1","0"
"0.36","164","Coccothraustes coccothraustes","0","0","1","0"
"0.36","164","Vanellus vanellus","0","0","1","0"
"0.36","164","Phasianus colchicus","0","0","1","0"
"0.36","164","Saxicola rubetra","0","0","1","0"
"0.36","164","Loxia curvirostra","0","0","1","0"
"0.36","164","Phoenicopterus roseus","0","0","1","0"
"0.36","164","Tringa ochropus","0","0","1","0"
"0.36","164","Mareca strepera","0","0","1","0"
"0.36","164","Emberiza schoeniclus","0","0","1","0"
"0.36","164","Plegadis falcinellus","0","0","1","0"
"0.36","164","Cygnus olor","0","0","1","0"
"0.36","164","Tringa totanus","0","0","1","0"
"0.36","164","Ardea alba","0","0","1","0"
"0.36","164","Coracias garrulus","0","0","1","0"
"0.36","164","Ichthyaetus melanocephalus","0","0","1","0"
"0.36","164","Columba oenas","0","0","1","0"
"0.36","164","Strix aluco","0","0","1","0"
"0.36","164","Regulus regulus","0","0","1","0"
"0.36","164","Cecropis daurica","0","0","1","0"
"0.36","164","Passer hispaniolensis","0","0","1","0"
"0.36","164","Athene noctua","0","0","1","0"
"0.36","164","Falco naumanni","0","0","1","0"
"0.36","164","Rallus aquaticus","0","0","1","0"
"0.36","164","Psittacula krameri","0","0","1","0"
"0.36","164","Lanius meridionalis","0","0","1","0"
"0.36","164","Platalea leucorodia","0","0","1","0"
"0.36","164","Phylloscopus ibericus","0","0","1","0"
"0.36","164","Aegypius monachus","0","0","1","0"
"0.36","164","Chlidonias niger","0","0","1","0"
"0.36","164","Otus scops","0","0","1","0"
"0.36","164","Jynx torquilla","0","0","1","0"
"0.36","164","Dendrocoptes medius","0","0","1","0"
"0.36","165","Turdus merula","0","0","0","1"
"0.36","165","Apus apus","0","0","1","0"
"0.36","165","Fringilla coelebs","0","0","1","0"
"0.36","165","Columba palumbus","0","0","1","0"
"0.36","165","Hirundo rustica","0","0","1","0"
"0.36","165","Passer domesticus","0","0","0","1"
"0.36","165","Sylvia atricapilla","0","0","0","1"
"0.36","165","Corvus corone","0","0","1","0"
"0.36","165","Pica pica","0","0","1","0"
"0.36","165","Carduelis carduelis","0","0","1","0"
"0.36","165","Serinus serinus","0","0","1","0"
"0.36","165","Streptopelia decaocto","0","0","1","0"
"0.36","165","Parus major","0","0","1","0"
"0.36","165","Milvus migrans","0","0","1","0"
"0.36","165","Delichon urbicum","0","0","1","0"
"0.36","165","Phoenicurus ochruros","1","0","0","0"
"0.36","165","Gyps fulvus","0","0","1","0"
"0.36","165","Erithacus rubecula","0","0","1","0"
"0.36","165","Motacilla alba","0","0","1","0"
"0.36","165","Garrulus glandarius","0","0","1","0"
"0.36","165","Cyanistes caeruleus","0","0","0","1"
"0.36","165","Chloris chloris","0","0","0","1"
"0.36","165","Emberiza cirlus","0","0","0","1"
"0.36","165","Luscinia megarhynchos","0","0","0","1"
"0.36","165","Troglodytes troglodytes","0","0","1","0"
"0.36","165","Oriolus oriolus","0","0","1","0"
"0.36","165","Columba livia","0","0","1","0"
"0.36","165","Falco tinnunculus","0","0","1","0"
"0.36","165","Cuculus canorus","0","0","1","0"
"0.36","165","Buteo buteo","0","0","1","0"
"0.36","165","Phylloscopus bonelli","0","0","1","0"
"0.36","165","Sturnus vulgaris","0","0","1","0"
"0.36","165","Linaria cannabina","0","0","1","0"
"0.36","165","Periparus ater","0","0","0","1"
"0.36","165","Merops apiaster","0","0","1","0"
"0.36","165","Hippolais polyglotta","0","0","1","0"
"0.36","165","Larus michahellis","0","0","1","0"
"0.36","165","Anas platyrhynchos","0","0","1","0"
"0.36","165","Ptyonoprogne rupestris","0","0","1","0"
"0.36","165","Certhia brachydactyla","0","0","1","0"
"0.36","165","Saxicola rubicola","0","0","1","0"
"0.36","165","Dendrocopos major","0","0","1","0"
"0.36","165","Streptopelia turtur","0","0","1","0"
"0.36","165","Ardea cinerea","0","0","1","0"
"0.36","165","Upupa epops","0","0","1","0"
"0.36","165","Picus viridis","0","0","1","0"
"0.36","165","Emberiza calandra","0","0","1","0"
"0.36","165","Regulus ignicapilla","0","0","1","0"
"0.36","165","Corvus corax","0","0","0","1"
"0.36","165","Aegithalos caudatus","0","0","1","0"
"0.36","165","Turdus viscivorus","0","0","1","0"
"0.36","165","Alauda arvensis","0","0","1","0"
"0.36","165","Turdus philomelos","0","0","1","0"
"0.36","165","Lullula arborea","0","0","1","0"
"0.36","165","Sitta europaea","0","0","1","0"
"0.36","165","Galerida cristata","0","0","1","0"
"0.36","165","Pyrrhocorax pyrrhocorax","0","0","1","0"
"0.36","165","Petronia petronia","0","0","1","0"
"0.36","165","Cettia cetti","0","0","1","0"
"0.36","165","Lophophanes cristatus","0","0","1","0"
"0.36","165","Phylloscopus collybita","0","0","1","0"
"0.36","165","Curruca melanocephala","0","0","1","0"
"0.36","165","Fulica atra","0","0","1","0"
"0.36","165","Egretta garzetta","0","0","1","0"
"0.36","165","Cisticola juncidis","0","0","1","0"
"0.36","165","Lanius collurio","0","0","1","0"
"0.36","165","Circaetus gallicus","0","0","1","0"
"0.36","165","Curruca communis","0","0","0","1"
"0.36","165","Phalacrocorax carbo","0","0","1","0"
"0.36","165","Carduelis citrinella","0","0","1","0"
"0.36","165","Hieraaetus pennatus","0","0","1","0"
"0.36","165","Milvus milvus","0","0","1","0"
"0.36","165","Picus sharpei","0","0","1","0"
"0.36","165","Oenanthe oenanthe","0","0","1","0"
"0.36","165","Gallinula chloropus","0","0","1","0"
"0.36","165","Ciconia ciconia","0","0","1","0"
"0.36","165","Phoenicurus phoenicurus","0","0","1","0"
"0.36","165","Chroicocephalus ridibundus","0","0","1","0"
"0.36","165","Motacilla cinerea","0","0","1","0"
"0.36","165","Corvus monedula","0","0","1","0"
"0.36","165","Lanius senator","0","0","1","0"
"0.36","165","Himantopus himantopus","0","0","1","0"
"0.36","165","Sturnus unicolor","0","0","1","0"
"0.36","165","Alectoris rufa","0","0","1","0"
"0.36","165","Acrocephalus scirpaceus","0","0","1","0"
"0.36","165","Emberiza cia","0","0","1","0"
"0.36","165","Curruca iberiae","0","0","1","0"
"0.36","165","Coturnix coturnix","0","0","1","0"
"0.36","165","Bubulcus ibis","0","0","1","0"
"0.36","165","Prunella modularis","0","0","1","0"
"0.36","165","Circus aeruginosus","0","0","1","0"
"0.36","165","Motacilla flava","0","0","1","0"
"0.36","165","Emberiza citrinella","0","0","1","0"
"0.36","165","Muscicapa striata","0","0","1","0"
"0.36","165","Acrocephalus arundinaceus","0","0","1","0"
"0.36","165","Pernis apivorus","0","0","1","0"
"0.36","165","Sterna hirundo","0","0","1","0"
"0.36","165","Passer montanus","0","0","1","0"
"0.36","165","Anthus trivialis","0","0","1","0"
"0.36","165","Podiceps cristatus","0","0","1","0"
"0.36","165","Ardea purpurea","0","0","1","0"
"0.36","165","Sylvia borin","0","0","1","0"
"0.36","165","Curruca undata","0","0","1","0"
"0.36","165","Charadrius dubius","0","0","1","0"
"0.36","165","Tachybaptus ruficollis","0","0","1","0"
"0.36","165","Falco subbuteo","0","0","1","0"
"0.36","165","Apus melba","0","0","1","0"
"0.36","165","Recurvirostra avosetta","0","0","1","0"
"0.36","165","Tadorna tadorna","0","0","1","0"
"0.36","165","Pyrrhula pyrrhula","0","0","1","0"
"0.36","165","Anthus campestris","0","0","1","0"
"0.36","165","Riparia riparia","0","0","1","0"
"0.36","165","Netta rufina","0","0","1","0"
"0.36","165","Circus pygargus","0","0","1","0"
"0.36","165","Galerida theklae","0","0","1","0"
"0.36","165","Cinclus cinclus","0","0","1","0"
"0.36","165","Aquila chrysaetos","0","0","1","0"
"0.36","165","Actitis hypoleucos","0","0","1","0"
"0.36","165","Poecile palustris","0","0","1","0"
"0.36","165","Aythya ferina","0","0","1","0"
"0.36","165","Alcedo atthis","0","0","1","0"
"0.36","165","Pyrrhocorax graculus","0","0","1","0"
"0.36","165","Burhinus oedicnemus","0","0","1","0"
"0.36","165","Sternula albifrons","0","0","1","0"
"0.36","165","Accipiter nisus","0","0","1","0"
"0.36","165","Melanocorypha calandra","0","0","1","0"
"0.36","165","Nycticorax nycticorax","0","0","1","0"
"0.36","165","Anthus spinoletta","0","0","1","0"
"0.36","165","Coccothraustes coccothraustes","0","0","1","0"
"0.36","165","Vanellus vanellus","0","0","1","0"
"0.36","165","Phasianus colchicus","0","0","1","0"
"0.36","165","Saxicola rubetra","0","0","1","0"
"0.36","165","Loxia curvirostra","0","0","1","0"
"0.36","165","Phoenicopterus roseus","0","0","1","0"
"0.36","165","Tringa ochropus","0","0","1","0"
"0.36","165","Mareca strepera","0","0","1","0"
"0.36","165","Emberiza schoeniclus","0","0","1","0"
"0.36","165","Plegadis falcinellus","0","0","1","0"
"0.36","165","Cygnus olor","0","0","1","0"
"0.36","165","Tringa totanus","0","0","1","0"
"0.36","165","Ardea alba","0","0","1","0"
"0.36","165","Coracias garrulus","0","0","1","0"
"0.36","165","Ichthyaetus melanocephalus","0","0","1","0"
"0.36","165","Columba oenas","0","0","1","0"
"0.36","165","Strix aluco","0","0","1","0"
"0.36","165","Regulus regulus","0","0","1","0"
"0.36","165","Cecropis daurica","0","0","1","0"
"0.36","165","Passer hispaniolensis","0","0","1","0"
"0.36","165","Athene noctua","0","0","1","0"
"0.36","165","Falco naumanni","0","0","1","0"
"0.36","165","Rallus aquaticus","0","0","1","0"
"0.36","165","Psittacula krameri","0","0","1","0"
"0.36","165","Lanius meridionalis","0","0","1","0"
"0.36","165","Platalea leucorodia","0","0","1","0"
"0.36","165","Phylloscopus ibericus","0","0","1","0"
"0.36","165","Aegypius monachus","0","0","1","0"
"0.36","165","Chlidonias niger","0","0","1","0"
"0.36","165","Otus scops","0","0","1","0"
"0.36","165","Jynx torquilla","0","0","1","0"
"0.36","165","Dendrocoptes medius","0","0","1","0"
"0.36","166","Turdus merula","0","0","1","0"
"0.36","166","Apus apus","0","0","1","0"
"0.36","166","Columba palumbus","0","0","1","0"
"0.36","166","Passer domesticus","0","0","1","0"
"0.36","166","Fringilla coelebs","0","0","1","0"
"0.36","166","Hirundo rustica","0","0","1","0"
"0.36","166","Corvus corone","0","0","1","0"
"0.36","166","Sylvia atricapilla","0","0","1","0"
"0.36","166","Carduelis carduelis","0","0","1","0"
"0.36","166","Pica pica","0","0","1","0"
"0.36","166","Delichon urbicum","0","0","1","0"
"0.36","166","Streptopelia decaocto","0","0","1","0"
"0.36","166","Phoenicurus ochruros","0","0","1","0"
"0.36","166","Parus major","0","0","1","0"
"0.36","166","Milvus migrans","0","0","1","0"
"0.36","166","Serinus serinus","0","0","1","0"
"0.36","166","Motacilla alba","0","0","1","0"
"0.36","166","Gyps fulvus","0","0","1","0"
"0.36","166","Erithacus rubecula","0","0","1","0"
"0.36","166","Garrulus glandarius","0","0","1","0"
"0.36","166","Cyanistes caeruleus","0","0","1","0"
"0.36","166","Buteo buteo","0","0","1","0"
"0.36","166","Columba livia","0","0","1","0"
"0.36","166","Falco tinnunculus","0","0","1","0"
"0.36","166","Chloris chloris","0","0","1","0"
"0.36","166","Emberiza cirlus","0","0","1","0"
"0.36","166","Troglodytes troglodytes","0","0","1","0"
"0.36","166","Oriolus oriolus","0","0","1","0"
"0.36","166","Periparus ater","0","0","1","0"
"0.36","166","Linaria cannabina","0","0","1","0"
"0.36","166","Ptyonoprogne rupestris","0","0","1","0"
"0.36","166","Ardea cinerea","0","0","1","0"
"0.36","166","Picus viridis","0","0","1","0"
"0.36","166","Certhia brachydactyla","0","0","1","0"
"0.36","166","Sturnus vulgaris","0","0","1","0"
"0.36","166","Larus michahellis","0","0","1","0"
"0.36","166","Dendrocopos major","0","0","1","0"
"0.36","166","Anas platyrhynchos","0","0","1","0"
"0.36","166","Merops apiaster","0","0","1","0"
"0.36","166","Phylloscopus bonelli","0","0","1","0"
"0.36","166","Saxicola rubicola","0","0","1","0"
"0.36","166","Streptopelia turtur","0","0","1","0"
"0.36","166","Sitta europaea","0","0","1","0"
"0.36","166","Aegithalos caudatus","0","0","1","0"
"0.36","166","Hippolais polyglotta","0","0","1","0"
"0.36","166","Upupa epops","0","0","1","0"
"0.36","166","Corvus corax","0","0","1","0"
"0.36","166","Phylloscopus collybita","0","0","1","0"
"0.36","166","Regulus ignicapilla","0","0","1","0"
"0.36","166","Chroicocephalus ridibundus","0","0","1","0"
"0.36","166","Lophophanes cristatus","0","0","1","0"
"0.36","166","Luscinia megarhynchos","0","0","1","0"
"0.36","166","Fulica atra","0","0","1","0"
"0.36","166","Turdus viscivorus","0","0","1","0"
"0.36","166","Egretta garzetta","0","0","1","0"
"0.36","166","Turdus philomelos","0","0","1","0"
"0.36","166","Galerida cristata","0","0","1","0"
"0.36","166","Lanius collurio","0","0","1","0"
"0.36","166","Alauda arvensis","0","0","1","0"
"0.36","166","Pyrrhocorax pyrrhocorax","0","0","1","0"
"0.36","166","Phalacrocorax carbo","0","0","1","0"
"0.36","166","Circaetus gallicus","0","0","1","0"
"0.36","166","Gallinula chloropus","0","0","1","0"
"0.36","166","Lullula arborea","0","0","1","0"
"0.36","166","Cisticola juncidis","0","0","1","0"
"0.36","166","Milvus milvus","0","0","1","0"
"0.36","166","Cuculus canorus","0","0","1","0"
"0.36","166","Curruca melanocephala","0","0","1","0"
"0.36","166","Motacilla cinerea","0","0","1","0"
"0.36","166","Cettia cetti","0","0","1","0"
"0.36","166","Carduelis citrinella","0","0","1","0"
"0.36","166","Hieraaetus pennatus","0","0","1","0"
"0.36","166","Emberiza calandra","0","0","1","0"
"0.36","166","Petronia petronia","0","0","1","0"
"0.36","166","Oenanthe oenanthe","0","0","1","0"
"0.36","166","Bubulcus ibis","0","0","1","0"
"0.36","166","Ciconia ciconia","0","0","1","0"
"0.36","166","Lanius senator","0","0","1","0"
"0.36","166","Picus sharpei","0","0","1","0"
"0.36","166","Muscicapa striata","0","0","1","0"
"0.36","166","Acrocephalus scirpaceus","0","0","1","0"
"0.36","166","Coturnix coturnix","0","0","1","0"
"0.36","166","Curruca communis","0","0","1","0"
"0.36","166","Pernis apivorus","0","0","1","0"
"0.36","166","Himantopus himantopus","0","0","1","0"
"0.36","166","Circus aeruginosus","0","0","1","0"
"0.36","166","Phoenicurus phoenicurus","0","0","1","0"
"0.36","166","Corvus monedula","0","0","1","0"
"0.36","166","Prunella modularis","0","0","1","0"
"0.36","166","Alectoris rufa","0","0","1","0"
"0.36","166","Sterna hirundo","0","0","1","0"
"0.36","166","Podiceps cristatus","0","0","1","0"
"0.36","166","Emberiza citrinella","0","0","1","0"
"0.36","166","Emberiza cia","0","0","1","0"
"0.36","166","Curruca iberiae","0","0","1","0"
"0.36","166","Passer montanus","0","0","1","0"
"0.36","166","Motacilla flava","0","0","1","0"
"0.36","166","Tachybaptus ruficollis","0","0","1","0"
"0.36","166","Alcedo atthis","0","0","1","0"
"0.36","166","Anthus trivialis","0","0","1","0"
"0.36","166","Sturnus unicolor","0","0","1","0"
"0.36","166","Ardea purpurea","0","0","1","0"
"0.36","166","Actitis hypoleucos","0","0","1","0"
"0.36","166","Charadrius dubius","0","0","1","0"
"0.36","166","Pyrrhula pyrrhula","0","0","1","0"
"0.36","166","Apus melba","0","0","1","0"
"0.36","166","Curruca undata","0","0","1","0"
"0.36","166","Tringa ochropus","0","0","1","0"
"0.36","166","Falco subbuteo","0","0","1","0"
"0.36","166","Sylvia borin","0","0","1","0"
"0.36","166","Recurvirostra avosetta","0","0","1","0"
"0.36","166","Anthus spinoletta","0","0","1","0"
"0.36","166","Vanellus vanellus","0","0","1","0"
"0.36","166","Cinclus cinclus","0","0","1","0"
"0.36","166","Riparia riparia","0","0","1","0"
"0.36","166","Anthus campestris","0","0","1","0"
"0.36","166","Poecile palustris","0","0","1","0"
"0.36","166","Tadorna tadorna","0","0","1","0"
"0.36","166","Aythya ferina","0","0","1","0"
"0.36","166","Netta rufina","0","0","1","0"
"0.36","166","Acrocephalus arundinaceus","0","0","1","0"
"0.36","166","Accipiter nisus","0","0","1","0"
"0.36","166","Circus pygargus","0","0","1","0"
"0.36","166","Pyrrhocorax graculus","0","0","1","0"
"0.36","166","Aquila chrysaetos","0","0","1","0"
"0.36","166","Nycticorax nycticorax","0","0","1","0"
"0.36","166","Galerida theklae","0","0","1","0"
"0.36","166","Ardea alba","0","0","1","0"
"0.36","166","Cygnus olor","0","0","1","0"
"0.36","166","Loxia curvirostra","0","0","1","0"
"0.36","166","Burhinus oedicnemus","0","0","1","0"
"0.36","166","Sternula albifrons","0","0","1","0"
"0.36","166","Phoenicopterus roseus","0","0","1","0"
"0.36","166","Coccothraustes coccothraustes","0","0","1","0"
"0.36","166","Columba oenas","0","0","1","0"
"0.36","166","Emberiza schoeniclus","0","0","1","0"
"0.36","166","Rallus aquaticus","0","0","1","0"
"0.36","166","Strix aluco","0","0","1","0"
"0.36","166","Plegadis falcinellus","0","0","1","0"
"0.36","166","Mareca strepera","0","0","1","0"
"0.36","166","Ichthyaetus melanocephalus","0","0","1","0"
"0.36","166","Lanius meridionalis","0","0","1","0"
"0.36","166","Cecropis daurica","0","0","1","0"
"0.36","166","Platalea leucorodia","0","0","1","0"
"0.36","166","Tringa totanus","0","0","1","0"
"0.36","166","Melanocorypha calandra","0","0","1","0"
"0.36","166","Ficedula hypoleuca","0","0","1","0"
"0.36","166","Saxicola rubetra","0","0","1","0"
"0.36","166","Athene noctua","0","0","1","0"
"0.36","166","Coracias garrulus","0","0","1","0"
"0.36","166","Thalasseus sandvicensis","0","0","1","0"
"0.36","166","Regulus regulus","0","0","1","0"
"0.36","166","Spatula clypeata","0","0","1","0"
"0.36","166","Phasianus colchicus","0","0","1","0"
"0.36","166","Podiceps nigricollis","0","0","1","0"
"0.36","166","Chlidonias niger","0","0","1","0"
"0.36","166","Falco naumanni","0","0","1","0"
"0.36","166","Tyto alba","0","0","1","0"
"0.36","166","Charadrius hiaticula","0","0","1","0"
"0.36","166","Passer hispaniolensis","0","0","1","0"
"0.36","166","Limosa limosa","0","0","1","0"
"0.36","166","Psittacula krameri","0","0","1","0"
"0.36","166","Spinus spinus","0","0","1","0"
"0.36","166","Pandion haliaetus","0","0","1","0"
"0.36","166","Charadrius alexandrinus","0","0","1","0"
"0.36","166","Numenius arquata","0","0","1","0"
"0.36","166","Larus fuscus","0","0","1","0"
"0.36","166","Phylloscopus trochilus","0","0","1","0"
"0.36","166","Otus scops","0","0","1","0"
"0.36","166","Jynx torquilla","0","0","1","0"
"0.36","166","Dendrocoptes medius","0","0","1","0"
"0.36","167","Turdus merula","0","0","1","0"
"0.36","167","Apus apus","0","0","1","0"
"0.36","167","Columba palumbus","0","0","1","0"
"0.36","167","Passer domesticus","0","0","1","0"
"0.36","167","Fringilla coelebs","0","0","1","0"
"0.36","167","Hirundo rustica","0","0","1","0"
"0.36","167","Corvus corone","0","0","1","0"
"0.36","167","Sylvia atricapilla","0","0","0","1"
"0.36","167","Carduelis carduelis","0","0","1","0"
"0.36","167","Pica pica","0","0","1","0"
"0.36","167","Delichon urbicum","0","0","1","0"
"0.36","167","Streptopelia decaocto","0","0","1","0"
"0.36","167","Phoenicurus ochruros","0","0","1","0"
"0.36","167","Parus major","0","0","1","0"
"0.36","167","Milvus migrans","0","0","1","0"
"0.36","167","Serinus serinus","0","0","1","0"
"0.36","167","Motacilla alba","0","0","1","0"
"0.36","167","Gyps fulvus","0","0","1","0"
"0.36","167","Erithacus rubecula","0","0","0","1"
"0.36","167","Garrulus glandarius","0","0","1","0"
"0.36","167","Cyanistes caeruleus","0","0","1","0"
"0.36","167","Buteo buteo","0","0","1","0"
"0.36","167","Columba livia","0","0","1","0"
"0.36","167","Falco tinnunculus","0","0","1","0"
"0.36","167","Chloris chloris","0","0","1","0"
"0.36","167","Emberiza cirlus","0","0","1","0"
"0.36","167","Troglodytes troglodytes","1","0","0","0"
"0.36","167","Oriolus oriolus","0","0","0","1"
"0.36","167","Periparus ater","0","0","1","0"
"0.36","167","Linaria cannabina","0","0","1","0"
"0.36","167","Ptyonoprogne rupestris","0","0","1","0"
"0.36","167","Ardea cinerea","0","0","1","0"
"0.36","167","Picus viridis","0","0","1","0"
"0.36","167","Certhia brachydactyla","0","0","1","0"
"0.36","167","Sturnus vulgaris","0","0","1","0"
"0.36","167","Larus michahellis","0","0","1","0"
"0.36","167","Dendrocopos major","0","0","1","0"
"0.36","167","Anas platyrhynchos","0","0","1","0"
"0.36","167","Merops apiaster","0","0","1","0"
"0.36","167","Phylloscopus bonelli","0","0","0","1"
"0.36","167","Saxicola rubicola","0","0","1","0"
"0.36","167","Streptopelia turtur","0","0","1","0"
"0.36","167","Sitta europaea","0","0","1","0"
"0.36","167","Aegithalos caudatus","0","0","1","0"
"0.36","167","Hippolais polyglotta","0","0","1","0"
"0.36","167","Upupa epops","0","0","1","0"
"0.36","167","Corvus corax","0","0","1","0"
"0.36","167","Phylloscopus collybita","1","0","0","0"
"0.36","167","Regulus ignicapilla","0","0","1","0"
"0.36","167","Chroicocephalus ridibundus","0","0","1","0"
"0.36","167","Lophophanes cristatus","0","0","1","0"
"0.36","167","Luscinia megarhynchos","0","0","1","0"
"0.36","167","Fulica atra","0","0","1","0"
"0.36","167","Turdus viscivorus","0","0","0","1"
"0.36","167","Egretta garzetta","0","0","1","0"
"0.36","167","Turdus philomelos","0","0","1","0"
"0.36","167","Galerida cristata","0","0","1","0"
"0.36","167","Lanius collurio","0","0","1","0"
"0.36","167","Alauda arvensis","0","0","1","0"
"0.36","167","Pyrrhocorax pyrrhocorax","0","0","1","0"
"0.36","167","Phalacrocorax carbo","0","0","1","0"
"0.36","167","Circaetus gallicus","0","0","1","0"
"0.36","167","Gallinula chloropus","0","0","1","0"
"0.36","167","Lullula arborea","0","0","1","0"
"0.36","167","Cisticola juncidis","0","0","1","0"
"0.36","167","Milvus milvus","0","0","1","0"
"0.36","167","Cuculus canorus","1","0","0","0"
"0.36","167","Curruca melanocephala","0","0","1","0"
"0.36","167","Motacilla cinerea","0","0","1","0"
"0.36","167","Cettia cetti","0","0","1","0"
"0.36","167","Carduelis citrinella","0","0","1","0"
"0.36","167","Hieraaetus pennatus","0","0","1","0"
"0.36","167","Emberiza calandra","0","0","1","0"
"0.36","167","Petronia petronia","0","0","1","0"
"0.36","167","Oenanthe oenanthe","0","0","1","0"
"0.36","167","Bubulcus ibis","0","0","1","0"
"0.36","167","Ciconia ciconia","0","0","1","0"
"0.36","167","Lanius senator","0","0","1","0"
"0.36","167","Picus sharpei","0","0","1","0"
"0.36","167","Muscicapa striata","0","0","1","0"
"0.36","167","Acrocephalus scirpaceus","0","0","1","0"
"0.36","167","Coturnix coturnix","0","0","1","0"
"0.36","167","Curruca communis","0","0","1","0"
"0.36","167","Pernis apivorus","0","0","1","0"
"0.36","167","Himantopus himantopus","0","0","1","0"
"0.36","167","Circus aeruginosus","0","0","1","0"
"0.36","167","Phoenicurus phoenicurus","0","0","1","0"
"0.36","167","Corvus monedula","0","0","1","0"
"0.36","167","Prunella modularis","0","0","1","0"
"0.36","167","Alectoris rufa","0","0","1","0"
"0.36","167","Sterna hirundo","0","0","1","0"
"0.36","167","Podiceps cristatus","0","0","1","0"
"0.36","167","Emberiza citrinella","0","0","1","0"
"0.36","167","Emberiza cia","0","0","1","0"
"0.36","167","Curruca iberiae","0","0","1","0"
"0.36","167","Passer montanus","0","0","1","0"
"0.36","167","Motacilla flava","0","0","1","0"
"0.36","167","Tachybaptus ruficollis","0","0","1","0"
"0.36","167","Alcedo atthis","0","0","1","0"
"0.36","167","Anthus trivialis","0","0","1","0"
"0.36","167","Sturnus unicolor","0","0","1","0"
"0.36","167","Ardea purpurea","0","0","1","0"
"0.36","167","Actitis hypoleucos","0","0","1","0"
"0.36","167","Charadrius dubius","0","0","1","0"
"0.36","167","Pyrrhula pyrrhula","0","0","1","0"
"0.36","167","Apus melba","0","0","1","0"
"0.36","167","Curruca undata","0","0","1","0"
"0.36","167","Tringa ochropus","0","0","1","0"
"0.36","167","Falco subbuteo","0","0","1","0"
"0.36","167","Sylvia borin","0","0","1","0"
"0.36","167","Recurvirostra avosetta","0","0","1","0"
"0.36","167","Anthus spinoletta","0","0","1","0"
"0.36","167","Vanellus vanellus","0","0","1","0"
"0.36","167","Cinclus cinclus","0","0","1","0"
"0.36","167","Riparia riparia","0","0","1","0"
"0.36","167","Anthus campestris","0","0","1","0"
"0.36","167","Poecile palustris","0","0","1","0"
"0.36","167","Tadorna tadorna","0","0","1","0"
"0.36","167","Aythya ferina","0","0","1","0"
"0.36","167","Netta rufina","0","0","1","0"
"0.36","167","Acrocephalus arundinaceus","0","0","1","0"
"0.36","167","Accipiter nisus","0","0","1","0"
"0.36","167","Circus pygargus","0","0","1","0"
"0.36","167","Pyrrhocorax graculus","0","0","1","0"
"0.36","167","Aquila chrysaetos","0","0","1","0"
"0.36","167","Nycticorax nycticorax","0","0","1","0"
"0.36","167","Galerida theklae","0","0","1","0"
"0.36","167","Ardea alba","0","0","1","0"
"0.36","167","Cygnus olor","0","0","1","0"
"0.36","167","Loxia curvirostra","0","0","1","0"
"0.36","167","Burhinus oedicnemus","0","0","1","0"
"0.36","167","Sternula albifrons","0","0","1","0"
"0.36","167","Phoenicopterus roseus","0","0","1","0"
"0.36","167","Coccothraustes coccothraustes","0","0","1","0"
"0.36","167","Columba oenas","0","0","1","0"
"0.36","167","Emberiza schoeniclus","0","0","1","0"
"0.36","167","Rallus aquaticus","0","0","1","0"
"0.36","167","Strix aluco","0","0","1","0"
"0.36","167","Plegadis falcinellus","0","0","1","0"
"0.36","167","Mareca strepera","0","0","1","0"
"0.36","167","Ichthyaetus melanocephalus","0","0","1","0"
"0.36","167","Lanius meridionalis","0","0","1","0"
"0.36","167","Cecropis daurica","0","0","1","0"
"0.36","167","Platalea leucorodia","0","0","1","0"
"0.36","167","Tringa totanus","0","0","1","0"
"0.36","167","Melanocorypha calandra","0","0","1","0"
"0.36","167","Ficedula hypoleuca","0","0","1","0"
"0.36","167","Saxicola rubetra","0","0","1","0"
"0.36","167","Athene noctua","0","0","1","0"
"0.36","167","Coracias garrulus","0","0","1","0"
"0.36","167","Thalasseus sandvicensis","0","0","1","0"
"0.36","167","Regulus regulus","0","0","1","0"
"0.36","167","Spatula clypeata","0","0","1","0"
"0.36","167","Phasianus colchicus","0","0","1","0"
"0.36","167","Podiceps nigricollis","0","0","1","0"
"0.36","167","Chlidonias niger","0","0","1","0"
"0.36","167","Falco naumanni","0","0","1","0"
"0.36","167","Tyto alba","0","0","1","0"
"0.36","167","Charadrius hiaticula","0","0","1","0"
"0.36","167","Passer hispaniolensis","0","0","1","0"
"0.36","167","Limosa limosa","0","0","1","0"
"0.36","167","Psittacula krameri","0","0","1","0"
"0.36","167","Spinus spinus","0","0","1","0"
"0.36","167","Pandion haliaetus","0","0","1","0"
"0.36","167","Charadrius alexandrinus","0","0","1","0"
"0.36","167","Numenius arquata","0","0","1","0"
"0.36","167","Larus fuscus","0","0","1","0"
"0.36","167","Phylloscopus trochilus","0","0","1","0"
"0.36","167","Otus scops","0","0","1","0"
"0.36","167","Jynx torquilla","0","0","1","0"
"0.36","167","Dendrocoptes medius","0","0","1","0"
"0.36","168","Turdus merula","0","0","1","0"
"0.36","168","Apus apus","0","0","1","0"
"0.36","168","Columba palumbus","0","0","1","0"
"0.36","168","Passer domesticus","0","0","1","0"
"0.36","168","Fringilla coelebs","0","0","0","1"
"0.36","168","Hirundo rustica","0","0","1","0"
"0.36","168","Corvus corone","0","0","1","0"
"0.36","168","Sylvia atricapilla","1","0","0","0"
"0.36","168","Carduelis carduelis","0","0","1","0"
"0.36","168","Pica pica","0","0","1","0"
"0.36","168","Delichon urbicum","0","0","1","0"
"0.36","168","Streptopelia decaocto","0","0","1","0"
"0.36","168","Phoenicurus ochruros","0","0","1","0"
"0.36","168","Parus major","0","0","1","0"
"0.36","168","Milvus migrans","0","0","1","0"
"0.36","168","Serinus serinus","0","0","1","0"
"0.36","168","Motacilla alba","0","0","1","0"
"0.36","168","Gyps fulvus","0","0","1","0"
"0.36","168","Erithacus rubecula","0","0","0","1"
"0.36","168","Garrulus glandarius","0","0","1","0"
"0.36","168","Cyanistes caeruleus","0","0","0","1"
"0.36","168","Buteo buteo","0","0","1","0"
"0.36","168","Columba livia","0","0","1","0"
"0.36","168","Falco tinnunculus","0","0","1","0"
"0.36","168","Chloris chloris","0","0","1","0"
"0.36","168","Emberiza cirlus","0","0","1","0"
"0.36","168","Troglodytes troglodytes","0","0","1","0"
"0.36","168","Oriolus oriolus","0","0","0","1"
"0.36","168","Periparus ater","0","0","1","0"
"0.36","168","Linaria cannabina","0","0","1","0"
"0.36","168","Ptyonoprogne rupestris","0","0","1","0"
"0.36","168","Ardea cinerea","0","0","1","0"
"0.36","168","Picus viridis","0","0","1","0"
"0.36","168","Certhia brachydactyla","0","0","1","0"
"0.36","168","Sturnus vulgaris","0","0","1","0"
"0.36","168","Larus michahellis","0","0","1","0"
"0.36","168","Dendrocopos major","0","0","1","0"
"0.36","168","Anas platyrhynchos","0","0","1","0"
"0.36","168","Merops apiaster","0","0","1","0"
"0.36","168","Phylloscopus bonelli","0","0","1","0"
"0.36","168","Saxicola rubicola","0","0","1","0"
"0.36","168","Streptopelia turtur","0","0","1","0"
"0.36","168","Sitta europaea","0","0","1","0"
"0.36","168","Aegithalos caudatus","0","0","1","0"
"0.36","168","Hippolais polyglotta","0","0","1","0"
"0.36","168","Upupa epops","0","0","1","0"
"0.36","168","Corvus corax","0","0","1","0"
"0.36","168","Phylloscopus collybita","1","0","0","0"
"0.36","168","Regulus ignicapilla","0","0","1","0"
"0.36","168","Chroicocephalus ridibundus","0","0","1","0"
"0.36","168","Lophophanes cristatus","0","0","1","0"
"0.36","168","Luscinia megarhynchos","0","0","1","0"
"0.36","168","Fulica atra","0","0","1","0"
"0.36","168","Turdus viscivorus","0","0","1","0"
"0.36","168","Egretta garzetta","0","0","1","0"
"0.36","168","Turdus philomelos","0","0","1","0"
"0.36","168","Galerida cristata","0","0","1","0"
"0.36","168","Lanius collurio","0","0","1","0"
"0.36","168","Alauda arvensis","0","0","1","0"
"0.36","168","Pyrrhocorax pyrrhocorax","0","0","1","0"
"0.36","168","Phalacrocorax carbo","0","0","1","0"
"0.36","168","Circaetus gallicus","0","0","1","0"
"0.36","168","Gallinula chloropus","0","0","1","0"
"0.36","168","Lullula arborea","0","0","1","0"
"0.36","168","Cisticola juncidis","0","0","1","0"
"0.36","168","Milvus milvus","0","0","1","0"
"0.36","168","Cuculus canorus","0","0","1","0"
"0.36","168","Curruca melanocephala","0","0","1","0"
"0.36","168","Motacilla cinerea","0","0","1","0"
"0.36","168","Cettia cetti","0","0","1","0"
"0.36","168","Carduelis citrinella","0","0","1","0"
"0.36","168","Hieraaetus pennatus","0","0","1","0"
"0.36","168","Emberiza calandra","0","0","1","0"
"0.36","168","Petronia petronia","0","0","1","0"
"0.36","168","Oenanthe oenanthe","0","0","1","0"
"0.36","168","Bubulcus ibis","0","0","1","0"
"0.36","168","Ciconia ciconia","0","0","1","0"
"0.36","168","Lanius senator","0","0","1","0"
"0.36","168","Picus sharpei","0","0","1","0"
"0.36","168","Muscicapa striata","0","0","1","0"
"0.36","168","Acrocephalus scirpaceus","0","0","1","0"
"0.36","168","Coturnix coturnix","0","0","1","0"
"0.36","168","Curruca communis","0","0","1","0"
"0.36","168","Pernis apivorus","0","0","1","0"
"0.36","168","Himantopus himantopus","0","0","1","0"
"0.36","168","Circus aeruginosus","0","0","1","0"
"0.36","168","Phoenicurus phoenicurus","0","0","1","0"
"0.36","168","Corvus monedula","0","0","1","0"
"0.36","168","Prunella modularis","0","0","1","0"
"0.36","168","Alectoris rufa","0","0","1","0"
"0.36","168","Sterna hirundo","0","0","1","0"
"0.36","168","Podiceps cristatus","0","0","1","0"
"0.36","168","Emberiza citrinella","0","0","1","0"
"0.36","168","Emberiza cia","0","0","1","0"
"0.36","168","Curruca iberiae","0","0","1","0"
"0.36","168","Passer montanus","0","0","1","0"
"0.36","168","Motacilla flava","0","0","1","0"
"0.36","168","Tachybaptus ruficollis","0","0","1","0"
"0.36","168","Alcedo atthis","0","0","1","0"
"0.36","168","Anthus trivialis","0","0","1","0"
"0.36","168","Sturnus unicolor","0","0","1","0"
"0.36","168","Ardea purpurea","0","0","1","0"
"0.36","168","Actitis hypoleucos","0","0","1","0"
"0.36","168","Charadrius dubius","0","0","1","0"
"0.36","168","Pyrrhula pyrrhula","0","0","1","0"
"0.36","168","Apus melba","0","0","1","0"
"0.36","168","Curruca undata","0","0","1","0"
"0.36","168","Tringa ochropus","0","0","1","0"
"0.36","168","Falco subbuteo","0","0","1","0"
"0.36","168","Sylvia borin","0","0","1","0"
"0.36","168","Recurvirostra avosetta","0","0","1","0"
"0.36","168","Anthus spinoletta","0","0","1","0"
"0.36","168","Vanellus vanellus","0","0","1","0"
"0.36","168","Cinclus cinclus","0","0","1","0"
"0.36","168","Riparia riparia","0","0","1","0"
"0.36","168","Anthus campestris","0","0","1","0"
"0.36","168","Poecile palustris","0","0","1","0"
"0.36","168","Tadorna tadorna","0","0","1","0"
"0.36","168","Aythya ferina","0","0","1","0"
"0.36","168","Netta rufina","0","0","1","0"
"0.36","168","Acrocephalus arundinaceus","0","0","1","0"
"0.36","168","Accipiter nisus","0","0","1","0"
"0.36","168","Circus pygargus","0","0","1","0"
"0.36","168","Pyrrhocorax graculus","0","0","1","0"
"0.36","168","Aquila chrysaetos","0","0","1","0"
"0.36","168","Nycticorax nycticorax","0","0","1","0"
"0.36","168","Galerida theklae","0","0","1","0"
"0.36","168","Ardea alba","0","0","1","0"
"0.36","168","Cygnus olor","0","0","1","0"
"0.36","168","Loxia curvirostra","0","0","1","0"
"0.36","168","Burhinus oedicnemus","0","0","1","0"
"0.36","168","Sternula albifrons","0","0","1","0"
"0.36","168","Phoenicopterus roseus","0","0","1","0"
"0.36","168","Coccothraustes coccothraustes","0","0","1","0"
"0.36","168","Columba oenas","0","0","1","0"
"0.36","168","Emberiza schoeniclus","0","0","1","0"
"0.36","168","Rallus aquaticus","0","0","1","0"
"0.36","168","Strix aluco","0","0","1","0"
"0.36","168","Plegadis falcinellus","0","0","1","0"
"0.36","168","Mareca strepera","0","0","1","0"
"0.36","168","Ichthyaetus melanocephalus","0","0","1","0"
"0.36","168","Lanius meridionalis","0","0","1","0"
"0.36","168","Cecropis daurica","0","0","1","0"
"0.36","168","Platalea leucorodia","0","0","1","0"
"0.36","168","Tringa totanus","0","0","1","0"
"0.36","168","Melanocorypha calandra","0","0","1","0"
"0.36","168","Ficedula hypoleuca","0","0","1","0"
"0.36","168","Saxicola rubetra","0","0","1","0"
"0.36","168","Athene noctua","0","0","1","0"
"0.36","168","Coracias garrulus","0","0","1","0"
"0.36","168","Thalasseus sandvicensis","0","0","1","0"
"0.36","168","Regulus regulus","0","0","1","0"
"0.36","168","Spatula clypeata","0","0","1","0"
"0.36","168","Phasianus colchicus","0","0","1","0"
"0.36","168","Podiceps nigricollis","0","0","1","0"
"0.36","168","Chlidonias niger","0","0","1","0"
"0.36","168","Falco naumanni","0","0","1","0"
"0.36","168","Tyto alba","0","0","1","0"
"0.36","168","Charadrius hiaticula","0","0","1","0"
"0.36","168","Passer hispaniolensis","0","0","1","0"
"0.36","168","Limosa limosa","0","0","1","0"
"0.36","168","Psittacula krameri","0","0","1","0"
"0.36","168","Spinus spinus","0","0","1","0"
"0.36","168","Pandion haliaetus","0","0","1","0"
"0.36","168","Charadrius alexandrinus","0","0","1","0"
"0.36","168","Numenius arquata","0","0","1","0"
"0.36","168","Larus fuscus","0","0","1","0"
"0.36","168","Phylloscopus trochilus","0","0","1","0"
"0.36","168","Otus scops","0","0","1","0"
"0.36","168","Jynx torquilla","0","0","1","0"
"0.36","168","Dendrocoptes medius","0","0","0","1"
"0.36","169","Turdus merula","0","0","1","0"
"0.36","169","Apus apus","0","0","1","0"
"0.36","169","Fringilla coelebs","0","0","1","0"
"0.36","169","Columba palumbus","0","0","1","0"
"0.36","169","Hirundo rustica","0","0","1","0"
"0.36","169","Passer domesticus","0","0","1","0"
"0.36","169","Sylvia atricapilla","0","0","0","1"
"0.36","169","Corvus corone","0","0","1","0"
"0.36","169","Pica pica","0","0","1","0"
"0.36","169","Carduelis carduelis","0","0","1","0"
"0.36","169","Serinus serinus","0","0","1","0"
"0.36","169","Parus major","0","0","1","0"
"0.36","169","Milvus migrans","0","0","1","0"
"0.36","169","Streptopelia decaocto","0","0","1","0"
"0.36","169","Delichon urbicum","0","0","1","0"
"0.36","169","Phoenicurus ochruros","0","0","1","0"
"0.36","169","Erithacus rubecula","1","0","0","0"
"0.36","169","Gyps fulvus","0","0","1","0"
"0.36","169","Motacilla alba","0","0","1","0"
"0.36","169","Garrulus glandarius","0","0","1","0"
"0.36","169","Cyanistes caeruleus","0","0","1","0"
"0.36","169","Chloris chloris","0","0","1","0"
"0.36","169","Troglodytes troglodytes","0","0","1","0"
"0.36","169","Emberiza cirlus","0","0","1","0"
"0.36","169","Luscinia megarhynchos","0","0","1","0"
"0.36","169","Oriolus oriolus","0","0","1","0"
"0.36","169","Columba livia","0","0","1","0"
"0.36","169","Falco tinnunculus","0","0","1","0"
"0.36","169","Cuculus canorus","0","0","1","0"
"0.36","169","Buteo buteo","0","0","1","0"
"0.36","169","Sturnus vulgaris","0","0","1","0"
"0.36","169","Phylloscopus bonelli","0","0","1","0"
"0.36","169","Linaria cannabina","0","0","1","0"
"0.36","169","Periparus ater","0","0","1","0"
"0.36","169","Hippolais polyglotta","0","0","1","0"
"0.36","169","Larus michahellis","0","0","1","0"
"0.36","169","Merops apiaster","0","0","1","0"
"0.36","169","Ptyonoprogne rupestris","0","0","1","0"
"0.36","169","Anas platyrhynchos","0","0","1","0"
"0.36","169","Certhia brachydactyla","0","0","1","0"
"0.36","169","Saxicola rubicola","0","0","1","0"
"0.36","169","Ardea cinerea","0","0","1","0"
"0.36","169","Dendrocopos major","0","0","1","0"
"0.36","169","Picus viridis","0","0","1","0"
"0.36","169","Streptopelia turtur","0","0","1","0"
"0.36","169","Upupa epops","0","0","1","0"
"0.36","169","Emberiza calandra","0","0","1","0"
"0.36","169","Regulus ignicapilla","0","0","1","0"
"0.36","169","Corvus corax","0","0","1","0"
"0.36","169","Aegithalos caudatus","0","0","1","0"
"0.36","169","Alauda arvensis","0","0","1","0"
"0.36","169","Turdus philomelos","0","0","1","0"
"0.36","169","Turdus viscivorus","0","0","1","0"
"0.36","169","Sitta europaea","0","0","1","0"
"0.36","169","Lullula arborea","0","0","1","0"
"0.36","169","Pyrrhocorax pyrrhocorax","0","0","1","0"
"0.36","169","Galerida cristata","0","0","1","0"
"0.36","169","Phylloscopus collybita","1","0","0","0"
"0.36","169","Petronia petronia","0","0","1","0"
"0.36","169","Cettia cetti","0","0","1","0"
"0.36","169","Lophophanes cristatus","0","0","1","0"
"0.36","169","Fulica atra","0","0","1","0"
"0.36","169","Egretta garzetta","0","0","1","0"
"0.36","169","Curruca melanocephala","0","0","1","0"
"0.36","169","Lanius collurio","0","0","1","0"
"0.36","169","Cisticola juncidis","0","0","1","0"
"0.36","169","Curruca communis","0","0","1","0"
"0.36","169","Circaetus gallicus","0","0","1","0"
"0.36","169","Phalacrocorax carbo","0","0","1","0"
"0.36","169","Carduelis citrinella","0","0","1","0"
"0.36","169","Milvus milvus","0","0","1","0"
"0.36","169","Hieraaetus pennatus","0","0","1","0"
"0.36","169","Gallinula chloropus","0","0","1","0"
"0.36","169","Oenanthe oenanthe","0","0","1","0"
"0.36","169","Ciconia ciconia","0","0","1","0"
"0.36","169","Picus sharpei","0","0","1","0"
"0.36","169","Phoenicurus phoenicurus","0","0","1","0"
"0.36","169","Chroicocephalus ridibundus","0","0","1","0"
"0.36","169","Motacilla cinerea","0","0","1","0"
"0.36","169","Corvus monedula","0","0","1","0"
"0.36","169","Lanius senator","0","0","1","0"
"0.36","169","Himantopus himantopus","0","0","1","0"
"0.36","169","Acrocephalus scirpaceus","0","0","1","0"
"0.36","169","Prunella modularis","0","0","1","0"
"0.36","169","Emberiza cia","0","0","1","0"
"0.36","169","Alectoris rufa","0","0","1","0"
"0.36","169","Emberiza citrinella","0","0","1","0"
"0.36","169","Curruca iberiae","0","0","1","0"
"0.36","169","Coturnix coturnix","0","0","1","0"
"0.36","169","Bubulcus ibis","0","0","1","0"
"0.36","169","Sturnus unicolor","0","0","1","0"
"0.36","169","Circus aeruginosus","0","0","1","0"
"0.36","169","Motacilla flava","0","0","1","0"
"0.36","169","Muscicapa striata","0","0","1","0"
"0.36","169","Sterna hirundo","0","0","1","0"
"0.36","169","Pernis apivorus","0","0","1","0"
"0.36","169","Acrocephalus arundinaceus","0","0","1","0"
"0.36","169","Passer montanus","0","0","1","0"
"0.36","169","Podiceps cristatus","0","0","1","0"
"0.36","169","Anthus trivialis","0","0","1","0"
"0.36","169","Ardea purpurea","0","0","1","0"
"0.36","169","Sylvia borin","0","0","1","0"
"0.36","169","Tachybaptus ruficollis","0","0","1","0"
"0.36","169","Charadrius dubius","0","0","1","0"
"0.36","169","Curruca undata","0","0","1","0"
"0.36","169","Falco subbuteo","0","0","1","0"
"0.36","169","Apus melba","0","0","1","0"
"0.36","169","Pyrrhula pyrrhula","0","0","1","0"
"0.36","169","Recurvirostra avosetta","0","0","1","0"
"0.36","169","Tadorna tadorna","0","0","1","0"
"0.36","169","Riparia riparia","0","0","1","0"
"0.36","169","Anthus campestris","0","0","1","0"
"0.36","169","Netta rufina","0","0","1","0"
"0.36","169","Circus pygargus","0","0","1","0"
"0.36","169","Galerida theklae","0","0","1","0"
"0.36","169","Cinclus cinclus","0","0","1","0"
"0.36","169","Poecile palustris","0","0","1","0"
"0.36","169","Aquila chrysaetos","0","0","1","0"
"0.36","169","Actitis hypoleucos","0","0","1","0"
"0.36","169","Pyrrhocorax graculus","0","0","1","0"
"0.36","169","Aythya ferina","0","0","1","0"
"0.36","169","Alcedo atthis","0","0","1","0"
"0.36","169","Accipiter nisus","0","0","1","0"
"0.36","169","Burhinus oedicnemus","0","0","1","0"
"0.36","169","Sternula albifrons","0","0","1","0"
"0.36","169","Anthus spinoletta","0","0","1","0"
"0.36","169","Nycticorax nycticorax","0","0","1","0"
"0.36","169","Melanocorypha calandra","0","0","1","0"
"0.36","169","Vanellus vanellus","0","0","1","0"
"0.36","169","Coccothraustes coccothraustes","0","0","1","0"
"0.36","169","Cygnus olor","0","0","1","0"
"0.36","169","Phasianus colchicus","0","0","1","0"
"0.36","169","Saxicola rubetra","0","0","1","0"
"0.36","169","Loxia curvirostra","0","0","1","0"
"0.36","169","Emberiza schoeniclus","0","0","1","0"
"0.36","169","Tringa ochropus","0","0","1","0"
"0.36","169","Mareca strepera","0","0","1","0"
"0.36","169","Phoenicopterus roseus","0","0","1","0"
"0.36","169","Plegadis falcinellus","0","0","1","0"
"0.36","169","Ardea alba","0","0","1","0"
"0.36","169","Strix aluco","0","0","1","0"
"0.36","169","Tringa totanus","0","0","1","0"
"0.36","169","Regulus regulus","0","0","1","0"
"0.36","169","Columba oenas","0","0","1","0"
"0.36","169","Ichthyaetus melanocephalus","0","0","1","0"
"0.36","169","Coracias garrulus","0","0","1","0"
"0.36","169","Passer hispaniolensis","0","0","1","0"
"0.36","169","Cecropis daurica","0","0","1","0"
"0.36","169","Falco naumanni","0","0","1","0"
"0.36","169","Athene noctua","0","0","1","0"
"0.36","169","Rallus aquaticus","0","0","1","0"
"0.36","169","Psittacula krameri","0","0","1","0"
"0.36","169","Platalea leucorodia","0","0","1","0"
"0.36","169","Lanius meridionalis","0","0","1","0"
"0.36","169","Phylloscopus ibericus","0","0","1","0"
"0.36","169","Aegypius monachus","0","0","1","0"
"0.36","169","Otus scops","0","0","1","0"
"0.36","169","Jynx torquilla","0","0","1","0"
"0.36","169","Dendrocoptes medius","0","0","0","1"
"0.36","170","Turdus merula","0","0","1","0"
"0.36","170","Apus apus","0","0","1","0"
"0.36","170","Fringilla coelebs","0","0","1","0"
"0.36","170","Columba palumbus","0","0","1","0"
"0.36","170","Hirundo rustica","0","0","1","0"
"0.36","170","Passer domesticus","0","0","1","0"
"0.36","170","Sylvia atricapilla","0","0","1","0"
"0.36","170","Corvus corone","0","0","1","0"
"0.36","170","Pica pica","0","0","1","0"
"0.36","170","Carduelis carduelis","0","0","1","0"
"0.36","170","Serinus serinus","0","0","1","0"
"0.36","170","Parus major","0","0","1","0"
"0.36","170","Milvus migrans","0","0","1","0"
"0.36","170","Streptopelia decaocto","0","0","1","0"
"0.36","170","Delichon urbicum","0","0","1","0"
"0.36","170","Phoenicurus ochruros","0","0","1","0"
"0.36","170","Erithacus rubecula","0","0","1","0"
"0.36","170","Gyps fulvus","0","0","1","0"
"0.36","170","Motacilla alba","0","0","1","0"
"0.36","170","Garrulus glandarius","0","0","1","0"
"0.36","170","Cyanistes caeruleus","0","0","1","0"
"0.36","170","Chloris chloris","0","0","1","0"
"0.36","170","Troglodytes troglodytes","0","0","1","0"
"0.36","170","Emberiza cirlus","0","0","1","0"
"0.36","170","Luscinia megarhynchos","0","0","1","0"
"0.36","170","Oriolus oriolus","0","0","1","0"
"0.36","170","Columba livia","0","0","1","0"
"0.36","170","Falco tinnunculus","0","0","1","0"
"0.36","170","Cuculus canorus","0","0","1","0"
"0.36","170","Buteo buteo","0","0","1","0"
"0.36","170","Sturnus vulgaris","0","0","1","0"
"0.36","170","Phylloscopus bonelli","0","0","1","0"
"0.36","170","Linaria cannabina","0","0","1","0"
"0.36","170","Periparus ater","0","0","1","0"
"0.36","170","Hippolais polyglotta","0","0","1","0"
"0.36","170","Larus michahellis","0","0","1","0"
"0.36","170","Merops apiaster","0","0","1","0"
"0.36","170","Ptyonoprogne rupestris","0","0","1","0"
"0.36","170","Anas platyrhynchos","0","0","1","0"
"0.36","170","Certhia brachydactyla","0","0","1","0"
"0.36","170","Saxicola rubicola","0","0","1","0"
"0.36","170","Ardea cinerea","0","0","1","0"
"0.36","170","Dendrocopos major","0","0","1","0"
"0.36","170","Picus viridis","0","0","1","0"
"0.36","170","Streptopelia turtur","0","0","1","0"
"0.36","170","Upupa epops","0","0","1","0"
"0.36","170","Emberiza calandra","0","0","1","0"
"0.36","170","Regulus ignicapilla","0","0","1","0"
"0.36","170","Corvus corax","0","0","1","0"
"0.36","170","Aegithalos caudatus","0","0","1","0"
"0.36","170","Alauda arvensis","0","0","1","0"
"0.36","170","Turdus philomelos","0","0","1","0"
"0.36","170","Turdus viscivorus","0","0","1","0"
"0.36","170","Sitta europaea","0","0","1","0"
"0.36","170","Lullula arborea","0","0","1","0"
"0.36","170","Pyrrhocorax pyrrhocorax","0","0","1","0"
"0.36","170","Galerida cristata","0","0","1","0"
"0.36","170","Phylloscopus collybita","0","0","1","0"
"0.36","170","Petronia petronia","0","0","1","0"
"0.36","170","Cettia cetti","0","0","1","0"
"0.36","170","Lophophanes cristatus","0","0","1","0"
"0.36","170","Fulica atra","0","0","1","0"
"0.36","170","Egretta garzetta","0","0","1","0"
"0.36","170","Curruca melanocephala","0","0","1","0"
"0.36","170","Lanius collurio","0","0","1","0"
"0.36","170","Cisticola juncidis","0","0","1","0"
"0.36","170","Curruca communis","0","0","1","0"
"0.36","170","Circaetus gallicus","0","0","1","0"
"0.36","170","Phalacrocorax carbo","0","0","1","0"
"0.36","170","Carduelis citrinella","0","0","1","0"
"0.36","170","Milvus milvus","0","0","1","0"
"0.36","170","Hieraaetus pennatus","0","0","1","0"
"0.36","170","Gallinula chloropus","0","0","1","0"
"0.36","170","Oenanthe oenanthe","0","0","1","0"
"0.36","170","Ciconia ciconia","0","0","1","0"
"0.36","170","Picus sharpei","0","0","1","0"
"0.36","170","Phoenicurus phoenicurus","0","0","1","0"
"0.36","170","Chroicocephalus ridibundus","0","0","1","0"
"0.36","170","Motacilla cinerea","0","0","1","0"
"0.36","170","Corvus monedula","0","0","1","0"
"0.36","170","Lanius senator","0","0","1","0"
"0.36","170","Himantopus himantopus","0","0","1","0"
"0.36","170","Acrocephalus scirpaceus","0","0","1","0"
"0.36","170","Prunella modularis","0","0","1","0"
"0.36","170","Emberiza cia","0","0","1","0"
"0.36","170","Alectoris rufa","0","0","1","0"
"0.36","170","Emberiza citrinella","0","0","1","0"
"0.36","170","Curruca iberiae","0","0","1","0"
"0.36","170","Coturnix coturnix","0","0","1","0"
"0.36","170","Bubulcus ibis","0","0","1","0"
"0.36","170","Sturnus unicolor","0","0","1","0"
"0.36","170","Circus aeruginosus","0","0","1","0"
"0.36","170","Motacilla flava","0","0","1","0"
"0.36","170","Muscicapa striata","0","0","1","0"
"0.36","170","Sterna hirundo","0","0","1","0"
"0.36","170","Pernis apivorus","0","0","1","0"
"0.36","170","Acrocephalus arundinaceus","0","0","1","0"
"0.36","170","Passer montanus","0","0","1","0"
"0.36","170","Podiceps cristatus","0","0","1","0"
"0.36","170","Anthus trivialis","0","0","1","0"
"0.36","170","Ardea purpurea","0","0","1","0"
"0.36","170","Sylvia borin","0","0","1","0"
"0.36","170","Tachybaptus ruficollis","0","0","1","0"
"0.36","170","Charadrius dubius","0","0","1","0"
"0.36","170","Curruca undata","0","0","1","0"
"0.36","170","Falco subbuteo","0","0","1","0"
"0.36","170","Apus melba","0","0","1","0"
"0.36","170","Pyrrhula pyrrhula","0","0","1","0"
"0.36","170","Recurvirostra avosetta","0","0","1","0"
"0.36","170","Tadorna tadorna","0","0","1","0"
"0.36","170","Riparia riparia","0","0","1","0"
"0.36","170","Anthus campestris","0","0","1","0"
"0.36","170","Netta rufina","0","0","1","0"
"0.36","170","Circus pygargus","0","0","1","0"
"0.36","170","Galerida theklae","0","0","1","0"
"0.36","170","Cinclus cinclus","0","0","1","0"
"0.36","170","Poecile palustris","0","0","1","0"
"0.36","170","Aquila chrysaetos","0","0","1","0"
"0.36","170","Actitis hypoleucos","0","0","1","0"
"0.36","170","Pyrrhocorax graculus","0","0","1","0"
"0.36","170","Aythya ferina","0","0","1","0"
"0.36","170","Alcedo atthis","0","0","1","0"
"0.36","170","Accipiter nisus","0","0","1","0"
"0.36","170","Burhinus oedicnemus","0","0","1","0"
"0.36","170","Sternula albifrons","0","0","1","0"
"0.36","170","Anthus spinoletta","0","0","1","0"
"0.36","170","Nycticorax nycticorax","0","0","1","0"
"0.36","170","Melanocorypha calandra","0","0","1","0"
"0.36","170","Vanellus vanellus","0","0","1","0"
"0.36","170","Coccothraustes coccothraustes","0","0","1","0"
"0.36","170","Cygnus olor","0","0","1","0"
"0.36","170","Phasianus colchicus","0","0","1","0"
"0.36","170","Saxicola rubetra","0","0","1","0"
"0.36","170","Loxia curvirostra","0","0","1","0"
"0.36","170","Emberiza schoeniclus","0","0","1","0"
"0.36","170","Tringa ochropus","0","0","1","0"
"0.36","170","Mareca strepera","0","0","1","0"
"0.36","170","Phoenicopterus roseus","0","0","1","0"
"0.36","170","Plegadis falcinellus","0","0","1","0"
"0.36","170","Ardea alba","0","0","1","0"
"0.36","170","Strix aluco","0","0","1","0"
"0.36","170","Tringa totanus","0","0","1","0"
"0.36","170","Regulus regulus","0","0","1","0"
"0.36","170","Columba oenas","0","0","1","0"
"0.36","170","Ichthyaetus melanocephalus","0","0","1","0"
"0.36","170","Coracias garrulus","0","0","1","0"
"0.36","170","Passer hispaniolensis","0","0","1","0"
"0.36","170","Cecropis daurica","0","0","1","0"
"0.36","170","Falco naumanni","0","0","1","0"
"0.36","170","Athene noctua","0","0","1","0"
"0.36","170","Rallus aquaticus","0","0","1","0"
"0.36","170","Psittacula krameri","0","0","1","0"
"0.36","170","Platalea leucorodia","0","0","1","0"
"0.36","170","Lanius meridionalis","0","0","1","0"
"0.36","170","Phylloscopus ibericus","0","0","1","0"
"0.36","170","Aegypius monachus","0","0","1","0"
"0.36","170","Otus scops","0","0","1","0"
"0.36","170","Jynx torquilla","0","0","1","0"
"0.36","170","Dendrocoptes medius","0","0","1","0"
"0.36","171","Turdus merula","0","0","1","0"
"0.36","171","Apus apus","0","0","1","0"
"0.36","171","Fringilla coelebs","0","0","1","0"
"0.36","171","Columba palumbus","0","0","1","0"
"0.36","171","Hirundo rustica","0","0","1","0"
"0.36","171","Passer domesticus","0","0","1","0"
"0.36","171","Sylvia atricapilla","0","0","0","1"
"0.36","171","Corvus corone","0","0","1","0"
"0.36","171","Pica pica","0","0","1","0"
"0.36","171","Carduelis carduelis","0","0","1","0"
"0.36","171","Serinus serinus","0","0","1","0"
"0.36","171","Parus major","0","0","1","0"
"0.36","171","Milvus migrans","0","0","1","0"
"0.36","171","Streptopelia decaocto","0","0","1","0"
"0.36","171","Delichon urbicum","0","0","1","0"
"0.36","171","Phoenicurus ochruros","0","0","1","0"
"0.36","171","Erithacus rubecula","0","0","1","0"
"0.36","171","Gyps fulvus","0","0","1","0"
"0.36","171","Motacilla alba","0","0","1","0"
"0.36","171","Garrulus glandarius","0","0","1","0"
"0.36","171","Cyanistes caeruleus","0","0","1","0"
"0.36","171","Chloris chloris","0","0","1","0"
"0.36","171","Troglodytes troglodytes","0","0","1","0"
"0.36","171","Emberiza cirlus","0","0","1","0"
"0.36","171","Luscinia megarhynchos","0","0","1","0"
"0.36","171","Oriolus oriolus","0","0","1","0"
"0.36","171","Columba livia","0","0","1","0"
"0.36","171","Falco tinnunculus","0","0","1","0"
"0.36","171","Cuculus canorus","0","0","1","0"
"0.36","171","Buteo buteo","0","0","1","0"
"0.36","171","Sturnus vulgaris","0","0","1","0"
"0.36","171","Phylloscopus bonelli","0","0","1","0"
"0.36","171","Linaria cannabina","0","0","1","0"
"0.36","171","Periparus ater","0","0","1","0"
"0.36","171","Hippolais polyglotta","0","0","1","0"
"0.36","171","Larus michahellis","0","0","1","0"
"0.36","171","Merops apiaster","0","0","1","0"
"0.36","171","Ptyonoprogne rupestris","0","0","1","0"
"0.36","171","Anas platyrhynchos","0","0","1","0"
"0.36","171","Certhia brachydactyla","1","0","0","0"
"0.36","171","Saxicola rubicola","0","0","1","0"
"0.36","171","Ardea cinerea","0","0","1","0"
"0.36","171","Dendrocopos major","0","0","1","0"
"0.36","171","Picus viridis","0","0","1","0"
"0.36","171","Streptopelia turtur","0","0","1","0"
"0.36","171","Upupa epops","0","0","1","0"
"0.36","171","Emberiza calandra","0","0","1","0"
"0.36","171","Regulus ignicapilla","0","0","1","0"
"0.36","171","Corvus corax","0","0","1","0"
"0.36","171","Aegithalos caudatus","0","0","1","0"
"0.36","171","Alauda arvensis","0","0","1","0"
"0.36","171","Turdus philomelos","0","0","1","0"
"0.36","171","Turdus viscivorus","1","0","0","0"
"0.36","171","Sitta europaea","0","0","1","0"
"0.36","171","Lullula arborea","0","0","1","0"
"0.36","171","Pyrrhocorax pyrrhocorax","0","0","1","0"
"0.36","171","Galerida cristata","0","0","1","0"
"0.36","171","Phylloscopus collybita","0","0","0","1"
"0.36","171","Petronia petronia","0","0","1","0"
"0.36","171","Cettia cetti","0","0","1","0"
"0.36","171","Lophophanes cristatus","0","0","1","0"
"0.36","171","Fulica atra","0","0","1","0"
"0.36","171","Egretta garzetta","0","0","1","0"
"0.36","171","Curruca melanocephala","0","0","1","0"
"0.36","171","Lanius collurio","0","0","1","0"
"0.36","171","Cisticola juncidis","0","0","1","0"
"0.36","171","Curruca communis","0","0","1","0"
"0.36","171","Circaetus gallicus","0","0","1","0"
"0.36","171","Phalacrocorax carbo","0","0","1","0"
"0.36","171","Carduelis citrinella","0","0","1","0"
"0.36","171","Milvus milvus","0","0","1","0"
"0.36","171","Hieraaetus pennatus","0","0","1","0"
"0.36","171","Gallinula chloropus","0","0","1","0"
"0.36","171","Oenanthe oenanthe","0","0","1","0"
"0.36","171","Ciconia ciconia","0","0","1","0"
"0.36","171","Picus sharpei","0","0","1","0"
"0.36","171","Phoenicurus phoenicurus","0","0","1","0"
"0.36","171","Chroicocephalus ridibundus","0","0","1","0"
"0.36","171","Motacilla cinerea","0","0","1","0"
"0.36","171","Corvus monedula","0","0","1","0"
"0.36","171","Lanius senator","0","0","1","0"
"0.36","171","Himantopus himantopus","0","0","1","0"
"0.36","171","Acrocephalus scirpaceus","0","0","1","0"
"0.36","171","Prunella modularis","0","0","1","0"
"0.36","171","Emberiza cia","0","0","1","0"
"0.36","171","Alectoris rufa","0","0","1","0"
"0.36","171","Emberiza citrinella","0","0","1","0"
"0.36","171","Curruca iberiae","0","0","1","0"
"0.36","171","Coturnix coturnix","0","0","1","0"
"0.36","171","Bubulcus ibis","0","0","1","0"
"0.36","171","Sturnus unicolor","0","0","1","0"
"0.36","171","Circus aeruginosus","0","0","1","0"
"0.36","171","Motacilla flava","0","0","1","0"
"0.36","171","Muscicapa striata","0","0","1","0"
"0.36","171","Sterna hirundo","0","0","1","0"
"0.36","171","Pernis apivorus","0","0","1","0"
"0.36","171","Acrocephalus arundinaceus","0","0","1","0"
"0.36","171","Passer montanus","0","0","1","0"
"0.36","171","Podiceps cristatus","0","0","1","0"
"0.36","171","Anthus trivialis","0","0","1","0"
"0.36","171","Ardea purpurea","0","0","1","0"
"0.36","171","Sylvia borin","0","0","1","0"
"0.36","171","Tachybaptus ruficollis","0","0","1","0"
"0.36","171","Charadrius dubius","0","0","1","0"
"0.36","171","Curruca undata","0","0","1","0"
"0.36","171","Falco subbuteo","0","0","1","0"
"0.36","171","Apus melba","0","0","1","0"
"0.36","171","Pyrrhula pyrrhula","0","0","1","0"
"0.36","171","Recurvirostra avosetta","0","0","1","0"
"0.36","171","Tadorna tadorna","0","0","1","0"
"0.36","171","Riparia riparia","0","0","1","0"
"0.36","171","Anthus campestris","0","0","1","0"
"0.36","171","Netta rufina","0","0","1","0"
"0.36","171","Circus pygargus","0","0","1","0"
"0.36","171","Galerida theklae","0","0","1","0"
"0.36","171","Cinclus cinclus","0","0","1","0"
"0.36","171","Poecile palustris","0","0","1","0"
"0.36","171","Aquila chrysaetos","0","0","1","0"
"0.36","171","Actitis hypoleucos","0","0","1","0"
"0.36","171","Pyrrhocorax graculus","0","0","1","0"
"0.36","171","Aythya ferina","0","0","1","0"
"0.36","171","Alcedo atthis","0","0","1","0"
"0.36","171","Accipiter nisus","0","0","1","0"
"0.36","171","Burhinus oedicnemus","0","0","1","0"
"0.36","171","Sternula albifrons","0","0","1","0"
"0.36","171","Anthus spinoletta","0","0","1","0"
"0.36","171","Nycticorax nycticorax","0","0","1","0"
"0.36","171","Melanocorypha calandra","0","0","1","0"
"0.36","171","Vanellus vanellus","0","0","1","0"
"0.36","171","Coccothraustes coccothraustes","0","0","1","0"
"0.36","171","Cygnus olor","0","0","1","0"
"0.36","171","Phasianus colchicus","0","0","1","0"
"0.36","171","Saxicola rubetra","0","0","1","0"
"0.36","171","Loxia curvirostra","0","0","1","0"
"0.36","171","Emberiza schoeniclus","0","0","1","0"
"0.36","171","Tringa ochropus","0","0","1","0"
"0.36","171","Mareca strepera","0","0","1","0"
"0.36","171","Phoenicopterus roseus","0","0","1","0"
"0.36","171","Plegadis falcinellus","0","0","1","0"
"0.36","171","Ardea alba","0","0","1","0"
"0.36","171","Strix aluco","0","0","1","0"
"0.36","171","Tringa totanus","0","0","1","0"
"0.36","171","Regulus regulus","0","0","1","0"
"0.36","171","Columba oenas","0","0","1","0"
"0.36","171","Ichthyaetus melanocephalus","0","0","1","0"
"0.36","171","Coracias garrulus","0","0","1","0"
"0.36","171","Passer hispaniolensis","0","0","1","0"
"0.36","171","Cecropis daurica","0","0","1","0"
"0.36","171","Falco naumanni","0","0","1","0"
"0.36","171","Athene noctua","0","0","1","0"
"0.36","171","Rallus aquaticus","0","0","1","0"
"0.36","171","Psittacula krameri","0","0","1","0"
"0.36","171","Platalea leucorodia","0","0","1","0"
"0.36","171","Lanius meridionalis","0","0","1","0"
"0.36","171","Phylloscopus ibericus","0","0","1","0"
"0.36","171","Aegypius monachus","0","0","1","0"
"0.36","171","Otus scops","0","0","1","0"
"0.36","171","Jynx torquilla","0","0","1","0"
"0.36","171","Dendrocoptes medius","0","0","1","0"
"0.36","172","Turdus merula","0","0","1","0"
"0.36","172","Apus apus","0","0","1","0"
"0.36","172","Columba palumbus","0","0","1","0"
"0.36","172","Passer domesticus","0","0","1","0"
"0.36","172","Fringilla coelebs","0","0","1","0"
"0.36","172","Hirundo rustica","0","0","1","0"
"0.36","172","Corvus corone","0","0","1","0"
"0.36","172","Sylvia atricapilla","0","0","1","0"
"0.36","172","Carduelis carduelis","0","0","1","0"
"0.36","172","Pica pica","0","0","1","0"
"0.36","172","Delichon urbicum","0","0","1","0"
"0.36","172","Streptopelia decaocto","0","0","1","0"
"0.36","172","Phoenicurus ochruros","0","0","1","0"
"0.36","172","Parus major","0","0","1","0"
"0.36","172","Milvus migrans","0","0","1","0"
"0.36","172","Serinus serinus","0","0","1","0"
"0.36","172","Motacilla alba","0","0","1","0"
"0.36","172","Gyps fulvus","0","0","1","0"
"0.36","172","Erithacus rubecula","0","0","1","0"
"0.36","172","Garrulus glandarius","0","0","1","0"
"0.36","172","Cyanistes caeruleus","0","0","1","0"
"0.36","172","Buteo buteo","0","0","1","0"
"0.36","172","Columba livia","0","0","1","0"
"0.36","172","Falco tinnunculus","0","0","1","0"
"0.36","172","Chloris chloris","0","0","1","0"
"0.36","172","Emberiza cirlus","0","0","1","0"
"0.36","172","Troglodytes troglodytes","0","0","1","0"
"0.36","172","Oriolus oriolus","0","0","1","0"
"0.36","172","Periparus ater","0","0","1","0"
"0.36","172","Linaria cannabina","0","0","1","0"
"0.36","172","Ptyonoprogne rupestris","0","0","1","0"
"0.36","172","Ardea cinerea","0","0","1","0"
"0.36","172","Picus viridis","0","0","1","0"
"0.36","172","Certhia brachydactyla","0","0","1","0"
"0.36","172","Sturnus vulgaris","0","0","1","0"
"0.36","172","Larus michahellis","0","0","1","0"
"0.36","172","Dendrocopos major","0","0","1","0"
"0.36","172","Anas platyrhynchos","0","0","1","0"
"0.36","172","Merops apiaster","0","0","1","0"
"0.36","172","Phylloscopus bonelli","0","0","1","0"
"0.36","172","Saxicola rubicola","0","0","1","0"
"0.36","172","Streptopelia turtur","0","0","1","0"
"0.36","172","Sitta europaea","0","0","1","0"
"0.36","172","Aegithalos caudatus","0","0","1","0"
"0.36","172","Hippolais polyglotta","0","0","1","0"
"0.36","172","Upupa epops","0","0","1","0"
"0.36","172","Corvus corax","0","0","1","0"
"0.36","172","Phylloscopus collybita","0","0","1","0"
"0.36","172","Regulus ignicapilla","0","0","1","0"
"0.36","172","Chroicocephalus ridibundus","0","0","1","0"
"0.36","172","Lophophanes cristatus","0","0","1","0"
"0.36","172","Luscinia megarhynchos","0","0","0","1"
"0.36","172","Fulica atra","0","0","1","0"
"0.36","172","Turdus viscivorus","0","0","1","0"
"0.36","172","Egretta garzetta","0","0","1","0"
"0.36","172","Turdus philomelos","0","0","1","0"
"0.36","172","Galerida cristata","0","0","1","0"
"0.36","172","Lanius collurio","0","0","1","0"
"0.36","172","Alauda arvensis","0","0","1","0"
"0.36","172","Pyrrhocorax pyrrhocorax","0","0","1","0"
"0.36","172","Phalacrocorax carbo","0","0","1","0"
"0.36","172","Circaetus gallicus","0","0","1","0"
"0.36","172","Gallinula chloropus","0","0","1","0"
"0.36","172","Lullula arborea","0","0","1","0"
"0.36","172","Cisticola juncidis","0","0","1","0"
"0.36","172","Milvus milvus","0","0","1","0"
"0.36","172","Cuculus canorus","0","0","1","0"
"0.36","172","Curruca melanocephala","0","0","1","0"
"0.36","172","Motacilla cinerea","0","0","1","0"
"0.36","172","Cettia cetti","0","0","1","0"
"0.36","172","Carduelis citrinella","0","0","1","0"
"0.36","172","Hieraaetus pennatus","0","0","1","0"
"0.36","172","Emberiza calandra","0","0","1","0"
"0.36","172","Petronia petronia","0","0","1","0"
"0.36","172","Oenanthe oenanthe","0","0","1","0"
"0.36","172","Bubulcus ibis","0","0","1","0"
"0.36","172","Ciconia ciconia","0","0","1","0"
"0.36","172","Lanius senator","0","0","1","0"
"0.36","172","Picus sharpei","0","0","1","0"
"0.36","172","Muscicapa striata","0","0","1","0"
"0.36","172","Acrocephalus scirpaceus","0","0","1","0"
"0.36","172","Coturnix coturnix","0","0","1","0"
"0.36","172","Curruca communis","0","0","1","0"
"0.36","172","Pernis apivorus","0","0","1","0"
"0.36","172","Himantopus himantopus","0","0","1","0"
"0.36","172","Circus aeruginosus","0","0","1","0"
"0.36","172","Phoenicurus phoenicurus","0","0","1","0"
"0.36","172","Corvus monedula","0","0","1","0"
"0.36","172","Prunella modularis","0","0","1","0"
"0.36","172","Alectoris rufa","0","0","1","0"
"0.36","172","Sterna hirundo","0","0","1","0"
"0.36","172","Podiceps cristatus","0","0","1","0"
"0.36","172","Emberiza citrinella","0","0","1","0"
"0.36","172","Emberiza cia","0","0","1","0"
"0.36","172","Curruca iberiae","0","0","1","0"
"0.36","172","Passer montanus","0","0","1","0"
"0.36","172","Motacilla flava","0","0","1","0"
"0.36","172","Tachybaptus ruficollis","0","0","1","0"
"0.36","172","Alcedo atthis","0","0","1","0"
"0.36","172","Anthus trivialis","0","0","1","0"
"0.36","172","Sturnus unicolor","0","0","1","0"
"0.36","172","Ardea purpurea","0","0","1","0"
"0.36","172","Actitis hypoleucos","0","0","1","0"
"0.36","172","Charadrius dubius","0","0","1","0"
"0.36","172","Pyrrhula pyrrhula","0","0","1","0"
"0.36","172","Apus melba","0","0","1","0"
"0.36","172","Curruca undata","0","0","1","0"
"0.36","172","Tringa ochropus","0","0","1","0"
"0.36","172","Falco subbuteo","0","0","1","0"
"0.36","172","Recurvirostra avosetta","0","0","1","0"
"0.36","172","Sylvia borin","0","0","1","0"
"0.36","172","Anthus spinoletta","0","0","1","0"
"0.36","172","Vanellus vanellus","0","0","1","0"
"0.36","172","Cinclus cinclus","0","0","1","0"
"0.36","172","Riparia riparia","0","0","1","0"
"0.36","172","Anthus campestris","0","0","1","0"
"0.36","172","Poecile palustris","0","0","1","0"
"0.36","172","Tadorna tadorna","0","0","1","0"
"0.36","172","Aythya ferina","0","0","1","0"
"0.36","172","Netta rufina","0","0","1","0"
"0.36","172","Acrocephalus arundinaceus","0","0","1","0"
"0.36","172","Circus pygargus","0","0","1","0"
"0.36","172","Accipiter nisus","0","0","1","0"
"0.36","172","Pyrrhocorax graculus","0","0","1","0"
"0.36","172","Aquila chrysaetos","0","0","1","0"
"0.36","172","Nycticorax nycticorax","0","0","1","0"
"0.36","172","Galerida theklae","0","0","1","0"
"0.36","172","Ardea alba","0","0","1","0"
"0.36","172","Cygnus olor","0","0","1","0"
"0.36","172","Loxia curvirostra","0","0","1","0"
"0.36","172","Burhinus oedicnemus","0","0","1","0"
"0.36","172","Sternula albifrons","0","0","1","0"
"0.36","172","Phoenicopterus roseus","0","0","1","0"
"0.36","172","Coccothraustes coccothraustes","0","0","1","0"
"0.36","172","Columba oenas","0","0","1","0"
"0.36","172","Emberiza schoeniclus","0","0","1","0"
"0.36","172","Rallus aquaticus","0","0","1","0"
"0.36","172","Strix aluco","0","0","1","0"
"0.36","172","Plegadis falcinellus","0","0","1","0"
"0.36","172","Mareca strepera","0","0","1","0"
"0.36","172","Ichthyaetus melanocephalus","0","0","1","0"
"0.36","172","Lanius meridionalis","0","0","1","0"
"0.36","172","Cecropis daurica","0","0","1","0"
"0.36","172","Platalea leucorodia","0","0","1","0"
"0.36","172","Tringa totanus","0","0","1","0"
"0.36","172","Melanocorypha calandra","0","0","1","0"
"0.36","172","Ficedula hypoleuca","0","0","1","0"
"0.36","172","Saxicola rubetra","0","0","1","0"
"0.36","172","Athene noctua","0","0","1","0"
"0.36","172","Coracias garrulus","0","0","1","0"
"0.36","172","Thalasseus sandvicensis","0","0","1","0"
"0.36","172","Regulus regulus","0","0","1","0"
"0.36","172","Spatula clypeata","0","0","1","0"
"0.36","172","Phasianus colchicus","0","0","1","0"
"0.36","172","Podiceps nigricollis","0","0","1","0"
"0.36","172","Chlidonias niger","0","0","1","0"
"0.36","172","Falco naumanni","0","0","1","0"
"0.36","172","Tyto alba","0","0","1","0"
"0.36","172","Charadrius hiaticula","0","0","1","0"
"0.36","172","Passer hispaniolensis","0","0","1","0"
"0.36","172","Limosa limosa","0","0","1","0"
"0.36","172","Psittacula krameri","0","0","1","0"
"0.36","172","Spinus spinus","0","0","1","0"
"0.36","172","Pandion haliaetus","0","0","1","0"
"0.36","172","Charadrius alexandrinus","0","0","1","0"
"0.36","172","Numenius arquata","0","0","1","0"
"0.36","172","Larus fuscus","0","0","1","0"
"0.36","172","Phylloscopus trochilus","0","0","1","0"
"0.36","172","Otus scops","0","0","1","0"
"0.36","172","Jynx torquilla","0","0","1","0"
"0.36","172","Dendrocoptes medius","0","0","1","0"
"0.36","173","Turdus merula","0","0","0","1"
"0.36","173","Apus apus","0","0","1","0"
"0.36","173","Columba palumbus","0","0","1","0"
"0.36","173","Passer domesticus","0","0","0","1"
"0.36","173","Fringilla coelebs","0","0","1","0"
"0.36","173","Hirundo rustica","0","0","1","0"
"0.36","173","Corvus corone","1","0","0","0"
"0.36","173","Sylvia atricapilla","0","0","0","1"
"0.36","173","Carduelis carduelis","0","0","0","1"
"0.36","173","Pica pica","0","0","1","0"
"0.36","173","Delichon urbicum","0","0","1","0"
"0.36","173","Streptopelia decaocto","0","0","1","0"
"0.36","173","Phoenicurus ochruros","0","0","1","0"
"0.36","173","Parus major","1","0","0","0"
"0.36","173","Milvus migrans","0","0","1","0"
"0.36","173","Serinus serinus","0","0","1","0"
"0.36","173","Motacilla alba","0","0","1","0"
"0.36","173","Gyps fulvus","0","0","1","0"
"0.36","173","Erithacus rubecula","0","0","1","0"
"0.36","173","Garrulus glandarius","0","0","1","0"
"0.36","173","Cyanistes caeruleus","0","0","1","0"
"0.36","173","Buteo buteo","0","0","1","0"
"0.36","173","Columba livia","0","0","1","0"
"0.36","173","Falco tinnunculus","0","0","1","0"
"0.36","173","Chloris chloris","0","0","1","0"
"0.36","173","Emberiza cirlus","0","0","1","0"
"0.36","173","Troglodytes troglodytes","0","0","1","0"
"0.36","173","Oriolus oriolus","0","0","1","0"
"0.36","173","Periparus ater","0","0","1","0"
"0.36","173","Linaria cannabina","0","0","1","0"
"0.36","173","Ptyonoprogne rupestris","0","0","1","0"
"0.36","173","Ardea cinerea","0","0","1","0"
"0.36","173","Picus viridis","0","0","1","0"
"0.36","173","Certhia brachydactyla","0","0","1","0"
"0.36","173","Sturnus vulgaris","0","0","1","0"
"0.36","173","Larus michahellis","0","0","1","0"
"0.36","173","Dendrocopos major","0","0","1","0"
"0.36","173","Anas platyrhynchos","0","0","1","0"
"0.36","173","Merops apiaster","0","0","1","0"
"0.36","173","Phylloscopus bonelli","0","0","1","0"
"0.36","173","Saxicola rubicola","0","0","1","0"
"0.36","173","Streptopelia turtur","0","0","1","0"
"0.36","173","Sitta europaea","0","0","1","0"
"0.36","173","Aegithalos caudatus","0","0","1","0"
"0.36","173","Hippolais polyglotta","0","0","1","0"
"0.36","173","Upupa epops","0","0","1","0"
"0.36","173","Corvus corax","0","0","1","0"
"0.36","173","Phylloscopus collybita","0","0","1","0"
"0.36","173","Regulus ignicapilla","0","0","1","0"
"0.36","173","Chroicocephalus ridibundus","0","0","1","0"
"0.36","173","Lophophanes cristatus","0","0","1","0"
"0.36","173","Luscinia megarhynchos","0","0","0","1"
"0.36","173","Fulica atra","0","0","1","0"
"0.36","173","Turdus viscivorus","0","0","1","0"
"0.36","173","Egretta garzetta","0","0","1","0"
"0.36","173","Turdus philomelos","0","0","1","0"
"0.36","173","Galerida cristata","0","0","1","0"
"0.36","173","Lanius collurio","0","0","1","0"
"0.36","173","Alauda arvensis","0","0","1","0"
"0.36","173","Pyrrhocorax pyrrhocorax","0","0","1","0"
"0.36","173","Phalacrocorax carbo","0","0","1","0"
"0.36","173","Circaetus gallicus","0","0","1","0"
"0.36","173","Gallinula chloropus","0","0","1","0"
"0.36","173","Lullula arborea","0","0","1","0"
"0.36","173","Cisticola juncidis","0","0","1","0"
"0.36","173","Milvus milvus","0","0","1","0"
"0.36","173","Cuculus canorus","0","0","1","0"
"0.36","173","Curruca melanocephala","0","0","1","0"
"0.36","173","Motacilla cinerea","0","0","1","0"
"0.36","173","Cettia cetti","0","0","1","0"
"0.36","173","Carduelis citrinella","0","0","1","0"
"0.36","173","Hieraaetus pennatus","0","0","1","0"
"0.36","173","Emberiza calandra","0","0","1","0"
"0.36","173","Petronia petronia","0","0","1","0"
"0.36","173","Oenanthe oenanthe","0","0","1","0"
"0.36","173","Bubulcus ibis","0","0","1","0"
"0.36","173","Ciconia ciconia","0","0","1","0"
"0.36","173","Lanius senator","0","0","1","0"
"0.36","173","Picus sharpei","0","0","1","0"
"0.36","173","Muscicapa striata","0","0","1","0"
"0.36","173","Acrocephalus scirpaceus","0","0","1","0"
"0.36","173","Coturnix coturnix","0","0","1","0"
"0.36","173","Curruca communis","0","0","1","0"
"0.36","173","Pernis apivorus","0","0","1","0"
"0.36","173","Himantopus himantopus","0","0","1","0"
"0.36","173","Circus aeruginosus","0","0","1","0"
"0.36","173","Phoenicurus phoenicurus","0","0","1","0"
"0.36","173","Corvus monedula","0","0","1","0"
"0.36","173","Prunella modularis","0","0","1","0"
"0.36","173","Alectoris rufa","0","0","1","0"
"0.36","173","Sterna hirundo","0","0","1","0"
"0.36","173","Podiceps cristatus","0","0","1","0"
"0.36","173","Emberiza citrinella","0","0","1","0"
"0.36","173","Emberiza cia","0","0","1","0"
"0.36","173","Curruca iberiae","0","0","1","0"
"0.36","173","Passer montanus","0","0","1","0"
"0.36","173","Motacilla flava","0","0","1","0"
"0.36","173","Tachybaptus ruficollis","0","0","1","0"
"0.36","173","Alcedo atthis","0","0","1","0"
"0.36","173","Anthus trivialis","0","0","1","0"
"0.36","173","Sturnus unicolor","0","0","1","0"
"0.36","173","Ardea purpurea","0","0","1","0"
"0.36","173","Actitis hypoleucos","0","0","1","0"
"0.36","173","Charadrius dubius","0","0","1","0"
"0.36","173","Pyrrhula pyrrhula","0","0","1","0"
"0.36","173","Apus melba","0","0","1","0"
"0.36","173","Curruca undata","0","0","1","0"
"0.36","173","Tringa ochropus","0","0","1","0"
"0.36","173","Falco subbuteo","0","0","1","0"
"0.36","173","Recurvirostra avosetta","0","0","1","0"
"0.36","173","Sylvia borin","0","0","1","0"
"0.36","173","Anthus spinoletta","0","0","1","0"
"0.36","173","Vanellus vanellus","0","0","1","0"
"0.36","173","Cinclus cinclus","0","0","1","0"
"0.36","173","Riparia riparia","0","0","1","0"
"0.36","173","Anthus campestris","0","0","1","0"
"0.36","173","Poecile palustris","0","0","1","0"
"0.36","173","Tadorna tadorna","0","0","1","0"
"0.36","173","Aythya ferina","0","0","1","0"
"0.36","173","Netta rufina","0","0","1","0"
"0.36","173","Acrocephalus arundinaceus","0","0","1","0"
"0.36","173","Circus pygargus","0","0","1","0"
"0.36","173","Accipiter nisus","0","0","1","0"
"0.36","173","Pyrrhocorax graculus","0","0","1","0"
"0.36","173","Aquila chrysaetos","0","0","1","0"
"0.36","173","Nycticorax nycticorax","0","0","1","0"
"0.36","173","Galerida theklae","0","0","1","0"
"0.36","173","Ardea alba","0","0","1","0"
"0.36","173","Cygnus olor","0","0","1","0"
"0.36","173","Loxia curvirostra","0","0","1","0"
"0.36","173","Burhinus oedicnemus","0","0","1","0"
"0.36","173","Sternula albifrons","0","0","1","0"
"0.36","173","Phoenicopterus roseus","0","0","1","0"
"0.36","173","Coccothraustes coccothraustes","0","0","1","0"
"0.36","173","Columba oenas","0","0","1","0"
"0.36","173","Emberiza schoeniclus","0","0","1","0"
"0.36","173","Rallus aquaticus","0","0","1","0"
"0.36","173","Strix aluco","0","0","1","0"
"0.36","173","Plegadis falcinellus","0","0","1","0"
"0.36","173","Mareca strepera","0","0","1","0"
"0.36","173","Ichthyaetus melanocephalus","0","0","1","0"
"0.36","173","Lanius meridionalis","0","0","1","0"
"0.36","173","Cecropis daurica","0","0","1","0"
"0.36","173","Platalea leucorodia","0","0","1","0"
"0.36","173","Tringa totanus","0","0","1","0"
"0.36","173","Melanocorypha calandra","0","0","1","0"
"0.36","173","Ficedula hypoleuca","0","0","1","0"
"0.36","173","Saxicola rubetra","0","0","1","0"
"0.36","173","Athene noctua","0","0","1","0"
"0.36","173","Coracias garrulus","0","0","1","0"
"0.36","173","Thalasseus sandvicensis","0","0","1","0"
"0.36","173","Regulus regulus","0","0","1","0"
"0.36","173","Spatula clypeata","0","0","1","0"
"0.36","173","Phasianus colchicus","0","0","1","0"
"0.36","173","Podiceps nigricollis","0","0","1","0"
"0.36","173","Chlidonias niger","0","0","1","0"
"0.36","173","Falco naumanni","0","0","1","0"
"0.36","173","Tyto alba","0","0","1","0"
"0.36","173","Charadrius hiaticula","0","0","1","0"
"0.36","173","Passer hispaniolensis","0","0","1","0"
"0.36","173","Limosa limosa","0","0","1","0"
"0.36","173","Psittacula krameri","0","0","1","0"
"0.36","173","Spinus spinus","0","0","1","0"
"0.36","173","Pandion haliaetus","0","0","1","0"
"0.36","173","Charadrius alexandrinus","0","0","1","0"
"0.36","173","Numenius arquata","0","0","1","0"
"0.36","173","Larus fuscus","0","0","1","0"
"0.36","173","Phylloscopus trochilus","0","0","1","0"
"0.36","173","Otus scops","0","0","1","0"
"0.36","173","Jynx torquilla","0","0","1","0"
"0.36","173","Dendrocoptes medius","0","0","1","0"
"0.36","174","Turdus merula","0","0","0","1"
"0.36","174","Apus apus","0","0","1","0"
"0.36","174","Columba palumbus","0","0","1","0"
"0.36","174","Passer domesticus","0","0","0","1"
"0.36","174","Fringilla coelebs","0","0","1","0"
"0.36","174","Hirundo rustica","0","0","1","0"
"0.36","174","Corvus corone","0","0","1","0"
"0.36","174","Sylvia atricapilla","0","0","1","0"
"0.36","174","Carduelis carduelis","0","0","1","0"
"0.36","174","Pica pica","0","0","1","0"
"0.36","174","Delichon urbicum","0","0","1","0"
"0.36","174","Streptopelia decaocto","0","0","1","0"
"0.36","174","Phoenicurus ochruros","0","0","1","0"
"0.36","174","Parus major","0","0","1","0"
"0.36","174","Milvus migrans","0","0","1","0"
"0.36","174","Serinus serinus","0","0","1","0"
"0.36","174","Motacilla alba","0","0","1","0"
"0.36","174","Gyps fulvus","0","0","1","0"
"0.36","174","Erithacus rubecula","0","0","1","0"
"0.36","174","Garrulus glandarius","0","0","1","0"
"0.36","174","Cyanistes caeruleus","0","0","1","0"
"0.36","174","Buteo buteo","0","0","1","0"
"0.36","174","Columba livia","0","0","1","0"
"0.36","174","Falco tinnunculus","0","0","1","0"
"0.36","174","Chloris chloris","0","0","1","0"
"0.36","174","Emberiza cirlus","0","0","1","0"
"0.36","174","Troglodytes troglodytes","0","0","1","0"
"0.36","174","Oriolus oriolus","0","0","1","0"
"0.36","174","Periparus ater","0","0","1","0"
"0.36","174","Linaria cannabina","0","0","1","0"
"0.36","174","Ptyonoprogne rupestris","0","0","1","0"
"0.36","174","Ardea cinerea","0","0","1","0"
"0.36","174","Picus viridis","0","0","1","0"
"0.36","174","Certhia brachydactyla","0","0","1","0"
"0.36","174","Sturnus vulgaris","0","0","1","0"
"0.36","174","Larus michahellis","0","0","1","0"
"0.36","174","Dendrocopos major","0","0","1","0"
"0.36","174","Anas platyrhynchos","0","0","1","0"
"0.36","174","Merops apiaster","0","0","1","0"
"0.36","174","Phylloscopus bonelli","0","0","1","0"
"0.36","174","Saxicola rubicola","0","0","1","0"
"0.36","174","Streptopelia turtur","0","0","1","0"
"0.36","174","Sitta europaea","0","0","1","0"
"0.36","174","Aegithalos caudatus","0","0","1","0"
"0.36","174","Hippolais polyglotta","0","0","1","0"
"0.36","174","Upupa epops","0","0","1","0"
"0.36","174","Corvus corax","0","0","1","0"
"0.36","174","Phylloscopus collybita","0","0","1","0"
"0.36","174","Regulus ignicapilla","0","0","1","0"
"0.36","174","Chroicocephalus ridibundus","0","0","1","0"
"0.36","174","Lophophanes cristatus","0","0","1","0"
"0.36","174","Luscinia megarhynchos","0","0","1","0"
"0.36","174","Fulica atra","0","0","1","0"
"0.36","174","Turdus viscivorus","0","0","1","0"
"0.36","174","Egretta garzetta","0","0","1","0"
"0.36","174","Turdus philomelos","0","0","1","0"
"0.36","174","Galerida cristata","0","0","1","0"
"0.36","174","Lanius collurio","0","0","1","0"
"0.36","174","Alauda arvensis","0","1","0","0"
"0.36","174","Pyrrhocorax pyrrhocorax","0","0","1","0"
"0.36","174","Phalacrocorax carbo","0","0","1","0"
"0.36","174","Circaetus gallicus","0","0","1","0"
"0.36","174","Gallinula chloropus","0","0","1","0"
"0.36","174","Lullula arborea","0","0","0","1"
"0.36","174","Cisticola juncidis","0","0","1","0"
"0.36","174","Milvus milvus","0","0","1","0"
"0.36","174","Cuculus canorus","0","0","1","0"
"0.36","174","Curruca melanocephala","0","0","1","0"
"0.36","174","Motacilla cinerea","0","0","1","0"
"0.36","174","Cettia cetti","0","0","1","0"
"0.36","174","Carduelis citrinella","0","0","1","0"
"0.36","174","Hieraaetus pennatus","0","0","1","0"
"0.36","174","Emberiza calandra","0","0","1","0"
"0.36","174","Petronia petronia","0","0","1","0"
"0.36","174","Oenanthe oenanthe","0","0","1","0"
"0.36","174","Bubulcus ibis","0","0","1","0"
"0.36","174","Ciconia ciconia","0","0","1","0"
"0.36","174","Lanius senator","0","0","1","0"
"0.36","174","Picus sharpei","0","0","1","0"
"0.36","174","Muscicapa striata","0","0","1","0"
"0.36","174","Acrocephalus scirpaceus","0","0","1","0"
"0.36","174","Coturnix coturnix","0","0","1","0"
"0.36","174","Curruca communis","0","0","1","0"
"0.36","174","Pernis apivorus","0","0","1","0"
"0.36","174","Himantopus himantopus","0","0","1","0"
"0.36","174","Circus aeruginosus","0","0","1","0"
"0.36","174","Phoenicurus phoenicurus","0","0","1","0"
"0.36","174","Corvus monedula","0","0","1","0"
"0.36","174","Prunella modularis","0","0","1","0"
"0.36","174","Alectoris rufa","0","0","1","0"
"0.36","174","Sterna hirundo","0","0","1","0"
"0.36","174","Podiceps cristatus","0","0","1","0"
"0.36","174","Emberiza citrinella","0","0","1","0"
"0.36","174","Emberiza cia","0","0","1","0"
"0.36","174","Curruca iberiae","0","0","1","0"
"0.36","174","Passer montanus","0","0","1","0"
"0.36","174","Motacilla flava","0","0","1","0"
"0.36","174","Tachybaptus ruficollis","0","0","1","0"
"0.36","174","Alcedo atthis","0","0","1","0"
"0.36","174","Anthus trivialis","0","0","1","0"
"0.36","174","Sturnus unicolor","0","0","1","0"
"0.36","174","Ardea purpurea","0","0","1","0"
"0.36","174","Actitis hypoleucos","0","0","1","0"
"0.36","174","Charadrius dubius","0","0","1","0"
"0.36","174","Pyrrhula pyrrhula","0","0","1","0"
"0.36","174","Apus melba","0","0","1","0"
"0.36","174","Curruca undata","0","0","1","0"
"0.36","174","Tringa ochropus","0","0","1","0"
"0.36","174","Falco subbuteo","0","0","1","0"
"0.36","174","Recurvirostra avosetta","0","0","1","0"
"0.36","174","Sylvia borin","0","0","1","0"
"0.36","174","Anthus spinoletta","0","0","1","0"
"0.36","174","Vanellus vanellus","0","0","1","0"
"0.36","174","Cinclus cinclus","0","0","1","0"
"0.36","174","Riparia riparia","0","0","1","0"
"0.36","174","Anthus campestris","0","0","1","0"
"0.36","174","Poecile palustris","0","0","1","0"
"0.36","174","Tadorna tadorna","0","0","1","0"
"0.36","174","Aythya ferina","0","0","1","0"
"0.36","174","Netta rufina","0","0","1","0"
"0.36","174","Acrocephalus arundinaceus","0","0","1","0"
"0.36","174","Circus pygargus","0","0","1","0"
"0.36","174","Accipiter nisus","0","0","1","0"
"0.36","174","Pyrrhocorax graculus","0","0","1","0"
"0.36","174","Aquila chrysaetos","0","0","1","0"
"0.36","174","Nycticorax nycticorax","0","0","1","0"
"0.36","174","Galerida theklae","0","0","1","0"
"0.36","174","Ardea alba","0","0","1","0"
"0.36","174","Cygnus olor","0","0","1","0"
"0.36","174","Loxia curvirostra","0","0","1","0"
"0.36","174","Burhinus oedicnemus","0","0","1","0"
"0.36","174","Sternula albifrons","0","0","1","0"
"0.36","174","Phoenicopterus roseus","0","0","1","0"
"0.36","174","Coccothraustes coccothraustes","0","0","1","0"
"0.36","174","Columba oenas","0","0","1","0"
"0.36","174","Emberiza schoeniclus","0","0","1","0"
"0.36","174","Rallus aquaticus","0","0","1","0"
"0.36","174","Strix aluco","0","0","1","0"
"0.36","174","Plegadis falcinellus","0","0","1","0"
"0.36","174","Mareca strepera","0","0","1","0"
"0.36","174","Ichthyaetus melanocephalus","0","0","1","0"
"0.36","174","Lanius meridionalis","0","0","1","0"
"0.36","174","Cecropis daurica","0","0","1","0"
"0.36","174","Platalea leucorodia","0","0","1","0"
"0.36","174","Tringa totanus","0","0","1","0"
"0.36","174","Melanocorypha calandra","0","0","1","0"
"0.36","174","Ficedula hypoleuca","0","0","1","0"
"0.36","174","Saxicola rubetra","0","0","1","0"
"0.36","174","Athene noctua","0","0","1","0"
"0.36","174","Coracias garrulus","0","0","1","0"
"0.36","174","Thalasseus sandvicensis","0","0","1","0"
"0.36","174","Regulus regulus","0","0","1","0"
"0.36","174","Spatula clypeata","0","0","1","0"
"0.36","174","Phasianus colchicus","0","0","1","0"
"0.36","174","Podiceps nigricollis","0","0","1","0"
"0.36","174","Chlidonias niger","0","0","1","0"
"0.36","174","Falco naumanni","0","0","1","0"
"0.36","174","Tyto alba","0","0","1","0"
"0.36","174","Charadrius hiaticula","0","0","1","0"
"0.36","174","Passer hispaniolensis","0","0","1","0"
"0.36","174","Limosa limosa","0","0","1","0"
"0.36","174","Psittacula krameri","0","0","1","0"
"0.36","174","Spinus spinus","0","0","1","0"
"0.36","174","Pandion haliaetus","0","0","1","0"
"0.36","174","Charadrius alexandrinus","0","0","1","0"
"0.36","174","Numenius arquata","0","0","1","0"
"0.36","174","Larus fuscus","0","0","1","0"
"0.36","174","Phylloscopus trochilus","0","0","1","0"
"0.36","174","Otus scops","0","0","1","0"
"0.36","174","Jynx torquilla","0","0","1","0"
"0.36","174","Dendrocoptes medius","0","0","1","0"
"0.36","175","Turdus merula","0","0","0","1"
"0.36","175","Apus apus","0","0","1","0"
"0.36","175","Fringilla coelebs","0","0","1","0"
"0.36","175","Columba palumbus","0","0","1","0"
"0.36","175","Hirundo rustica","0","0","1","0"
"0.36","175","Passer domesticus","0","0","1","0"
"0.36","175","Sylvia atricapilla","0","0","0","1"
"0.36","175","Corvus corone","0","0","1","0"
"0.36","175","Pica pica","0","0","1","0"
"0.36","175","Carduelis carduelis","0","0","1","0"
"0.36","175","Serinus serinus","0","0","1","0"
"0.36","175","Parus major","0","0","1","0"
"0.36","175","Milvus migrans","0","0","1","0"
"0.36","175","Streptopelia decaocto","0","0","1","0"
"0.36","175","Delichon urbicum","0","0","1","0"
"0.36","175","Phoenicurus ochruros","0","0","1","0"
"0.36","175","Erithacus rubecula","0","0","1","0"
"0.36","175","Gyps fulvus","0","0","1","0"
"0.36","175","Motacilla alba","0","0","1","0"
"0.36","175","Garrulus glandarius","0","0","1","0"
"0.36","175","Cyanistes caeruleus","0","0","0","1"
"0.36","175","Chloris chloris","0","0","1","0"
"0.36","175","Troglodytes troglodytes","0","0","1","0"
"0.36","175","Emberiza cirlus","0","0","1","0"
"0.36","175","Luscinia megarhynchos","0","0","1","0"
"0.36","175","Oriolus oriolus","0","0","1","0"
"0.36","175","Columba livia","0","0","1","0"
"0.36","175","Falco tinnunculus","0","0","1","0"
"0.36","175","Cuculus canorus","0","0","1","0"
"0.36","175","Buteo buteo","0","0","1","0"
"0.36","175","Sturnus vulgaris","0","0","1","0"
"0.36","175","Phylloscopus bonelli","0","0","1","0"
"0.36","175","Linaria cannabina","0","0","1","0"
"0.36","175","Periparus ater","0","0","1","0"
"0.36","175","Hippolais polyglotta","0","0","1","0"
"0.36","175","Merops apiaster","0","0","1","0"
"0.36","175","Larus michahellis","0","0","1","0"
"0.36","175","Ptyonoprogne rupestris","0","0","1","0"
"0.36","175","Anas platyrhynchos","0","0","1","0"
"0.36","175","Certhia brachydactyla","0","0","1","0"
"0.36","175","Saxicola rubicola","0","0","1","0"
"0.36","175","Ardea cinerea","0","0","1","0"
"0.36","175","Dendrocopos major","0","0","1","0"
"0.36","175","Streptopelia turtur","0","0","1","0"
"0.36","175","Picus viridis","0","0","1","0"
"0.36","175","Upupa epops","0","0","1","0"
"0.36","175","Emberiza calandra","0","0","1","0"
"0.36","175","Regulus ignicapilla","0","0","1","0"
"0.36","175","Corvus corax","0","0","1","0"
"0.36","175","Aegithalos caudatus","0","0","1","0"
"0.36","175","Alauda arvensis","0","0","1","0"
"0.36","175","Turdus philomelos","0","0","1","0"
"0.36","175","Turdus viscivorus","0","0","1","0"
"0.36","175","Sitta europaea","0","0","1","0"
"0.36","175","Lullula arborea","0","0","1","0"
"0.36","175","Pyrrhocorax pyrrhocorax","0","0","1","0"
"0.36","175","Galerida cristata","0","0","1","0"
"0.36","175","Petronia petronia","0","0","1","0"
"0.36","175","Phylloscopus collybita","0","0","1","0"
"0.36","175","Cettia cetti","0","0","1","0"
"0.36","175","Lophophanes cristatus","0","0","1","0"
"0.36","175","Fulica atra","0","0","1","0"
"0.36","175","Curruca melanocephala","0","0","1","0"
"0.36","175","Egretta garzetta","0","0","1","0"
"0.36","175","Lanius collurio","0","0","1","0"
"0.36","175","Cisticola juncidis","0","0","1","0"
"0.36","175","Curruca communis","0","0","1","0"
"0.36","175","Circaetus gallicus","0","0","1","0"
"0.36","175","Phalacrocorax carbo","0","0","1","0"
"0.36","175","Carduelis citrinella","0","0","1","0"
"0.36","175","Milvus milvus","0","0","1","0"
"0.36","175","Hieraaetus pennatus","0","0","1","0"
"0.36","175","Oenanthe oenanthe","0","0","1","0"
"0.36","175","Gallinula chloropus","0","0","1","0"
"0.36","175","Picus sharpei","0","0","1","0"
"0.36","175","Ciconia ciconia","0","0","1","0"
"0.36","175","Phoenicurus phoenicurus","0","0","1","0"
"0.36","175","Chroicocephalus ridibundus","0","0","1","0"
"0.36","175","Motacilla cinerea","0","0","1","0"
"0.36","175","Corvus monedula","0","0","1","0"
"0.36","175","Lanius senator","0","0","1","0"
"0.36","175","Himantopus himantopus","0","0","1","0"
"0.36","175","Acrocephalus scirpaceus","0","0","1","0"
"0.36","175","Emberiza cia","0","0","1","0"
"0.36","175","Prunella modularis","0","0","1","0"
"0.36","175","Alectoris rufa","0","0","1","0"
"0.36","175","Curruca iberiae","0","0","1","0"
"0.36","175","Coturnix coturnix","0","0","1","0"
"0.36","175","Sturnus unicolor","0","0","1","0"
"0.36","175","Emberiza citrinella","0","0","1","0"
"0.36","175","Bubulcus ibis","0","0","1","0"
"0.36","175","Circus aeruginosus","0","0","1","0"
"0.36","175","Motacilla flava","0","0","1","0"
"0.36","175","Muscicapa striata","0","0","1","0"
"0.36","175","Sterna hirundo","0","0","1","0"
"0.36","175","Pernis apivorus","0","0","1","0"
"0.36","175","Acrocephalus arundinaceus","0","0","1","0"
"0.36","175","Passer montanus","0","0","1","0"
"0.36","175","Podiceps cristatus","0","0","1","0"
"0.36","175","Anthus trivialis","0","0","1","0"
"0.36","175","Ardea purpurea","0","0","1","0"
"0.36","175","Sylvia borin","0","0","1","0"
"0.36","175","Curruca undata","0","0","1","0"
"0.36","175","Tachybaptus ruficollis","0","0","1","0"
"0.36","175","Charadrius dubius","0","0","1","0"
"0.36","175","Falco subbuteo","0","0","1","0"
"0.36","175","Apus melba","0","0","1","0"
"0.36","175","Pyrrhula pyrrhula","0","0","1","0"
"0.36","175","Recurvirostra avosetta","0","0","1","0"
"0.36","175","Tadorna tadorna","0","0","1","0"
"0.36","175","Riparia riparia","0","0","1","0"
"0.36","175","Anthus campestris","0","0","1","0"
"0.36","175","Netta rufina","0","0","1","0"
"0.36","175","Circus pygargus","0","0","1","0"
"0.36","175","Galerida theklae","0","0","1","0"
"0.36","175","Cinclus cinclus","0","0","1","0"
"0.36","175","Poecile palustris","0","0","1","0"
"0.36","175","Aquila chrysaetos","0","0","1","0"
"0.36","175","Actitis hypoleucos","0","0","1","0"
"0.36","175","Pyrrhocorax graculus","0","0","1","0"
"0.36","175","Aythya ferina","0","0","1","0"
"0.36","175","Alcedo atthis","0","0","1","0"
"0.36","175","Burhinus oedicnemus","0","0","1","0"
"0.36","175","Sternula albifrons","0","0","1","0"
"0.36","175","Accipiter nisus","0","0","1","0"
"0.36","175","Anthus spinoletta","0","0","1","0"
"0.36","175","Melanocorypha calandra","0","0","1","0"
"0.36","175","Nycticorax nycticorax","0","0","1","0"
"0.36","175","Vanellus vanellus","0","0","1","0"
"0.36","175","Coccothraustes coccothraustes","0","0","1","0"
"0.36","175","Phasianus colchicus","0","0","1","0"
"0.36","175","Cygnus olor","0","0","1","0"
"0.36","175","Saxicola rubetra","0","0","1","0"
"0.36","175","Loxia curvirostra","0","0","1","0"
"0.36","175","Tringa ochropus","0","0","1","0"
"0.36","175","Mareca strepera","0","0","1","0"
"0.36","175","Emberiza schoeniclus","0","0","1","0"
"0.36","175","Phoenicopterus roseus","0","0","1","0"
"0.36","175","Plegadis falcinellus","0","0","1","0"
"0.36","175","Ardea alba","0","0","1","0"
"0.36","175","Tringa totanus","0","0","1","0"
"0.36","175","Strix aluco","0","0","1","0"
"0.36","175","Regulus regulus","0","0","1","0"
"0.36","175","Ichthyaetus melanocephalus","0","0","1","0"
"0.36","175","Columba oenas","0","0","1","0"
"0.36","175","Coracias garrulus","0","0","1","0"
"0.36","175","Passer hispaniolensis","0","0","1","0"
"0.36","175","Cecropis daurica","0","0","1","0"
"0.36","175","Falco naumanni","0","0","1","0"
"0.36","175","Athene noctua","0","0","1","0"
"0.36","175","Rallus aquaticus","0","0","1","0"
"0.36","175","Psittacula krameri","0","0","1","0"
"0.36","175","Lanius meridionalis","0","0","1","0"
"0.36","175","Platalea leucorodia","0","0","1","0"
"0.36","175","Phylloscopus ibericus","0","0","1","0"
"0.36","175","Aegypius monachus","0","0","1","0"
"0.36","175","Otus scops","0","0","1","0"
"0.36","175","Jynx torquilla","0","0","1","0"
"0.36","175","Dendrocoptes medius","0","0","1","0"
"0.36","176","Turdus merula","0","0","1","0"
"0.36","176","Apus apus","0","0","1","0"
"0.36","176","Fringilla coelebs","0","0","1","0"
"0.36","176","Columba palumbus","0","0","1","0"
"0.36","176","Hirundo rustica","0","0","1","0"
"0.36","176","Passer domesticus","0","0","1","0"
"0.36","176","Sylvia atricapilla","0","0","1","0"
"0.36","176","Corvus corone","0","0","1","0"
"0.36","176","Pica pica","0","0","1","0"
"0.36","176","Carduelis carduelis","0","0","1","0"
"0.36","176","Serinus serinus","0","0","1","0"
"0.36","176","Parus major","0","0","1","0"
"0.36","176","Milvus migrans","0","0","1","0"
"0.36","176","Streptopelia decaocto","0","0","1","0"
"0.36","176","Delichon urbicum","0","0","1","0"
"0.36","176","Phoenicurus ochruros","0","0","1","0"
"0.36","176","Erithacus rubecula","0","0","1","0"
"0.36","176","Gyps fulvus","0","0","1","0"
"0.36","176","Motacilla alba","0","0","1","0"
"0.36","176","Garrulus glandarius","0","0","1","0"
"0.36","176","Cyanistes caeruleus","0","0","1","0"
"0.36","176","Chloris chloris","0","0","1","0"
"0.36","176","Troglodytes troglodytes","0","0","1","0"
"0.36","176","Emberiza cirlus","0","0","1","0"
"0.36","176","Luscinia megarhynchos","0","0","0","1"
"0.36","176","Oriolus oriolus","0","0","1","0"
"0.36","176","Columba livia","0","0","1","0"
"0.36","176","Falco tinnunculus","0","0","1","0"
"0.36","176","Cuculus canorus","0","0","1","0"
"0.36","176","Buteo buteo","0","0","1","0"
"0.36","176","Sturnus vulgaris","0","0","1","0"
"0.36","176","Phylloscopus bonelli","0","0","1","0"
"0.36","176","Linaria cannabina","0","0","1","0"
"0.36","176","Periparus ater","0","0","1","0"
"0.36","176","Hippolais polyglotta","0","0","1","0"
"0.36","176","Merops apiaster","0","0","1","0"
"0.36","176","Larus michahellis","0","0","1","0"
"0.36","176","Ptyonoprogne rupestris","0","0","1","0"
"0.36","176","Anas platyrhynchos","0","0","1","0"
"0.36","176","Certhia brachydactyla","0","0","1","0"
"0.36","176","Saxicola rubicola","0","0","1","0"
"0.36","176","Ardea cinerea","0","0","1","0"
"0.36","176","Dendrocopos major","0","0","1","0"
"0.36","176","Streptopelia turtur","0","0","1","0"
"0.36","176","Picus viridis","0","0","1","0"
"0.36","176","Upupa epops","0","0","1","0"
"0.36","176","Emberiza calandra","0","0","1","0"
"0.36","176","Regulus ignicapilla","0","0","1","0"
"0.36","176","Corvus corax","0","0","1","0"
"0.36","176","Aegithalos caudatus","0","0","1","0"
"0.36","176","Alauda arvensis","0","0","1","0"
"0.36","176","Turdus philomelos","0","0","1","0"
"0.36","176","Turdus viscivorus","0","0","1","0"
"0.36","176","Sitta europaea","0","0","1","0"
"0.36","176","Lullula arborea","0","0","1","0"
"0.36","176","Pyrrhocorax pyrrhocorax","0","0","1","0"
"0.36","176","Galerida cristata","0","0","1","0"
"0.36","176","Petronia petronia","0","0","1","0"
"0.36","176","Phylloscopus collybita","0","0","1","0"
"0.36","176","Cettia cetti","0","0","1","0"
"0.36","176","Lophophanes cristatus","0","0","1","0"
"0.36","176","Fulica atra","0","0","1","0"
"0.36","176","Curruca melanocephala","0","0","1","0"
"0.36","176","Egretta garzetta","0","0","1","0"
"0.36","176","Lanius collurio","0","0","1","0"
"0.36","176","Cisticola juncidis","0","0","1","0"
"0.36","176","Curruca communis","0","0","1","0"
"0.36","176","Circaetus gallicus","0","0","1","0"
"0.36","176","Phalacrocorax carbo","0","0","1","0"
"0.36","176","Carduelis citrinella","0","0","1","0"
"0.36","176","Milvus milvus","0","0","1","0"
"0.36","176","Hieraaetus pennatus","0","0","1","0"
"0.36","176","Oenanthe oenanthe","0","0","1","0"
"0.36","176","Gallinula chloropus","0","0","1","0"
"0.36","176","Picus sharpei","0","0","1","0"
"0.36","176","Ciconia ciconia","0","0","1","0"
"0.36","176","Phoenicurus phoenicurus","0","0","1","0"
"0.36","176","Chroicocephalus ridibundus","0","0","1","0"
"0.36","176","Motacilla cinerea","0","0","1","0"
"0.36","176","Corvus monedula","0","0","1","0"
"0.36","176","Lanius senator","0","0","1","0"
"0.36","176","Himantopus himantopus","0","0","1","0"
"0.36","176","Acrocephalus scirpaceus","0","0","1","0"
"0.36","176","Emberiza cia","0","0","1","0"
"0.36","176","Prunella modularis","0","0","1","0"
"0.36","176","Alectoris rufa","0","0","1","0"
"0.36","176","Curruca iberiae","0","0","1","0"
"0.36","176","Coturnix coturnix","0","0","1","0"
"0.36","176","Sturnus unicolor","0","0","1","0"
"0.36","176","Emberiza citrinella","0","0","1","0"
"0.36","176","Bubulcus ibis","0","0","1","0"
"0.36","176","Circus aeruginosus","0","0","1","0"
"0.36","176","Motacilla flava","0","0","1","0"
"0.36","176","Muscicapa striata","0","0","1","0"
"0.36","176","Sterna hirundo","0","0","1","0"
"0.36","176","Pernis apivorus","0","0","1","0"
"0.36","176","Acrocephalus arundinaceus","0","0","1","0"
"0.36","176","Passer montanus","0","0","1","0"
"0.36","176","Podiceps cristatus","0","0","1","0"
"0.36","176","Anthus trivialis","0","0","1","0"
"0.36","176","Ardea purpurea","0","0","1","0"
"0.36","176","Sylvia borin","0","0","1","0"
"0.36","176","Curruca undata","0","0","1","0"
"0.36","176","Tachybaptus ruficollis","0","0","1","0"
"0.36","176","Charadrius dubius","0","0","1","0"
"0.36","176","Falco subbuteo","0","0","1","0"
"0.36","176","Apus melba","0","0","1","0"
"0.36","176","Pyrrhula pyrrhula","0","0","1","0"
"0.36","176","Recurvirostra avosetta","0","0","1","0"
"0.36","176","Tadorna tadorna","0","0","1","0"
"0.36","176","Riparia riparia","0","0","1","0"
"0.36","176","Anthus campestris","0","0","1","0"
"0.36","176","Netta rufina","0","0","1","0"
"0.36","176","Circus pygargus","0","0","1","0"
"0.36","176","Galerida theklae","0","0","1","0"
"0.36","176","Cinclus cinclus","0","0","1","0"
"0.36","176","Poecile palustris","0","0","1","0"
"0.36","176","Aquila chrysaetos","0","0","1","0"
"0.36","176","Actitis hypoleucos","0","0","1","0"
"0.36","176","Pyrrhocorax graculus","0","0","1","0"
"0.36","176","Aythya ferina","0","0","1","0"
"0.36","176","Alcedo atthis","0","0","1","0"
"0.36","176","Burhinus oedicnemus","0","0","1","0"
"0.36","176","Sternula albifrons","0","0","1","0"
"0.36","176","Accipiter nisus","0","0","1","0"
"0.36","176","Anthus spinoletta","0","0","1","0"
"0.36","176","Melanocorypha calandra","0","0","1","0"
"0.36","176","Nycticorax nycticorax","0","0","1","0"
"0.36","176","Vanellus vanellus","0","0","1","0"
"0.36","176","Coccothraustes coccothraustes","0","0","1","0"
"0.36","176","Phasianus colchicus","0","0","1","0"
"0.36","176","Cygnus olor","0","0","1","0"
"0.36","176","Saxicola rubetra","0","0","1","0"
"0.36","176","Loxia curvirostra","0","0","1","0"
"0.36","176","Tringa ochropus","0","0","1","0"
"0.36","176","Mareca strepera","0","0","1","0"
"0.36","176","Emberiza schoeniclus","0","0","1","0"
"0.36","176","Phoenicopterus roseus","0","0","1","0"
"0.36","176","Plegadis falcinellus","0","0","1","0"
"0.36","176","Ardea alba","0","0","1","0"
"0.36","176","Tringa totanus","0","0","1","0"
"0.36","176","Strix aluco","0","0","1","0"
"0.36","176","Regulus regulus","0","0","1","0"
"0.36","176","Ichthyaetus melanocephalus","0","0","1","0"
"0.36","176","Columba oenas","0","0","1","0"
"0.36","176","Coracias garrulus","0","0","1","0"
"0.36","176","Passer hispaniolensis","0","0","1","0"
"0.36","176","Cecropis daurica","0","0","1","0"
"0.36","176","Falco naumanni","0","0","1","0"
"0.36","176","Athene noctua","0","0","1","0"
"0.36","176","Rallus aquaticus","0","0","1","0"
"0.36","176","Psittacula krameri","0","0","1","0"
"0.36","176","Lanius meridionalis","0","0","1","0"
"0.36","176","Platalea leucorodia","0","0","1","0"
"0.36","176","Phylloscopus ibericus","0","0","1","0"
"0.36","176","Aegypius monachus","0","0","1","0"
"0.36","176","Otus scops","0","0","1","0"
"0.36","176","Jynx torquilla","0","0","1","0"
"0.36","176","Dendrocoptes medius","0","0","1","0"
"0.36","177","Turdus merula","0","0","1","0"
"0.36","177","Apus apus","0","0","1","0"
"0.36","177","Fringilla coelebs","0","0","0","1"
"0.36","177","Columba palumbus","0","0","1","0"
"0.36","177","Hirundo rustica","0","0","1","0"
"0.36","177","Passer domesticus","0","0","1","0"
"0.36","177","Sylvia atricapilla","0","0","0","1"
"0.36","177","Corvus corone","1","0","0","0"
"0.36","177","Pica pica","0","0","1","0"
"0.36","177","Carduelis carduelis","0","0","1","0"
"0.36","177","Serinus serinus","0","0","1","0"
"0.36","177","Parus major","0","0","1","0"
"0.36","177","Milvus migrans","0","0","1","0"
"0.36","177","Streptopelia decaocto","0","0","1","0"
"0.36","177","Delichon urbicum","0","0","1","0"
"0.36","177","Phoenicurus ochruros","0","0","1","0"
"0.36","177","Erithacus rubecula","0","0","1","0"
"0.36","177","Gyps fulvus","0","0","1","0"
"0.36","177","Motacilla alba","0","0","1","0"
"0.36","177","Garrulus glandarius","0","0","1","0"
"0.36","177","Cyanistes caeruleus","0","0","1","0"
"0.36","177","Chloris chloris","0","0","1","0"
"0.36","177","Troglodytes troglodytes","0","0","1","0"
"0.36","177","Emberiza cirlus","0","0","1","0"
"0.36","177","Luscinia megarhynchos","0","0","1","0"
"0.36","177","Oriolus oriolus","0","0","1","0"
"0.36","177","Columba livia","0","0","1","0"
"0.36","177","Falco tinnunculus","0","0","1","0"
"0.36","177","Cuculus canorus","0","0","1","0"
"0.36","177","Buteo buteo","0","0","1","0"
"0.36","177","Sturnus vulgaris","0","0","1","0"
"0.36","177","Phylloscopus bonelli","0","0","1","0"
"0.36","177","Linaria cannabina","0","0","1","0"
"0.36","177","Periparus ater","0","0","1","0"
"0.36","177","Hippolais polyglotta","0","0","1","0"
"0.36","177","Merops apiaster","0","0","1","0"
"0.36","177","Larus michahellis","0","0","1","0"
"0.36","177","Ptyonoprogne rupestris","0","0","1","0"
"0.36","177","Anas platyrhynchos","0","0","1","0"
"0.36","177","Certhia brachydactyla","0","0","1","0"
"0.36","177","Saxicola rubicola","0","0","0","1"
"0.36","177","Ardea cinerea","0","0","1","0"
"0.36","177","Dendrocopos major","0","0","1","0"
"0.36","177","Streptopelia turtur","0","0","1","0"
"0.36","177","Picus viridis","0","0","1","0"
"0.36","177","Upupa epops","0","0","1","0"
"0.36","177","Emberiza calandra","0","0","1","0"
"0.36","177","Regulus ignicapilla","0","0","1","0"
"0.36","177","Corvus corax","0","0","1","0"
"0.36","177","Aegithalos caudatus","0","0","1","0"
"0.36","177","Alauda arvensis","0","0","1","0"
"0.36","177","Turdus philomelos","0","0","1","0"
"0.36","177","Turdus viscivorus","0","0","1","0"
"0.36","177","Sitta europaea","0","0","1","0"
"0.36","177","Lullula arborea","0","0","1","0"
"0.36","177","Pyrrhocorax pyrrhocorax","0","0","1","0"
"0.36","177","Galerida cristata","0","0","1","0"
"0.36","177","Petronia petronia","0","0","1","0"
"0.36","177","Phylloscopus collybita","0","0","0","1"
"0.36","177","Cettia cetti","0","0","1","0"
"0.36","177","Lophophanes cristatus","0","0","1","0"
"0.36","177","Fulica atra","0","0","1","0"
"0.36","177","Curruca melanocephala","0","0","1","0"
"0.36","177","Egretta garzetta","0","0","1","0"
"0.36","177","Lanius collurio","0","0","1","0"
"0.36","177","Cisticola juncidis","0","0","1","0"
"0.36","177","Curruca communis","0","0","1","0"
"0.36","177","Circaetus gallicus","0","0","1","0"
"0.36","177","Phalacrocorax carbo","0","0","1","0"
"0.36","177","Carduelis citrinella","0","0","1","0"
"0.36","177","Milvus milvus","0","0","1","0"
"0.36","177","Hieraaetus pennatus","0","0","1","0"
"0.36","177","Oenanthe oenanthe","0","0","1","0"
"0.36","177","Gallinula chloropus","0","0","1","0"
"0.36","177","Picus sharpei","0","0","1","0"
"0.36","177","Ciconia ciconia","0","0","1","0"
"0.36","177","Phoenicurus phoenicurus","0","0","1","0"
"0.36","177","Chroicocephalus ridibundus","0","0","1","0"
"0.36","177","Motacilla cinerea","0","0","1","0"
"0.36","177","Corvus monedula","0","0","0","1"
"0.36","177","Lanius senator","0","0","1","0"
"0.36","177","Himantopus himantopus","0","0","1","0"
"0.36","177","Acrocephalus scirpaceus","0","0","1","0"
"0.36","177","Emberiza cia","0","0","1","0"
"0.36","177","Prunella modularis","0","0","1","0"
"0.36","177","Alectoris rufa","0","0","1","0"
"0.36","177","Curruca iberiae","0","0","1","0"
"0.36","177","Coturnix coturnix","0","0","1","0"
"0.36","177","Sturnus unicolor","0","0","1","0"
"0.36","177","Emberiza citrinella","0","0","0","1"
"0.36","177","Bubulcus ibis","0","0","1","0"
"0.36","177","Circus aeruginosus","0","0","1","0"
"0.36","177","Motacilla flava","0","0","1","0"
"0.36","177","Muscicapa striata","0","0","1","0"
"0.36","177","Sterna hirundo","0","0","1","0"
"0.36","177","Pernis apivorus","0","0","1","0"
"0.36","177","Acrocephalus arundinaceus","0","0","1","0"
"0.36","177","Passer montanus","0","0","1","0"
"0.36","177","Podiceps cristatus","0","0","1","0"
"0.36","177","Anthus trivialis","0","0","1","0"
"0.36","177","Ardea purpurea","0","0","1","0"
"0.36","177","Sylvia borin","0","0","1","0"
"0.36","177","Curruca undata","0","0","1","0"
"0.36","177","Tachybaptus ruficollis","0","0","1","0"
"0.36","177","Charadrius dubius","0","0","1","0"
"0.36","177","Falco subbuteo","0","0","1","0"
"0.36","177","Apus melba","0","0","1","0"
"0.36","177","Pyrrhula pyrrhula","0","0","1","0"
"0.36","177","Recurvirostra avosetta","0","0","1","0"
"0.36","177","Tadorna tadorna","0","0","1","0"
"0.36","177","Riparia riparia","0","0","1","0"
"0.36","177","Anthus campestris","0","0","1","0"
"0.36","177","Netta rufina","0","0","1","0"
"0.36","177","Circus pygargus","0","0","1","0"
"0.36","177","Galerida theklae","0","0","1","0"
"0.36","177","Cinclus cinclus","0","0","1","0"
"0.36","177","Poecile palustris","0","0","1","0"
"0.36","177","Aquila chrysaetos","0","0","1","0"
"0.36","177","Actitis hypoleucos","0","0","1","0"
"0.36","177","Pyrrhocorax graculus","0","0","1","0"
"0.36","177","Aythya ferina","0","0","1","0"
"0.36","177","Alcedo atthis","0","0","1","0"
"0.36","177","Burhinus oedicnemus","0","0","1","0"
"0.36","177","Sternula albifrons","0","0","1","0"
"0.36","177","Accipiter nisus","0","0","1","0"
"0.36","177","Anthus spinoletta","0","0","1","0"
"0.36","177","Melanocorypha calandra","0","0","1","0"
"0.36","177","Nycticorax nycticorax","0","0","1","0"
"0.36","177","Vanellus vanellus","0","0","1","0"
"0.36","177","Coccothraustes coccothraustes","0","0","1","0"
"0.36","177","Phasianus colchicus","0","0","1","0"
"0.36","177","Cygnus olor","0","0","1","0"
"0.36","177","Saxicola rubetra","0","0","1","0"
"0.36","177","Loxia curvirostra","0","0","1","0"
"0.36","177","Tringa ochropus","0","0","1","0"
"0.36","177","Mareca strepera","0","0","1","0"
"0.36","177","Emberiza schoeniclus","0","0","1","0"
"0.36","177","Phoenicopterus roseus","0","0","1","0"
"0.36","177","Plegadis falcinellus","0","0","1","0"
"0.36","177","Ardea alba","0","0","1","0"
"0.36","177","Tringa totanus","0","0","1","0"
"0.36","177","Strix aluco","0","0","1","0"
"0.36","177","Regulus regulus","0","0","1","0"
"0.36","177","Ichthyaetus melanocephalus","0","0","1","0"
"0.36","177","Columba oenas","0","0","1","0"
"0.36","177","Coracias garrulus","0","0","1","0"
"0.36","177","Passer hispaniolensis","0","0","1","0"
"0.36","177","Cecropis daurica","0","0","1","0"
"0.36","177","Falco naumanni","0","0","1","0"
"0.36","177","Athene noctua","0","0","1","0"
"0.36","177","Rallus aquaticus","0","0","1","0"
"0.36","177","Psittacula krameri","0","0","1","0"
"0.36","177","Lanius meridionalis","0","0","1","0"
"0.36","177","Platalea leucorodia","0","0","1","0"
"0.36","177","Phylloscopus ibericus","0","0","1","0"
"0.36","177","Aegypius monachus","0","0","1","0"
"0.36","177","Otus scops","0","0","1","0"
"0.36","177","Jynx torquilla","0","0","1","0"
"0.36","177","Dendrocoptes medius","0","0","1","0"
"0.36","178","Turdus merula","1","0","0","0"
"0.36","178","Hirundo rustica","0","0","1","0"
"0.36","178","Fringilla coelebs","0","0","1","0"
"0.36","178","Columba palumbus","0","0","1","0"
"0.36","178","Corvus corone","0","0","0","1"
"0.36","178","Sylvia atricapilla","1","0","0","0"
"0.36","178","Parus major","0","0","1","0"
"0.36","178","Passer domesticus","0","0","1","0"
"0.36","178","Pica pica","0","0","1","0"
"0.36","178","Apus apus","0","0","1","0"
"0.36","178","Carduelis carduelis","0","0","1","0"
"0.36","178","Erithacus rubecula","0","0","1","0"
"0.36","178","Serinus serinus","0","0","1","0"
"0.36","178","Luscinia megarhynchos","0","0","1","0"
"0.36","178","Streptopelia decaocto","0","0","1","0"
"0.36","178","Milvus migrans","0","0","1","0"
"0.36","178","Cyanistes caeruleus","0","0","0","1"
"0.36","178","Cuculus canorus","0","0","0","1"
"0.36","178","Phoenicurus ochruros","0","0","1","0"
"0.36","178","Anas platyrhynchos","0","0","1","0"
"0.36","178","Garrulus glandarius","0","0","1","0"
"0.36","178","Delichon urbicum","0","0","1","0"
"0.36","178","Motacilla alba","0","0","1","0"
"0.36","178","Chloris chloris","0","0","0","1"
"0.36","178","Troglodytes troglodytes","0","0","1","0"
"0.36","178","Gyps fulvus","0","0","1","0"
"0.36","178","Falco tinnunculus","0","0","1","0"
"0.36","178","Sturnus vulgaris","0","0","1","0"
"0.36","178","Columba livia","0","0","1","0"
"0.36","178","Buteo buteo","0","0","1","0"
"0.36","178","Emberiza cirlus","0","0","0","1"
"0.36","178","Larus michahellis","0","0","1","0"
"0.36","178","Linaria cannabina","0","0","1","0"
"0.36","178","Phylloscopus bonelli","0","0","1","0"
"0.36","178","Periparus ater","0","0","1","0"
"0.36","178","Ardea cinerea","0","0","1","0"
"0.36","178","Merops apiaster","0","0","1","0"
"0.36","178","Certhia brachydactyla","0","0","1","0"
"0.36","178","Aegithalos caudatus","0","0","0","1"
"0.36","178","Saxicola rubicola","0","0","1","0"
"0.36","178","Corvus corax","0","0","1","0"
"0.36","178","Upupa epops","0","0","1","0"
"0.36","178","Cettia cetti","0","0","1","0"
"0.36","178","Dendrocopos major","0","0","1","0"
"0.36","178","Regulus ignicapilla","0","0","1","0"
"0.36","178","Oriolus oriolus","0","0","1","0"
"0.36","178","Emberiza calandra","0","0","1","0"
"0.36","178","Hippolais polyglotta","0","0","0","1"
"0.36","178","Picus viridis","0","0","1","0"
"0.36","178","Motacilla flava","0","0","1","0"
"0.36","178","Ptyonoprogne rupestris","0","0","1","0"
"0.36","178","Sitta europaea","0","0","1","0"
"0.36","178","Phalacrocorax carbo","0","0","1","0"
"0.36","178","Egretta garzetta","0","0","1","0"
"0.36","178","Turdus viscivorus","0","0","1","0"
"0.36","178","Fulica atra","0","0","1","0"
"0.36","178","Gallinula chloropus","0","0","1","0"
"0.36","178","Phylloscopus collybita","0","0","1","0"
"0.36","178","Curruca melanocephala","0","0","1","0"
"0.36","178","Lullula arborea","0","0","1","0"
"0.36","178","Galerida cristata","0","0","1","0"
"0.36","178","Oenanthe oenanthe","0","0","1","0"
"0.36","178","Circus aeruginosus","0","0","1","0"
"0.36","178","Turdus philomelos","0","0","1","0"
"0.36","178","Pyrrhocorax pyrrhocorax","0","0","1","0"
"0.36","178","Milvus milvus","0","0","1","0"
"0.36","178","Lophophanes cristatus","0","0","1","0"
"0.36","178","Curruca communis","0","0","0","1"
"0.36","178","Streptopelia turtur","0","0","1","0"
"0.36","178","Picus sharpei","0","0","1","0"
"0.36","178","Circaetus gallicus","0","0","1","0"
"0.36","178","Cisticola juncidis","0","0","1","0"
"0.36","178","Phoenicurus phoenicurus","0","0","1","0"
"0.36","178","Alauda arvensis","0","0","1","0"
"0.36","178","Corvus monedula","0","0","1","0"
"0.36","178","Petronia petronia","0","0","1","0"
"0.36","178","Ciconia ciconia","0","0","1","0"
"0.36","178","Hieraaetus pennatus","0","0","1","0"
"0.36","178","Sturnus unicolor","0","0","1","0"
"0.36","178","Himantopus himantopus","0","0","1","0"
"0.36","178","Prunella modularis","0","0","1","0"
"0.36","178","Podiceps cristatus","0","0","1","0"
"0.36","178","Curruca iberiae","0","0","1","0"
"0.36","178","Motacilla cinerea","0","0","1","0"
"0.36","178","Actitis hypoleucos","0","0","1","0"
"0.36","178","Anthus trivialis","0","0","1","0"
"0.36","178","Lanius senator","0","0","1","0"
"0.36","178","Bubulcus ibis","0","0","1","0"
"0.36","178","Alectoris rufa","0","0","1","0"
"0.36","178","Carduelis citrinella","0","0","1","0"
"0.36","178","Emberiza cia","0","0","1","0"
"0.36","178","Acrocephalus scirpaceus","0","0","1","0"
"0.36","178","Tachybaptus ruficollis","0","0","1","0"
"0.36","178","Chroicocephalus ridibundus","0","0","1","0"
"0.36","178","Ardea purpurea","0","0","1","0"
"0.36","178","Charadrius dubius","0","0","1","0"
"0.36","178","Saxicola rubetra","0","0","1","0"
"0.36","178","Tadorna tadorna","0","0","1","0"
"0.36","178","Muscicapa striata","0","0","1","0"
"0.36","178","Pernis apivorus","0","0","1","0"
"0.36","178","Passer montanus","0","0","1","0"
"0.36","178","Ficedula hypoleuca","0","0","1","0"
"0.36","178","Acrocephalus arundinaceus","0","0","1","0"
"0.36","178","Phylloscopus trochilus","0","0","1","0"
"0.36","178","Riparia riparia","0","0","1","0"
"0.36","178","Ardea alba","0","0","1","0"
"0.36","178","Lanius collurio","0","0","1","0"
"0.36","178","Netta rufina","0","0","1","0"
"0.36","178","Poecile palustris","0","0","1","0"
"0.36","178","Mareca strepera","0","0","1","0"
"0.36","178","Emberiza citrinella","0","0","1","0"
"0.36","178","Accipiter nisus","0","0","1","0"
"0.36","178","Pyrrhula pyrrhula","0","0","1","0"
"0.36","178","Sterna hirundo","0","0","1","0"
"0.36","178","Tringa glareola","0","0","1","0"
"0.36","178","Curruca undata","0","0","1","0"
"0.36","178","Apus melba","0","0","1","0"
"0.36","178","Recurvirostra avosetta","0","0","1","0"
"0.36","178","Falco subbuteo","0","0","1","0"
"0.36","178","Spatula clypeata","0","0","1","0"
"0.36","178","Plegadis falcinellus","0","0","1","0"
"0.36","178","Phasianus colchicus","0","0","1","0"
"0.36","178","Tringa ochropus","0","0","1","0"
"0.36","178","Alcedo atthis","0","0","1","0"
"0.36","178","Aythya ferina","0","0","1","0"
"0.36","178","Circus pygargus","0","0","1","0"
"0.36","178","Coturnix coturnix","0","0","1","0"
"0.36","178","Sylvia borin","0","0","1","0"
"0.36","178","Melanocorypha calandra","0","0","1","0"
"0.36","178","Tringa totanus","0","0","1","0"
"0.36","178","Jynx torquilla","0","0","1","0"
"0.36","178","Cinclus cinclus","0","0","1","0"
"0.36","178","Aquila chrysaetos","0","0","1","0"
"0.36","178","Tringa nebularia","0","0","1","0"
"0.36","178","Cygnus olor","0","0","1","0"
"0.36","178","Coccothraustes coccothraustes","0","0","1","0"
"0.36","178","Vanellus vanellus","0","0","1","0"
"0.36","178","Pyrrhocorax graculus","0","0","1","0"
"0.36","178","Psittacula krameri","0","0","1","0"
"0.36","178","Regulus regulus","0","0","1","0"
"0.36","178","Anthus spinoletta","0","0","1","0"
"0.36","178","Phoenicopterus roseus","0","0","1","0"
"0.36","178","Podiceps nigricollis","0","0","1","0"
"0.36","178","Loxia curvirostra","0","0","1","0"
"0.36","178","Morus bassanus","0","0","1","0"
"0.36","178","Rallus aquaticus","0","0","1","0"
"0.36","178","Anthus pratensis","0","0","1","0"
"0.36","178","Falco peregrinus","0","0","1","0"
"0.36","178","Emberiza schoeniclus","0","0","1","0"
"0.36","178","Calidris pugnax","0","0","1","0"
"0.36","178","Anas crecca","0","0","1","0"
"0.36","178","Nycticorax nycticorax","0","0","1","0"
"0.36","178","Anthus campestris","0","0","1","0"
"0.36","178","Falco naumanni","0","0","1","0"
"0.36","178","Ichthyaetus melanocephalus","0","0","1","0"
"0.36","178","Passer hispaniolensis","0","0","1","0"
"0.36","178","Burhinus oedicnemus","0","0","1","0"
"0.36","178","Cecropis daurica","0","0","1","0"
"0.36","178","Galerida theklae","0","0","1","0"
"0.36","178","Pandion haliaetus","0","0","1","0"
"0.36","178","Limosa limosa","0","0","1","0"
"0.36","178","Columba oenas","0","0","1","0"
"0.36","178","Aegypius monachus","0","0","1","0"
"0.36","178","Gelochelidon nilotica","0","0","1","0"
"0.36","178","Thalasseus sandvicensis","0","0","1","0"
"0.36","178","Spatula querquedula","0","0","1","0"
"0.36","178","Charadrius hiaticula","0","0","1","0"
"0.36","178","Monticola solitarius","0","0","1","0"
"0.36","178","Dryocopus martius","0","0","1","0"
"0.36","178","Chlidonias hybrida","0","0","1","0"
"0.36","178","Calidris alpina","0","0","1","0"
"0.36","178","Gallinago gallinago","0","0","1","0"
"0.36","178","Spinus spinus","0","0","1","0"
"0.36","178","Sternula albifrons","0","0","1","0"
"0.36","178","Phylloscopus ibericus","0","0","1","0"
"0.36","178","Ardeola ralloides","0","0","1","0"
"0.36","178","Strix aluco","0","0","1","0"
"0.36","178","Platalea leucorodia","0","0","1","0"
"0.36","178","Branta canadensis","0","0","1","0"
"0.36","178","Athene noctua","0","0","1","0"
"0.36","178","Certhia familiaris","0","0","1","0"
"0.36","178","Otus scops","0","0","1","0"
"0.36","178","Dendrocoptes medius","0","0","1","0"
"0.36","179","Turdus merula","0","0","1","0"
"0.36","179","Hirundo rustica","0","0","1","0"
"0.36","179","Fringilla coelebs","0","0","1","0"
"0.36","179","Columba palumbus","0","0","1","0"
"0.36","179","Corvus corone","0","0","1","0"
"0.36","179","Sylvia atricapilla","0","0","1","0"
"0.36","179","Parus major","0","0","1","0"
"0.36","179","Passer domesticus","0","0","1","0"
"0.36","179","Pica pica","0","0","1","0"
"0.36","179","Apus apus","0","0","1","0"
"0.36","179","Carduelis carduelis","0","0","1","0"
"0.36","179","Erithacus rubecula","0","0","1","0"
"0.36","179","Serinus serinus","0","0","1","0"
"0.36","179","Luscinia megarhynchos","0","0","1","0"
"0.36","179","Streptopelia decaocto","0","0","1","0"
"0.36","179","Milvus migrans","0","0","1","0"
"0.36","179","Cyanistes caeruleus","0","0","1","0"
"0.36","179","Cuculus canorus","0","0","1","0"
"0.36","179","Phoenicurus ochruros","0","0","1","0"
"0.36","179","Anas platyrhynchos","0","0","1","0"
"0.36","179","Garrulus glandarius","0","0","1","0"
"0.36","179","Delichon urbicum","0","0","1","0"
"0.36","179","Motacilla alba","0","0","1","0"
"0.36","179","Chloris chloris","0","0","1","0"
"0.36","179","Troglodytes troglodytes","0","0","1","0"
"0.36","179","Gyps fulvus","0","0","1","0"
"0.36","179","Falco tinnunculus","0","0","1","0"
"0.36","179","Sturnus vulgaris","0","0","1","0"
"0.36","179","Columba livia","0","0","1","0"
"0.36","179","Buteo buteo","0","0","1","0"
"0.36","179","Emberiza cirlus","0","0","1","0"
"0.36","179","Larus michahellis","0","0","1","0"
"0.36","179","Linaria cannabina","0","0","1","0"
"0.36","179","Phylloscopus bonelli","0","0","1","0"
"0.36","179","Periparus ater","0","0","1","0"
"0.36","179","Ardea cinerea","0","0","1","0"
"0.36","179","Merops apiaster","0","0","1","0"
"0.36","179","Certhia brachydactyla","0","0","1","0"
"0.36","179","Aegithalos caudatus","0","0","1","0"
"0.36","179","Saxicola rubicola","0","0","1","0"
"0.36","179","Corvus corax","0","0","1","0"
"0.36","179","Upupa epops","0","0","1","0"
"0.36","179","Cettia cetti","0","0","1","0"
"0.36","179","Dendrocopos major","0","0","1","0"
"0.36","179","Regulus ignicapilla","0","0","1","0"
"0.36","179","Oriolus oriolus","0","0","1","0"
"0.36","179","Emberiza calandra","0","0","1","0"
"0.36","179","Hippolais polyglotta","0","0","1","0"
"0.36","179","Picus viridis","0","0","1","0"
"0.36","179","Motacilla flava","0","0","1","0"
"0.36","179","Ptyonoprogne rupestris","0","0","1","0"
"0.36","179","Sitta europaea","0","0","1","0"
"0.36","179","Phalacrocorax carbo","0","0","1","0"
"0.36","179","Egretta garzetta","0","0","1","0"
"0.36","179","Turdus viscivorus","0","0","1","0"
"0.36","179","Fulica atra","0","0","1","0"
"0.36","179","Gallinula chloropus","0","0","1","0"
"0.36","179","Phylloscopus collybita","0","0","1","0"
"0.36","179","Curruca melanocephala","0","0","1","0"
"0.36","179","Lullula arborea","0","0","1","0"
"0.36","179","Galerida cristata","0","0","1","0"
"0.36","179","Oenanthe oenanthe","0","0","1","0"
"0.36","179","Circus aeruginosus","0","0","1","0"
"0.36","179","Turdus philomelos","0","0","1","0"
"0.36","179","Pyrrhocorax pyrrhocorax","0","0","1","0"
"0.36","179","Milvus milvus","0","0","1","0"
"0.36","179","Lophophanes cristatus","0","0","1","0"
"0.36","179","Curruca communis","0","0","1","0"
"0.36","179","Streptopelia turtur","0","0","1","0"
"0.36","179","Picus sharpei","0","0","1","0"
"0.36","179","Circaetus gallicus","0","0","1","0"
"0.36","179","Cisticola juncidis","0","0","1","0"
"0.36","179","Phoenicurus phoenicurus","0","0","1","0"
"0.36","179","Alauda arvensis","0","0","1","0"
"0.36","179","Corvus monedula","0","0","1","0"
"0.36","179","Petronia petronia","0","0","1","0"
"0.36","179","Ciconia ciconia","0","0","1","0"
"0.36","179","Hieraaetus pennatus","0","0","1","0"
"0.36","179","Sturnus unicolor","0","0","1","0"
"0.36","179","Himantopus himantopus","0","0","1","0"
"0.36","179","Prunella modularis","0","0","1","0"
"0.36","179","Podiceps cristatus","0","0","1","0"
"0.36","179","Curruca iberiae","0","0","1","0"
"0.36","179","Motacilla cinerea","0","0","1","0"
"0.36","179","Actitis hypoleucos","0","0","1","0"
"0.36","179","Anthus trivialis","0","0","1","0"
"0.36","179","Lanius senator","0","0","1","0"
"0.36","179","Bubulcus ibis","0","0","1","0"
"0.36","179","Alectoris rufa","0","0","1","0"
"0.36","179","Carduelis citrinella","0","0","1","0"
"0.36","179","Emberiza cia","0","0","1","0"
"0.36","179","Acrocephalus scirpaceus","0","0","1","0"
"0.36","179","Tachybaptus ruficollis","0","0","1","0"
"0.36","179","Chroicocephalus ridibundus","0","0","1","0"
"0.36","179","Ardea purpurea","0","0","1","0"
"0.36","179","Charadrius dubius","0","0","1","0"
"0.36","179","Saxicola rubetra","0","0","1","0"
"0.36","179","Tadorna tadorna","0","0","1","0"
"0.36","179","Muscicapa striata","0","0","1","0"
"0.36","179","Pernis apivorus","0","0","1","0"
"0.36","179","Passer montanus","0","0","1","0"
"0.36","179","Ficedula hypoleuca","0","0","1","0"
"0.36","179","Acrocephalus arundinaceus","0","0","1","0"
"0.36","179","Phylloscopus trochilus","0","0","1","0"
"0.36","179","Riparia riparia","0","0","1","0"
"0.36","179","Ardea alba","0","0","1","0"
"0.36","179","Lanius collurio","0","0","1","0"
"0.36","179","Netta rufina","0","0","1","0"
"0.36","179","Poecile palustris","0","0","1","0"
"0.36","179","Mareca strepera","0","0","1","0"
"0.36","179","Emberiza citrinella","0","0","1","0"
"0.36","179","Accipiter nisus","0","0","1","0"
"0.36","179","Pyrrhula pyrrhula","0","0","1","0"
"0.36","179","Sterna hirundo","0","0","1","0"
"0.36","179","Tringa glareola","0","0","1","0"
"0.36","179","Curruca undata","0","0","1","0"
"0.36","179","Apus melba","0","0","1","0"
"0.36","179","Recurvirostra avosetta","0","0","1","0"
"0.36","179","Falco subbuteo","0","0","1","0"
"0.36","179","Spatula clypeata","0","0","1","0"
"0.36","179","Plegadis falcinellus","0","0","1","0"
"0.36","179","Phasianus colchicus","0","0","1","0"
"0.36","179","Tringa ochropus","0","0","1","0"
"0.36","179","Alcedo atthis","0","0","1","0"
"0.36","179","Aythya ferina","0","0","1","0"
"0.36","179","Circus pygargus","0","0","1","0"
"0.36","179","Coturnix coturnix","0","0","1","0"
"0.36","179","Sylvia borin","0","0","1","0"
"0.36","179","Melanocorypha calandra","0","0","1","0"
"0.36","179","Tringa totanus","0","0","1","0"
"0.36","179","Jynx torquilla","0","0","1","0"
"0.36","179","Cinclus cinclus","0","0","1","0"
"0.36","179","Aquila chrysaetos","0","0","1","0"
"0.36","179","Tringa nebularia","0","0","1","0"
"0.36","179","Cygnus olor","0","0","1","0"
"0.36","179","Coccothraustes coccothraustes","0","0","1","0"
"0.36","179","Vanellus vanellus","0","0","1","0"
"0.36","179","Pyrrhocorax graculus","0","0","1","0"
"0.36","179","Psittacula krameri","0","0","1","0"
"0.36","179","Regulus regulus","0","0","1","0"
"0.36","179","Anthus spinoletta","0","0","1","0"
"0.36","179","Phoenicopterus roseus","0","0","1","0"
"0.36","179","Podiceps nigricollis","0","0","1","0"
"0.36","179","Loxia curvirostra","0","0","1","0"
"0.36","179","Morus bassanus","0","0","1","0"
"0.36","179","Rallus aquaticus","0","0","1","0"
"0.36","179","Anthus pratensis","0","0","1","0"
"0.36","179","Falco peregrinus","0","0","1","0"
"0.36","179","Emberiza schoeniclus","0","0","1","0"
"0.36","179","Calidris pugnax","0","0","1","0"
"0.36","179","Anas crecca","0","0","1","0"
"0.36","179","Nycticorax nycticorax","0","0","1","0"
"0.36","179","Anthus campestris","0","0","1","0"
"0.36","179","Falco naumanni","0","0","1","0"
"0.36","179","Ichthyaetus melanocephalus","0","0","1","0"
"0.36","179","Passer hispaniolensis","0","0","1","0"
"0.36","179","Burhinus oedicnemus","0","0","1","0"
"0.36","179","Cecropis daurica","0","0","1","0"
"0.36","179","Galerida theklae","0","0","1","0"
"0.36","179","Pandion haliaetus","0","0","1","0"
"0.36","179","Limosa limosa","0","0","1","0"
"0.36","179","Columba oenas","0","0","1","0"
"0.36","179","Aegypius monachus","0","0","1","0"
"0.36","179","Gelochelidon nilotica","0","0","1","0"
"0.36","179","Thalasseus sandvicensis","0","0","1","0"
"0.36","179","Spatula querquedula","0","0","1","0"
"0.36","179","Charadrius hiaticula","0","0","1","0"
"0.36","179","Monticola solitarius","0","0","1","0"
"0.36","179","Dryocopus martius","0","0","1","0"
"0.36","179","Chlidonias hybrida","0","0","1","0"
"0.36","179","Calidris alpina","0","0","1","0"
"0.36","179","Gallinago gallinago","0","0","1","0"
"0.36","179","Spinus spinus","0","0","1","0"
"0.36","179","Sternula albifrons","0","0","1","0"
"0.36","179","Phylloscopus ibericus","0","0","1","0"
"0.36","179","Ardeola ralloides","0","0","1","0"
"0.36","179","Strix aluco","0","0","1","0"
"0.36","179","Platalea leucorodia","0","0","1","0"
"0.36","179","Branta canadensis","0","0","1","0"
"0.36","179","Athene noctua","0","0","1","0"
"0.36","179","Certhia familiaris","0","0","1","0"
"0.36","179","Otus scops","0","0","1","0"
"0.36","179","Dendrocoptes medius","0","0","1","0"
"0.36","180","Turdus merula","0","0","0","1"
"0.36","180","Hirundo rustica","0","0","1","0"
"0.36","180","Fringilla coelebs","0","0","0","1"
"0.36","180","Columba palumbus","0","0","0","1"
"0.36","180","Corvus corone","0","0","0","1"
"0.36","180","Sylvia atricapilla","0","0","0","1"
"0.36","180","Parus major","0","0","0","1"
"0.36","180","Passer domesticus","0","0","1","0"
"0.36","180","Pica pica","0","0","1","0"
"0.36","180","Apus apus","0","0","1","0"
"0.36","180","Carduelis carduelis","0","0","1","0"
"0.36","180","Erithacus rubecula","0","0","0","1"
"0.36","180","Serinus serinus","0","0","1","0"
"0.36","180","Luscinia megarhynchos","0","0","0","1"
"0.36","180","Streptopelia decaocto","0","0","0","1"
"0.36","180","Milvus migrans","0","0","1","0"
"0.36","180","Cyanistes caeruleus","0","0","0","1"
"0.36","180","Cuculus canorus","0","0","1","0"
"0.36","180","Phoenicurus ochruros","0","0","1","0"
"0.36","180","Anas platyrhynchos","0","0","1","0"
"0.36","180","Garrulus glandarius","0","0","1","0"
"0.36","180","Delichon urbicum","0","0","1","0"
"0.36","180","Motacilla alba","0","0","1","0"
"0.36","180","Chloris chloris","0","0","1","0"
"0.36","180","Troglodytes troglodytes","0","0","1","0"
"0.36","180","Gyps fulvus","0","0","1","0"
"0.36","180","Falco tinnunculus","0","0","1","0"
"0.36","180","Sturnus vulgaris","0","0","1","0"
"0.36","180","Columba livia","0","0","1","0"
"0.36","180","Buteo buteo","0","0","1","0"
"0.36","180","Emberiza cirlus","0","0","0","1"
"0.36","180","Larus michahellis","0","0","1","0"
"0.36","180","Linaria cannabina","0","0","1","0"
"0.36","180","Phylloscopus bonelli","0","0","1","0"
"0.36","180","Periparus ater","0","0","1","0"
"0.36","180","Ardea cinerea","0","0","1","0"
"0.36","180","Merops apiaster","0","0","1","0"
"0.36","180","Certhia brachydactyla","0","0","1","0"
"0.36","180","Aegithalos caudatus","1","0","0","0"
"0.36","180","Saxicola rubicola","0","0","1","0"
"0.36","180","Corvus corax","0","0","1","0"
"0.36","180","Upupa epops","0","0","1","0"
"0.36","180","Cettia cetti","0","0","1","0"
"0.36","180","Dendrocopos major","0","0","1","0"
"0.36","180","Regulus ignicapilla","0","0","1","0"
"0.36","180","Oriolus oriolus","0","0","1","0"
"0.36","180","Emberiza calandra","0","0","1","0"
"0.36","180","Hippolais polyglotta","0","0","1","0"
"0.36","180","Picus viridis","0","0","1","0"
"0.36","180","Motacilla flava","0","0","1","0"
"0.36","180","Ptyonoprogne rupestris","0","0","1","0"
"0.36","180","Sitta europaea","0","0","1","0"
"0.36","180","Phalacrocorax carbo","0","0","1","0"
"0.36","180","Egretta garzetta","0","0","1","0"
"0.36","180","Turdus viscivorus","0","0","1","0"
"0.36","180","Fulica atra","0","0","1","0"
"0.36","180","Gallinula chloropus","0","0","1","0"
"0.36","180","Phylloscopus collybita","0","0","1","0"
"0.36","180","Curruca melanocephala","0","0","1","0"
"0.36","180","Lullula arborea","0","0","0","1"
"0.36","180","Galerida cristata","0","0","1","0"
"0.36","180","Oenanthe oenanthe","0","0","1","0"
"0.36","180","Circus aeruginosus","0","0","1","0"
"0.36","180","Turdus philomelos","0","0","1","0"
"0.36","180","Pyrrhocorax pyrrhocorax","0","0","1","0"
"0.36","180","Milvus milvus","0","0","1","0"
"0.36","180","Lophophanes cristatus","0","0","1","0"
"0.36","180","Curruca communis","0","0","1","0"
"0.36","180","Streptopelia turtur","0","0","1","0"
"0.36","180","Picus sharpei","0","0","1","0"
"0.36","180","Circaetus gallicus","0","0","1","0"
"0.36","180","Cisticola juncidis","0","0","1","0"
"0.36","180","Phoenicurus phoenicurus","0","0","1","0"
"0.36","180","Alauda arvensis","0","0","1","0"
"0.36","180","Corvus monedula","0","0","1","0"
"0.36","180","Petronia petronia","0","0","1","0"
"0.36","180","Ciconia ciconia","0","0","1","0"
"0.36","180","Hieraaetus pennatus","0","0","1","0"
"0.36","180","Sturnus unicolor","0","0","1","0"
"0.36","180","Himantopus himantopus","0","0","1","0"
"0.36","180","Prunella modularis","0","0","1","0"
"0.36","180","Podiceps cristatus","0","0","1","0"
"0.36","180","Curruca iberiae","0","0","1","0"
"0.36","180","Motacilla cinerea","0","0","1","0"
"0.36","180","Actitis hypoleucos","0","0","1","0"
"0.36","180","Anthus trivialis","0","0","1","0"
"0.36","180","Lanius senator","0","0","1","0"
"0.36","180","Bubulcus ibis","0","0","1","0"
"0.36","180","Alectoris rufa","0","0","1","0"
"0.36","180","Carduelis citrinella","0","0","1","0"
"0.36","180","Emberiza cia","0","0","1","0"
"0.36","180","Acrocephalus scirpaceus","0","0","1","0"
"0.36","180","Tachybaptus ruficollis","0","0","1","0"
"0.36","180","Chroicocephalus ridibundus","0","0","1","0"
"0.36","180","Ardea purpurea","0","0","1","0"
"0.36","180","Charadrius dubius","0","0","1","0"
"0.36","180","Saxicola rubetra","0","0","1","0"
"0.36","180","Tadorna tadorna","0","0","1","0"
"0.36","180","Muscicapa striata","0","0","1","0"
"0.36","180","Pernis apivorus","0","0","1","0"
"0.36","180","Passer montanus","0","0","1","0"
"0.36","180","Ficedula hypoleuca","0","0","1","0"
"0.36","180","Acrocephalus arundinaceus","0","0","1","0"
"0.36","180","Phylloscopus trochilus","0","0","1","0"
"0.36","180","Riparia riparia","0","0","1","0"
"0.36","180","Ardea alba","0","0","1","0"
"0.36","180","Lanius collurio","0","0","1","0"
"0.36","180","Netta rufina","0","0","1","0"
"0.36","180","Poecile palustris","0","0","1","0"
"0.36","180","Mareca strepera","0","0","1","0"
"0.36","180","Emberiza citrinella","0","0","1","0"
"0.36","180","Accipiter nisus","0","0","1","0"
"0.36","180","Pyrrhula pyrrhula","0","0","1","0"
"0.36","180","Sterna hirundo","0","0","1","0"
"0.36","180","Tringa glareola","0","0","1","0"
"0.36","180","Curruca undata","0","0","1","0"
"0.36","180","Apus melba","0","0","1","0"
"0.36","180","Recurvirostra avosetta","0","0","1","0"
"0.36","180","Falco subbuteo","0","0","1","0"
"0.36","180","Spatula clypeata","0","0","1","0"
"0.36","180","Plegadis falcinellus","0","0","1","0"
"0.36","180","Phasianus colchicus","0","0","1","0"
"0.36","180","Tringa ochropus","0","0","1","0"
"0.36","180","Alcedo atthis","0","0","1","0"
"0.36","180","Aythya ferina","0","0","1","0"
"0.36","180","Circus pygargus","0","0","1","0"
"0.36","180","Coturnix coturnix","0","0","1","0"
"0.36","180","Sylvia borin","0","0","1","0"
"0.36","180","Melanocorypha calandra","0","0","1","0"
"0.36","180","Tringa totanus","0","0","1","0"
"0.36","180","Jynx torquilla","0","0","1","0"
"0.36","180","Cinclus cinclus","0","0","1","0"
"0.36","180","Aquila chrysaetos","0","0","1","0"
"0.36","180","Tringa nebularia","0","0","1","0"
"0.36","180","Cygnus olor","0","0","1","0"
"0.36","180","Coccothraustes coccothraustes","0","0","1","0"
"0.36","180","Vanellus vanellus","0","0","1","0"
"0.36","180","Pyrrhocorax graculus","0","0","1","0"
"0.36","180","Psittacula krameri","0","0","1","0"
"0.36","180","Regulus regulus","0","0","1","0"
"0.36","180","Anthus spinoletta","0","0","1","0"
"0.36","180","Phoenicopterus roseus","0","0","1","0"
"0.36","180","Podiceps nigricollis","0","0","1","0"
"0.36","180","Loxia curvirostra","0","0","1","0"
"0.36","180","Morus bassanus","0","0","1","0"
"0.36","180","Rallus aquaticus","0","0","1","0"
"0.36","180","Anthus pratensis","0","0","1","0"
"0.36","180","Falco peregrinus","0","0","1","0"
"0.36","180","Emberiza schoeniclus","0","0","1","0"
"0.36","180","Calidris pugnax","0","0","1","0"
"0.36","180","Anas crecca","0","0","1","0"
"0.36","180","Nycticorax nycticorax","0","0","1","0"
"0.36","180","Anthus campestris","0","0","1","0"
"0.36","180","Falco naumanni","0","0","1","0"
"0.36","180","Ichthyaetus melanocephalus","0","0","1","0"
"0.36","180","Passer hispaniolensis","0","0","1","0"
"0.36","180","Burhinus oedicnemus","0","0","1","0"
"0.36","180","Cecropis daurica","0","0","1","0"
"0.36","180","Galerida theklae","0","0","1","0"
"0.36","180","Pandion haliaetus","0","0","1","0"
"0.36","180","Limosa limosa","0","0","1","0"
"0.36","180","Columba oenas","0","0","1","0"
"0.36","180","Aegypius monachus","0","0","1","0"
"0.36","180","Gelochelidon nilotica","0","0","1","0"
"0.36","180","Thalasseus sandvicensis","0","0","1","0"
"0.36","180","Spatula querquedula","0","0","1","0"
"0.36","180","Charadrius hiaticula","0","0","1","0"
"0.36","180","Monticola solitarius","0","0","1","0"
"0.36","180","Dryocopus martius","0","0","1","0"
"0.36","180","Chlidonias hybrida","0","0","1","0"
"0.36","180","Calidris alpina","0","0","1","0"
"0.36","180","Gallinago gallinago","0","0","1","0"
"0.36","180","Spinus spinus","0","0","1","0"
"0.36","180","Sternula albifrons","0","0","1","0"
"0.36","180","Phylloscopus ibericus","0","0","1","0"
"0.36","180","Ardeola ralloides","0","0","1","0"
"0.36","180","Strix aluco","0","0","0","1"
"0.36","180","Platalea leucorodia","0","0","1","0"
"0.36","180","Branta canadensis","0","0","1","0"
"0.36","180","Athene noctua","0","0","1","0"
"0.36","180","Certhia familiaris","0","0","1","0"
"0.36","180","Otus scops","0","0","0","1"
"0.36","180","Dendrocoptes medius","0","0","1","0"
"0.36","181","Turdus merula","0","0","1","0"
"0.36","181","Apus apus","0","0","1","0"
"0.36","181","Fringilla coelebs","0","0","1","0"
"0.36","181","Columba palumbus","0","0","1","0"
"0.36","181","Passer domesticus","0","0","1","0"
"0.36","181","Hirundo rustica","0","0","1","0"
"0.36","181","Sylvia atricapilla","0","0","1","0"
"0.36","181","Corvus corone","0","0","1","0"
"0.36","181","Pica pica","0","0","1","0"
"0.36","181","Carduelis carduelis","0","0","1","0"
"0.36","181","Parus major","0","0","1","0"
"0.36","181","Milvus migrans","0","0","1","0"
"0.36","181","Serinus serinus","0","0","1","0"
"0.36","181","Streptopelia decaocto","0","0","1","0"
"0.36","181","Phoenicurus ochruros","0","0","1","0"
"0.36","181","Delichon urbicum","0","0","1","0"
"0.36","181","Erithacus rubecula","0","0","1","0"
"0.36","181","Motacilla alba","0","0","1","0"
"0.36","181","Garrulus glandarius","0","0","1","0"
"0.36","181","Gyps fulvus","0","0","1","0"
"0.36","181","Cyanistes caeruleus","0","0","1","0"
"0.36","181","Chloris chloris","0","0","1","0"
"0.36","181","Troglodytes troglodytes","0","0","1","0"
"0.36","181","Emberiza cirlus","0","0","1","0"
"0.36","181","Luscinia megarhynchos","0","0","1","0"
"0.36","181","Cuculus canorus","0","0","1","0"
"0.36","181","Buteo buteo","0","0","1","0"
"0.36","181","Oriolus oriolus","0","0","1","0"
"0.36","181","Falco tinnunculus","0","0","1","0"
"0.36","181","Sturnus vulgaris","0","0","1","0"
"0.36","181","Columba livia","0","0","1","0"
"0.36","181","Phylloscopus bonelli","0","0","1","0"
"0.36","181","Linaria cannabina","0","0","1","0"
"0.36","181","Periparus ater","0","0","1","0"
"0.36","181","Hippolais polyglotta","0","0","1","0"
"0.36","181","Anas platyrhynchos","0","0","1","0"
"0.36","181","Larus michahellis","0","0","1","0"
"0.36","181","Ardea cinerea","0","0","1","0"
"0.36","181","Picus viridis","0","0","1","0"
"0.36","181","Ptyonoprogne rupestris","0","0","1","0"
"0.36","181","Certhia brachydactyla","0","0","1","0"
"0.36","181","Dendrocopos major","0","0","1","0"
"0.36","181","Saxicola rubicola","0","0","1","0"
"0.36","181","Merops apiaster","0","0","1","0"
"0.36","181","Streptopelia turtur","0","0","1","0"
"0.36","181","Upupa epops","0","0","1","0"
"0.36","181","Phylloscopus collybita","0","0","1","0"
"0.36","181","Regulus ignicapilla","0","0","1","0"
"0.36","181","Emberiza calandra","0","0","1","0"
"0.36","181","Alauda arvensis","0","0","1","0"
"0.36","181","Turdus philomelos","0","0","1","0"
"0.36","181","Corvus corax","0","0","1","0"
"0.36","181","Aegithalos caudatus","0","0","1","0"
"0.36","181","Turdus viscivorus","0","0","1","0"
"0.36","181","Sitta europaea","0","0","1","0"
"0.36","181","Lullula arborea","0","0","1","0"
"0.36","181","Pyrrhocorax pyrrhocorax","0","0","1","0"
"0.36","181","Fulica atra","0","0","1","0"
"0.36","181","Lophophanes cristatus","0","0","1","0"
"0.36","181","Galerida cristata","0","0","1","0"
"0.36","181","Petronia petronia","0","0","1","0"
"0.36","181","Cettia cetti","0","0","1","0"
"0.36","181","Lanius collurio","0","0","1","0"
"0.36","181","Egretta garzetta","0","0","1","0"
"0.36","181","Curruca communis","0","0","1","0"
"0.36","181","Phalacrocorax carbo","0","0","1","0"
"0.36","181","Cisticola juncidis","0","0","1","0"
"0.36","181","Milvus milvus","0","0","1","0"
"0.36","181","Curruca melanocephala","0","0","1","0"
"0.36","181","Gallinula chloropus","0","0","1","0"
"0.36","181","Circaetus gallicus","0","0","1","0"
"0.36","181","Phoenicurus phoenicurus","0","0","1","0"
"0.36","181","Carduelis citrinella","0","0","1","0"
"0.36","181","Chroicocephalus ridibundus","0","0","1","0"
"0.36","181","Oenanthe oenanthe","0","0","1","0"
"0.36","181","Ciconia ciconia","0","0","1","0"
"0.36","181","Motacilla cinerea","0","0","1","0"
"0.36","181","Corvus monedula","0","0","1","0"
"0.36","181","Hieraaetus pennatus","0","0","1","0"
"0.36","181","Emberiza citrinella","0","0","1","0"
"0.36","181","Prunella modularis","0","0","1","0"
"0.36","181","Acrocephalus scirpaceus","0","0","1","0"
"0.36","181","Picus sharpei","0","0","1","0"
"0.36","181","Bubulcus ibis","0","0","1","0"
"0.36","181","Himantopus himantopus","0","0","1","0"
"0.36","181","Emberiza cia","0","0","1","0"
"0.36","181","Coturnix coturnix","0","0","1","0"
"0.36","181","Sterna hirundo","0","0","1","0"
"0.36","181","Lanius senator","0","0","1","0"
"0.36","181","Motacilla flava","0","0","1","0"
"0.36","181","Curruca iberiae","0","0","1","0"
"0.36","181","Circus aeruginosus","0","0","1","0"
"0.36","181","Podiceps cristatus","0","0","1","0"
"0.36","181","Pernis apivorus","0","0","1","0"
"0.36","181","Muscicapa striata","0","0","1","0"
"0.36","181","Alectoris rufa","0","0","1","0"
"0.36","181","Acrocephalus arundinaceus","0","0","1","0"
"0.36","181","Passer montanus","0","0","1","0"
"0.36","181","Anthus trivialis","0","0","1","0"
"0.36","181","Ardea purpurea","0","0","1","0"
"0.36","181","Sylvia borin","0","0","1","0"
"0.36","181","Sturnus unicolor","0","0","1","0"
"0.36","181","Falco subbuteo","0","0","1","0"
"0.36","181","Tachybaptus ruficollis","0","0","1","0"
"0.36","181","Charadrius dubius","0","0","1","0"
"0.36","181","Riparia riparia","0","0","1","0"
"0.36","181","Apus melba","0","0","1","0"
"0.36","181","Netta rufina","0","0","1","0"
"0.36","181","Recurvirostra avosetta","0","0","1","0"
"0.36","181","Pyrrhula pyrrhula","0","0","1","0"
"0.36","181","Tadorna tadorna","0","0","1","0"
"0.36","181","Curruca undata","0","0","1","0"
"0.36","181","Anthus campestris","0","0","1","0"
"0.36","181","Pyrrhocorax graculus","0","0","1","0"
"0.36","181","Poecile palustris","0","0","1","0"
"0.36","181","Cinclus cinclus","0","0","1","0"
"0.36","181","Actitis hypoleucos","0","0","1","0"
"0.36","181","Aythya ferina","0","0","1","0"
"0.36","181","Alcedo atthis","0","0","1","0"
"0.36","181","Circus pygargus","0","0","1","0"
"0.36","181","Cygnus olor","0","0","1","0"
"0.36","181","Anthus spinoletta","0","0","1","0"
"0.36","181","Aquila chrysaetos","0","0","1","0"
"0.36","181","Accipiter nisus","0","0","1","0"
"0.36","181","Vanellus vanellus","0","0","1","0"
"0.36","181","Phasianus colchicus","0","0","1","0"
"0.36","181","Nycticorax nycticorax","0","1","0","0"
"0.36","181","Sternula albifrons","0","0","1","0"
"0.36","181","Burhinus oedicnemus","0","0","1","0"
"0.36","181","Coccothraustes coccothraustes","0","0","1","0"
"0.36","181","Emberiza schoeniclus","0","0","1","0"
"0.36","181","Galerida theklae","0","0","1","0"
"0.36","181","Melanocorypha calandra","0","0","1","0"
"0.36","181","Loxia curvirostra","0","0","1","0"
"0.36","181","Mareca strepera","0","0","1","0"
"0.36","181","Saxicola rubetra","0","0","1","0"
"0.36","181","Ardea alba","0","0","1","0"
"0.36","181","Tringa ochropus","0","0","1","0"
"0.36","181","Columba oenas","0","0","1","0"
"0.36","181","Plegadis falcinellus","0","0","1","0"
"0.36","181","Regulus regulus","0","0","1","0"
"0.36","181","Phoenicopterus roseus","0","0","1","0"
"0.36","181","Ichthyaetus melanocephalus","0","0","1","0"
"0.36","181","Strix aluco","0","0","1","0"
"0.36","181","Tringa totanus","0","0","1","0"
"0.36","181","Psittacula krameri","0","0","1","0"
"0.36","181","Rallus aquaticus","0","0","1","0"
"0.36","181","Coracias garrulus","0","0","1","0"
"0.36","181","Passer hispaniolensis","0","0","1","0"
"0.36","181","Falco naumanni","0","0","1","0"
"0.36","181","Podiceps nigricollis","0","0","1","0"
"0.36","181","Chlidonias niger","0","0","1","0"
"0.36","181","Athene noctua","0","0","1","0"
"0.36","181","Otus scops","0","0","1","0"
"0.36","181","Jynx torquilla","0","0","1","0"
"0.36","181","Dendrocoptes medius","0","0","1","0"
"0.36","182","Turdus merula","0","0","0","1"
"0.36","182","Apus apus","0","0","1","0"
"0.36","182","Fringilla coelebs","0","0","1","0"
"0.36","182","Columba palumbus","0","0","0","1"
"0.36","182","Passer domesticus","0","0","1","0"
"0.36","182","Hirundo rustica","0","0","1","0"
"0.36","182","Sylvia atricapilla","0","0","0","1"
"0.36","182","Corvus corone","0","0","1","0"
"0.36","182","Pica pica","0","0","1","0"
"0.36","182","Carduelis carduelis","0","0","1","0"
"0.36","182","Parus major","0","0","1","0"
"0.36","182","Milvus migrans","0","0","1","0"
"0.36","182","Serinus serinus","0","0","1","0"
"0.36","182","Streptopelia decaocto","0","0","1","0"
"0.36","182","Phoenicurus ochruros","0","0","1","0"
"0.36","182","Delichon urbicum","0","0","1","0"
"0.36","182","Erithacus rubecula","0","0","0","1"
"0.36","182","Motacilla alba","0","0","1","0"
"0.36","182","Garrulus glandarius","0","0","1","0"
"0.36","182","Gyps fulvus","0","0","1","0"
"0.36","182","Cyanistes caeruleus","0","0","1","0"
"0.36","182","Chloris chloris","0","0","1","0"
"0.36","182","Troglodytes troglodytes","0","0","1","0"
"0.36","182","Emberiza cirlus","0","0","1","0"
"0.36","182","Luscinia megarhynchos","0","0","0","1"
"0.36","182","Cuculus canorus","0","0","1","0"
"0.36","182","Buteo buteo","0","0","1","0"
"0.36","182","Oriolus oriolus","0","0","1","0"
"0.36","182","Falco tinnunculus","0","0","1","0"
"0.36","182","Sturnus vulgaris","0","0","1","0"
"0.36","182","Columba livia","0","0","1","0"
"0.36","182","Phylloscopus bonelli","0","0","1","0"
"0.36","182","Linaria cannabina","0","0","1","0"
"0.36","182","Periparus ater","0","0","1","0"
"0.36","182","Hippolais polyglotta","0","0","0","1"
"0.36","182","Anas platyrhynchos","0","0","0","1"
"0.36","182","Larus michahellis","0","0","1","0"
"0.36","182","Ardea cinerea","0","0","1","0"
"0.36","182","Picus viridis","0","0","1","0"
"0.36","182","Ptyonoprogne rupestris","0","0","1","0"
"0.36","182","Certhia brachydactyla","0","0","1","0"
"0.36","182","Dendrocopos major","0","0","1","0"
"0.36","182","Saxicola rubicola","0","0","1","0"
"0.36","182","Merops apiaster","0","0","1","0"
"0.36","182","Streptopelia turtur","0","0","1","0"
"0.36","182","Upupa epops","0","0","1","0"
"0.36","182","Phylloscopus collybita","0","0","1","0"
"0.36","182","Regulus ignicapilla","0","0","1","0"
"0.36","182","Emberiza calandra","0","0","0","1"
"0.36","182","Alauda arvensis","0","0","0","1"
"0.36","182","Turdus philomelos","0","0","1","0"
"0.36","182","Corvus corax","0","0","1","0"
"0.36","182","Aegithalos caudatus","0","0","1","0"
"0.36","182","Turdus viscivorus","0","0","1","0"
"0.36","182","Sitta europaea","0","0","1","0"
"0.36","182","Lullula arborea","0","0","1","0"
"0.36","182","Pyrrhocorax pyrrhocorax","0","0","1","0"
"0.36","182","Fulica atra","0","0","1","0"
"0.36","182","Lophophanes cristatus","0","0","1","0"
"0.36","182","Galerida cristata","0","0","1","0"
"0.36","182","Petronia petronia","0","0","1","0"
"0.36","182","Cettia cetti","0","0","1","0"
"0.36","182","Lanius collurio","0","0","1","0"
"0.36","182","Egretta garzetta","0","0","1","0"
"0.36","182","Curruca communis","0","0","1","0"
"0.36","182","Phalacrocorax carbo","0","0","1","0"
"0.36","182","Cisticola juncidis","0","0","1","0"
"0.36","182","Milvus milvus","0","0","1","0"
"0.36","182","Curruca melanocephala","0","0","1","0"
"0.36","182","Gallinula chloropus","0","0","1","0"
"0.36","182","Circaetus gallicus","0","0","1","0"
"0.36","182","Phoenicurus phoenicurus","0","0","1","0"
"0.36","182","Carduelis citrinella","0","0","1","0"
"0.36","182","Chroicocephalus ridibundus","0","0","1","0"
"0.36","182","Oenanthe oenanthe","0","0","1","0"
"0.36","182","Ciconia ciconia","0","0","1","0"
"0.36","182","Motacilla cinerea","0","0","1","0"
"0.36","182","Corvus monedula","0","0","1","0"
"0.36","182","Hieraaetus pennatus","0","0","1","0"
"0.36","182","Emberiza citrinella","0","0","1","0"
"0.36","182","Prunella modularis","0","0","1","0"
"0.36","182","Acrocephalus scirpaceus","0","0","1","0"
"0.36","182","Picus sharpei","0","0","1","0"
"0.36","182","Bubulcus ibis","0","0","1","0"
"0.36","182","Himantopus himantopus","0","0","1","0"
"0.36","182","Emberiza cia","0","0","1","0"
"0.36","182","Coturnix coturnix","0","0","1","0"
"0.36","182","Sterna hirundo","0","0","1","0"
"0.36","182","Lanius senator","0","0","1","0"
"0.36","182","Motacilla flava","0","0","1","0"
"0.36","182","Curruca iberiae","0","0","1","0"
"0.36","182","Circus aeruginosus","0","0","1","0"
"0.36","182","Podiceps cristatus","0","0","1","0"
"0.36","182","Pernis apivorus","0","0","1","0"
"0.36","182","Muscicapa striata","0","0","1","0"
"0.36","182","Alectoris rufa","0","0","1","0"
"0.36","182","Acrocephalus arundinaceus","0","0","1","0"
"0.36","182","Passer montanus","0","0","1","0"
"0.36","182","Anthus trivialis","0","0","1","0"
"0.36","182","Ardea purpurea","0","0","1","0"
"0.36","182","Sylvia borin","0","0","1","0"
"0.36","182","Sturnus unicolor","0","0","1","0"
"0.36","182","Falco subbuteo","0","0","1","0"
"0.36","182","Tachybaptus ruficollis","0","0","1","0"
"0.36","182","Charadrius dubius","0","0","1","0"
"0.36","182","Riparia riparia","0","0","1","0"
"0.36","182","Apus melba","0","0","1","0"
"0.36","182","Netta rufina","0","0","1","0"
"0.36","182","Recurvirostra avosetta","0","0","1","0"
"0.36","182","Pyrrhula pyrrhula","0","0","1","0"
"0.36","182","Tadorna tadorna","0","0","1","0"
"0.36","182","Curruca undata","0","0","1","0"
"0.36","182","Anthus campestris","0","0","1","0"
"0.36","182","Pyrrhocorax graculus","0","0","1","0"
"0.36","182","Poecile palustris","0","0","1","0"
"0.36","182","Cinclus cinclus","0","0","1","0"
"0.36","182","Actitis hypoleucos","0","0","1","0"
"0.36","182","Aythya ferina","0","0","1","0"
"0.36","182","Alcedo atthis","0","0","1","0"
"0.36","182","Circus pygargus","0","0","1","0"
"0.36","182","Cygnus olor","0","0","1","0"
"0.36","182","Anthus spinoletta","0","0","1","0"
"0.36","182","Aquila chrysaetos","0","0","1","0"
"0.36","182","Accipiter nisus","0","0","1","0"
"0.36","182","Vanellus vanellus","0","0","1","0"
"0.36","182","Phasianus colchicus","0","0","1","0"
"0.36","182","Nycticorax nycticorax","0","0","1","0"
"0.36","182","Sternula albifrons","0","0","1","0"
"0.36","182","Burhinus oedicnemus","0","0","1","0"
"0.36","182","Coccothraustes coccothraustes","0","0","1","0"
"0.36","182","Emberiza schoeniclus","0","0","1","0"
"0.36","182","Galerida theklae","0","0","1","0"
"0.36","182","Melanocorypha calandra","0","0","1","0"
"0.36","182","Loxia curvirostra","0","0","1","0"
"0.36","182","Mareca strepera","0","0","1","0"
"0.36","182","Saxicola rubetra","0","0","1","0"
"0.36","182","Ardea alba","0","0","1","0"
"0.36","182","Tringa ochropus","0","0","1","0"
"0.36","182","Columba oenas","0","0","1","0"
"0.36","182","Plegadis falcinellus","0","0","1","0"
"0.36","182","Regulus regulus","0","0","1","0"
"0.36","182","Phoenicopterus roseus","0","0","1","0"
"0.36","182","Ichthyaetus melanocephalus","0","0","1","0"
"0.36","182","Strix aluco","0","0","1","0"
"0.36","182","Tringa totanus","0","0","1","0"
"0.36","182","Psittacula krameri","0","0","1","0"
"0.36","182","Rallus aquaticus","0","0","1","0"
"0.36","182","Coracias garrulus","0","0","1","0"
"0.36","182","Passer hispaniolensis","0","0","1","0"
"0.36","182","Falco naumanni","0","0","1","0"
"0.36","182","Podiceps nigricollis","0","0","1","0"
"0.36","182","Chlidonias niger","0","0","1","0"
"0.36","182","Athene noctua","0","0","1","0"
"0.36","182","Otus scops","0","0","1","0"
"0.36","182","Jynx torquilla","0","0","1","0"
"0.36","182","Dendrocoptes medius","0","0","1","0"
"0.36","183","Turdus merula","0","0","1","0"
"0.36","183","Apus apus","0","0","1","0"
"0.36","183","Fringilla coelebs","0","0","0","1"
"0.36","183","Columba palumbus","0","0","1","0"
"0.36","183","Passer domesticus","0","0","1","0"
"0.36","183","Hirundo rustica","0","0","1","0"
"0.36","183","Sylvia atricapilla","1","0","0","0"
"0.36","183","Corvus corone","0","0","1","0"
"0.36","183","Pica pica","0","0","1","0"
"0.36","183","Carduelis carduelis","0","0","1","0"
"0.36","183","Parus major","0","0","1","0"
"0.36","183","Milvus migrans","0","0","1","0"
"0.36","183","Serinus serinus","0","0","0","1"
"0.36","183","Streptopelia decaocto","0","0","1","0"
"0.36","183","Phoenicurus ochruros","0","0","1","0"
"0.36","183","Delichon urbicum","0","0","1","0"
"0.36","183","Erithacus rubecula","0","0","1","0"
"0.36","183","Motacilla alba","0","0","1","0"
"0.36","183","Garrulus glandarius","0","0","1","0"
"0.36","183","Gyps fulvus","0","0","1","0"
"0.36","183","Cyanistes caeruleus","0","0","1","0"
"0.36","183","Chloris chloris","0","0","1","0"
"0.36","183","Troglodytes troglodytes","0","0","1","0"
"0.36","183","Emberiza cirlus","0","0","1","0"
"0.36","183","Luscinia megarhynchos","0","0","0","1"
"0.36","183","Cuculus canorus","0","0","1","0"
"0.36","183","Buteo buteo","0","0","1","0"
"0.36","183","Oriolus oriolus","0","0","1","0"
"0.36","183","Falco tinnunculus","0","0","1","0"
"0.36","183","Sturnus vulgaris","0","0","1","0"
"0.36","183","Columba livia","0","0","1","0"
"0.36","183","Phylloscopus bonelli","0","0","1","0"
"0.36","183","Linaria cannabina","0","0","1","0"
"0.36","183","Periparus ater","0","0","1","0"
"0.36","183","Hippolais polyglotta","1","0","0","0"
"0.36","183","Anas platyrhynchos","0","0","1","0"
"0.36","183","Larus michahellis","0","0","1","0"
"0.36","183","Ardea cinerea","0","0","1","0"
"0.36","183","Picus viridis","0","0","1","0"
"0.36","183","Ptyonoprogne rupestris","0","0","1","0"
"0.36","183","Certhia brachydactyla","0","0","1","0"
"0.36","183","Dendrocopos major","0","0","1","0"
"0.36","183","Saxicola rubicola","0","0","1","0"
"0.36","183","Merops apiaster","0","0","1","0"
"0.36","183","Streptopelia turtur","0","0","1","0"
"0.36","183","Upupa epops","0","0","1","0"
"0.36","183","Phylloscopus collybita","0","0","1","0"
"0.36","183","Regulus ignicapilla","0","0","1","0"
"0.36","183","Emberiza calandra","0","0","0","1"
"0.36","183","Alauda arvensis","0","0","1","0"
"0.36","183","Turdus philomelos","0","0","1","0"
"0.36","183","Corvus corax","0","0","1","0"
"0.36","183","Aegithalos caudatus","0","0","1","0"
"0.36","183","Turdus viscivorus","0","0","1","0"
"0.36","183","Sitta europaea","0","0","1","0"
"0.36","183","Lullula arborea","0","0","1","0"
"0.36","183","Pyrrhocorax pyrrhocorax","0","0","1","0"
"0.36","183","Fulica atra","0","0","1","0"
"0.36","183","Lophophanes cristatus","0","0","1","0"
"0.36","183","Galerida cristata","0","0","1","0"
"0.36","183","Petronia petronia","0","0","1","0"
"0.36","183","Cettia cetti","0","0","1","0"
"0.36","183","Lanius collurio","0","0","1","0"
"0.36","183","Egretta garzetta","0","0","1","0"
"0.36","183","Curruca communis","0","0","1","0"
"0.36","183","Phalacrocorax carbo","0","0","1","0"
"0.36","183","Cisticola juncidis","0","0","0","1"
"0.36","183","Milvus milvus","0","0","1","0"
"0.36","183","Curruca melanocephala","0","0","1","0"
"0.36","183","Gallinula chloropus","0","0","1","0"
"0.36","183","Circaetus gallicus","0","0","1","0"
"0.36","183","Phoenicurus phoenicurus","0","0","1","0"
"0.36","183","Carduelis citrinella","0","0","1","0"
"0.36","183","Chroicocephalus ridibundus","0","0","1","0"
"0.36","183","Oenanthe oenanthe","0","0","1","0"
"0.36","183","Ciconia ciconia","0","0","1","0"
"0.36","183","Motacilla cinerea","0","0","1","0"
"0.36","183","Corvus monedula","0","0","1","0"
"0.36","183","Hieraaetus pennatus","0","0","1","0"
"0.36","183","Emberiza citrinella","0","0","1","0"
"0.36","183","Prunella modularis","0","0","1","0"
"0.36","183","Acrocephalus scirpaceus","0","0","1","0"
"0.36","183","Picus sharpei","0","0","1","0"
"0.36","183","Bubulcus ibis","0","0","1","0"
"0.36","183","Himantopus himantopus","0","0","1","0"
"0.36","183","Emberiza cia","0","0","1","0"
"0.36","183","Coturnix coturnix","0","0","1","0"
"0.36","183","Sterna hirundo","0","0","1","0"
"0.36","183","Lanius senator","0","0","1","0"
"0.36","183","Motacilla flava","0","0","1","0"
"0.36","183","Curruca iberiae","0","0","1","0"
"0.36","183","Circus aeruginosus","0","0","1","0"
"0.36","183","Podiceps cristatus","0","0","1","0"
"0.36","183","Pernis apivorus","0","0","1","0"
"0.36","183","Muscicapa striata","0","0","1","0"
"0.36","183","Alectoris rufa","0","0","1","0"
"0.36","183","Acrocephalus arundinaceus","0","0","1","0"
"0.36","183","Passer montanus","0","0","1","0"
"0.36","183","Anthus trivialis","0","0","1","0"
"0.36","183","Ardea purpurea","0","0","1","0"
"0.36","183","Sylvia borin","0","0","1","0"
"0.36","183","Sturnus unicolor","0","0","1","0"
"0.36","183","Falco subbuteo","0","0","1","0"
"0.36","183","Tachybaptus ruficollis","0","0","1","0"
"0.36","183","Charadrius dubius","0","0","1","0"
"0.36","183","Riparia riparia","0","0","1","0"
"0.36","183","Apus melba","0","0","1","0"
"0.36","183","Netta rufina","0","0","1","0"
"0.36","183","Recurvirostra avosetta","0","0","1","0"
"0.36","183","Pyrrhula pyrrhula","0","0","1","0"
"0.36","183","Tadorna tadorna","0","0","1","0"
"0.36","183","Curruca undata","0","0","1","0"
"0.36","183","Anthus campestris","0","0","1","0"
"0.36","183","Pyrrhocorax graculus","0","0","1","0"
"0.36","183","Poecile palustris","0","0","1","0"
"0.36","183","Cinclus cinclus","0","0","1","0"
"0.36","183","Actitis hypoleucos","0","0","1","0"
"0.36","183","Aythya ferina","0","0","1","0"
"0.36","183","Alcedo atthis","0","0","1","0"
"0.36","183","Circus pygargus","0","0","1","0"
"0.36","183","Cygnus olor","0","0","1","0"
"0.36","183","Anthus spinoletta","0","0","1","0"
"0.36","183","Aquila chrysaetos","0","0","1","0"
"0.36","183","Accipiter nisus","0","0","1","0"
"0.36","183","Vanellus vanellus","0","0","1","0"
"0.36","183","Phasianus colchicus","0","0","1","0"
"0.36","183","Nycticorax nycticorax","0","0","1","0"
"0.36","183","Sternula albifrons","0","0","1","0"
"0.36","183","Burhinus oedicnemus","0","0","1","0"
"0.36","183","Coccothraustes coccothraustes","0","0","1","0"
"0.36","183","Emberiza schoeniclus","0","0","1","0"
"0.36","183","Galerida theklae","0","0","1","0"
"0.36","183","Melanocorypha calandra","0","0","1","0"
"0.36","183","Loxia curvirostra","0","0","1","0"
"0.36","183","Mareca strepera","0","0","1","0"
"0.36","183","Saxicola rubetra","0","0","1","0"
"0.36","183","Ardea alba","0","0","1","0"
"0.36","183","Tringa ochropus","0","0","1","0"
"0.36","183","Columba oenas","0","0","1","0"
"0.36","183","Plegadis falcinellus","0","0","1","0"
"0.36","183","Regulus regulus","0","0","1","0"
"0.36","183","Phoenicopterus roseus","0","0","1","0"
"0.36","183","Ichthyaetus melanocephalus","0","0","1","0"
"0.36","183","Strix aluco","0","0","1","0"
"0.36","183","Tringa totanus","0","0","1","0"
"0.36","183","Psittacula krameri","0","0","1","0"
"0.36","183","Rallus aquaticus","0","0","1","0"
"0.36","183","Coracias garrulus","0","0","1","0"
"0.36","183","Passer hispaniolensis","0","0","1","0"
"0.36","183","Falco naumanni","0","0","1","0"
"0.36","183","Podiceps nigricollis","0","0","1","0"
"0.36","183","Chlidonias niger","0","0","1","0"
"0.36","183","Athene noctua","0","0","1","0"
"0.36","183","Otus scops","0","0","1","0"
"0.36","183","Jynx torquilla","0","0","1","0"
"0.36","183","Dendrocoptes medius","0","0","1","0"
"0.36","184","Turdus merula","0","0","1","0"
"0.36","184","Apus apus","0","0","1","0"
"0.36","184","Columba palumbus","0","0","1","0"
"0.36","184","Fringilla coelebs","0","0","1","0"
"0.36","184","Passer domesticus","0","0","1","0"
"0.36","184","Hirundo rustica","0","0","1","0"
"0.36","184","Sylvia atricapilla","0","0","1","0"
"0.36","184","Corvus corone","0","0","1","0"
"0.36","184","Carduelis carduelis","0","0","1","0"
"0.36","184","Pica pica","0","0","1","0"
"0.36","184","Delichon urbicum","0","0","1","0"
"0.36","184","Streptopelia decaocto","0","0","1","0"
"0.36","184","Serinus serinus","0","0","1","0"
"0.36","184","Parus major","0","0","1","0"
"0.36","184","Phoenicurus ochruros","0","0","1","0"
"0.36","184","Milvus migrans","0","0","1","0"
"0.36","184","Gyps fulvus","0","0","1","0"
"0.36","184","Motacilla alba","0","0","1","0"
"0.36","184","Erithacus rubecula","0","0","1","0"
"0.36","184","Garrulus glandarius","0","0","1","0"
"0.36","184","Cyanistes caeruleus","0","0","1","0"
"0.36","184","Columba livia","0","0","1","0"
"0.36","184","Chloris chloris","0","0","1","0"
"0.36","184","Emberiza cirlus","0","0","1","0"
"0.36","184","Falco tinnunculus","0","0","1","0"
"0.36","184","Buteo buteo","0","0","1","0"
"0.36","184","Oriolus oriolus","0","0","1","0"
"0.36","184","Troglodytes troglodytes","0","0","1","0"
"0.36","184","Periparus ater","0","0","1","0"
"0.36","184","Linaria cannabina","0","0","1","0"
"0.36","184","Phylloscopus bonelli","0","0","1","0"
"0.36","184","Ptyonoprogne rupestris","0","0","1","0"
"0.36","184","Merops apiaster","0","0","1","0"
"0.36","184","Larus michahellis","0","0","1","0"
"0.36","184","Sturnus vulgaris","0","0","1","0"
"0.36","184","Certhia brachydactyla","0","0","1","0"
"0.36","184","Anas platyrhynchos","0","0","1","0"
"0.36","184","Dendrocopos major","0","0","1","0"
"0.36","184","Ardea cinerea","0","0","1","0"
"0.36","184","Luscinia megarhynchos","0","0","1","0"
"0.36","184","Saxicola rubicola","0","0","1","0"
"0.36","184","Streptopelia turtur","0","0","1","0"
"0.36","184","Picus viridis","0","0","1","0"
"0.36","184","Hippolais polyglotta","0","0","1","0"
"0.36","184","Upupa epops","0","0","1","0"
"0.36","184","Cuculus canorus","0","0","1","0"
"0.36","184","Aegithalos caudatus","0","0","1","0"
"0.36","184","Corvus corax","0","0","1","0"
"0.36","184","Sitta europaea","0","0","1","0"
"0.36","184","Regulus ignicapilla","0","0","1","0"
"0.36","184","Lophophanes cristatus","0","0","1","0"
"0.36","184","Turdus viscivorus","0","0","1","0"
"0.36","184","Galerida cristata","0","0","1","0"
"0.36","184","Turdus philomelos","0","0","1","0"
"0.36","184","Fulica atra","0","0","1","0"
"0.36","184","Phylloscopus collybita","0","0","1","0"
"0.36","184","Emberiza calandra","0","0","1","0"
"0.36","184","Curruca melanocephala","0","0","1","0"
"0.36","184","Lullula arborea","0","0","1","0"
"0.36","184","Alauda arvensis","0","0","1","0"
"0.36","184","Pyrrhocorax pyrrhocorax","0","0","1","0"
"0.36","184","Egretta garzetta","0","0","1","0"
"0.36","184","Chroicocephalus ridibundus","0","0","1","0"
"0.36","184","Circaetus gallicus","0","0","1","0"
"0.36","184","Lanius collurio","0","0","1","0"
"0.36","184","Cisticola juncidis","0","0","1","0"
"0.36","184","Cettia cetti","0","0","1","0"
"0.36","184","Petronia petronia","0","0","1","0"
"0.36","184","Gallinula chloropus","0","0","1","0"
"0.36","184","Carduelis citrinella","0","0","1","0"
"0.36","184","Phalacrocorax carbo","0","0","1","0"
"0.36","184","Hieraaetus pennatus","0","0","1","0"
"0.36","184","Oenanthe oenanthe","0","0","1","0"
"0.36","184","Milvus milvus","0","0","1","0"
"0.36","184","Motacilla cinerea","0","0","1","0"
"0.36","184","Picus sharpei","0","0","1","0"
"0.36","184","Lanius senator","0","0","1","0"
"0.36","184","Bubulcus ibis","0","0","1","0"
"0.36","184","Ciconia ciconia","0","0","1","0"
"0.36","184","Curruca communis","0","0","1","0"
"0.36","184","Himantopus himantopus","0","0","1","0"
"0.36","184","Phoenicurus phoenicurus","0","0","1","0"
"0.36","184","Corvus monedula","0","0","1","0"
"0.36","184","Muscicapa striata","0","0","1","0"
"0.36","184","Acrocephalus scirpaceus","0","0","1","0"
"0.36","184","Coturnix coturnix","0","0","1","0"
"0.36","184","Circus aeruginosus","0","0","1","0"
"0.36","184","Alectoris rufa","0","0","1","0"
"0.36","184","Pernis apivorus","0","0","1","0"
"0.36","184","Prunella modularis","0","0","1","0"
"0.36","184","Curruca iberiae","0","0","1","0"
"0.36","184","Emberiza cia","0","0","1","0"
"0.36","184","Sturnus unicolor","0","0","1","0"
"0.36","184","Sterna hirundo","0","0","1","0"
"0.36","184","Passer montanus","0","0","1","0"
"0.36","184","Emberiza citrinella","0","0","1","0"
"0.36","184","Motacilla flava","0","0","1","0"
"0.36","184","Podiceps cristatus","0","0","1","0"
"0.36","184","Ardea purpurea","0","0","1","0"
"0.36","184","Anthus trivialis","0","0","1","0"
"0.36","184","Tachybaptus ruficollis","0","0","1","0"
"0.36","184","Charadrius dubius","0","0","1","0"
"0.36","184","Acrocephalus arundinaceus","0","0","1","0"
"0.36","184","Apus melba","0","0","1","0"
"0.36","184","Curruca undata","0","0","1","0"
"0.36","184","Falco subbuteo","0","0","1","0"
"0.36","184","Sylvia borin","0","0","1","0"
"0.36","184","Anthus campestris","0","0","1","0"
"0.36","184","Recurvirostra avosetta","0","0","1","0"
"0.36","184","Alcedo atthis","0","0","1","0"
"0.36","184","Cinclus cinclus","0","0","1","0"
"0.36","184","Actitis hypoleucos","0","0","1","0"
"0.36","184","Riparia riparia","0","0","1","0"
"0.36","184","Pyrrhula pyrrhula","0","0","1","0"
"0.36","184","Tadorna tadorna","0","0","1","0"
"0.36","184","Netta rufina","0","0","1","0"
"0.36","184","Circus pygargus","0","0","1","0"
"0.36","184","Aquila chrysaetos","0","0","1","0"
"0.36","184","Aythya ferina","0","0","1","0"
"0.36","184","Anthus spinoletta","0","0","1","0"
"0.36","184","Galerida theklae","0","0","1","0"
"0.36","184","Tringa ochropus","0","0","1","0"
"0.36","184","Vanellus vanellus","0","0","1","0"
"0.36","184","Poecile palustris","0","0","1","0"
"0.36","184","Accipiter nisus","0","0","1","0"
"0.36","184","Burhinus oedicnemus","0","0","1","0"
"0.36","184","Sternula albifrons","0","0","1","0"
"0.36","184","Nycticorax nycticorax","0","0","1","0"
"0.36","184","Pyrrhocorax graculus","0","0","1","0"
"0.36","184","Coccothraustes coccothraustes","0","0","1","0"
"0.36","184","Loxia curvirostra","0","0","1","0"
"0.36","184","Phoenicopterus roseus","0","0","1","0"
"0.36","184","Columba oenas","0","0","1","0"
"0.36","184","Melanocorypha calandra","0","0","1","0"
"0.36","184","Ardea alba","0","0","1","0"
"0.36","184","Emberiza schoeniclus","0","0","1","0"
"0.36","184","Mareca strepera","0","0","1","0"
"0.36","184","Plegadis falcinellus","0","0","1","0"
"0.36","184","Ichthyaetus melanocephalus","0","0","1","0"
"0.36","184","Cecropis daurica","0","0","1","0"
"0.36","184","Rallus aquaticus","0","0","1","0"
"0.36","184","Coracias garrulus","0","0","1","0"
"0.36","184","Strix aluco","0","0","1","0"
"0.36","184","Phasianus colchicus","0","0","1","0"
"0.36","184","Cygnus olor","0","0","1","0"
"0.36","184","Tringa totanus","0","0","1","0"
"0.36","184","Athene noctua","0","0","1","0"
"0.36","184","Saxicola rubetra","0","0","1","0"
"0.36","184","Lanius meridionalis","0","0","1","0"
"0.36","184","Platalea leucorodia","0","0","1","0"
"0.36","184","Regulus regulus","0","0","1","0"
"0.36","184","Falco naumanni","0","0","1","0"
"0.36","184","Passer hispaniolensis","0","0","1","0"
"0.36","184","Chlidonias niger","0","0","1","0"
"0.36","184","Thalasseus sandvicensis","0","0","1","0"
"0.36","184","Podiceps nigricollis","0","0","1","0"
"0.36","184","Psittacula krameri","0","0","1","0"
"0.36","184","Spatula clypeata","0","0","1","0"
"0.36","184","Tyto alba","0","0","1","0"
"0.36","184","Charadrius alexandrinus","0","0","1","0"
"0.36","184","Ficedula hypoleuca","0","0","1","0"
"0.36","184","Limosa limosa","0","0","1","0"
"0.36","184","Ardeola ralloides","0","0","1","0"
"0.36","184","Oenanthe hispanica","0","0","1","0"
"0.36","184","Charadrius hiaticula","0","0","1","0"
"0.36","184","Monticola solitarius","0","0","1","0"
"0.36","184","Otus scops","0","0","1","0"
"0.36","184","Jynx torquilla","0","0","1","0"
"0.36","184","Dendrocoptes medius","0","0","1","0"
"0.36","184","Asio otus","0","0","0","1"
"0.36","185","Turdus merula","0","0","0","1"
"0.36","185","Apus apus","0","0","1","0"
"0.36","185","Columba palumbus","0","0","1","0"
"0.36","185","Fringilla coelebs","0","0","1","0"
"0.36","185","Passer domesticus","0","0","1","0"
"0.36","185","Hirundo rustica","0","0","1","0"
"0.36","185","Sylvia atricapilla","0","0","0","1"
"0.36","185","Corvus corone","0","0","0","1"
"0.36","185","Carduelis carduelis","0","0","1","0"
"0.36","185","Pica pica","0","0","1","0"
"0.36","185","Delichon urbicum","0","0","1","0"
"0.36","185","Streptopelia decaocto","0","0","1","0"
"0.36","185","Serinus serinus","0","0","1","0"
"0.36","185","Parus major","0","0","1","0"
"0.36","185","Phoenicurus ochruros","0","0","1","0"
"0.36","185","Milvus migrans","0","0","1","0"
"0.36","185","Gyps fulvus","0","0","1","0"
"0.36","185","Motacilla alba","0","0","1","0"
"0.36","185","Erithacus rubecula","0","0","0","1"
"0.36","185","Garrulus glandarius","0","0","1","0"
"0.36","185","Cyanistes caeruleus","0","0","0","1"
"0.36","185","Columba livia","0","0","1","0"
"0.36","185","Chloris chloris","0","0","1","0"
"0.36","185","Emberiza cirlus","0","0","0","1"
"0.36","185","Falco tinnunculus","0","0","1","0"
"0.36","185","Buteo buteo","0","0","1","0"
"0.36","185","Oriolus oriolus","0","0","1","0"
"0.36","185","Troglodytes troglodytes","0","0","0","1"
"0.36","185","Periparus ater","0","0","1","0"
"0.36","185","Linaria cannabina","0","0","1","0"
"0.36","185","Phylloscopus bonelli","0","0","1","0"
"0.36","185","Ptyonoprogne rupestris","0","0","1","0"
"0.36","185","Merops apiaster","0","0","1","0"
"0.36","185","Larus michahellis","0","0","1","0"
"0.36","185","Sturnus vulgaris","0","0","1","0"
"0.36","185","Certhia brachydactyla","0","0","1","0"
"0.36","185","Anas platyrhynchos","0","0","1","0"
"0.36","185","Dendrocopos major","0","0","1","0"
"0.36","185","Ardea cinerea","0","0","1","0"
"0.36","185","Luscinia megarhynchos","0","0","1","0"
"0.36","185","Saxicola rubicola","0","0","1","0"
"0.36","185","Streptopelia turtur","0","0","1","0"
"0.36","185","Picus viridis","0","0","1","0"
"0.36","185","Hippolais polyglotta","0","0","1","0"
"0.36","185","Upupa epops","0","0","1","0"
"0.36","185","Cuculus canorus","0","0","1","0"
"0.36","185","Aegithalos caudatus","0","0","1","0"
"0.36","185","Corvus corax","0","0","0","1"
"0.36","185","Sitta europaea","0","0","0","1"
"0.36","185","Regulus ignicapilla","0","0","1","0"
"0.36","185","Lophophanes cristatus","0","0","1","0"
"0.36","185","Turdus viscivorus","0","0","1","0"
"0.36","185","Galerida cristata","0","0","1","0"
"0.36","185","Turdus philomelos","0","0","1","0"
"0.36","185","Fulica atra","0","0","1","0"
"0.36","185","Phylloscopus collybita","0","0","0","1"
"0.36","185","Emberiza calandra","0","0","1","0"
"0.36","185","Curruca melanocephala","0","0","1","0"
"0.36","185","Lullula arborea","0","0","1","0"
"0.36","185","Alauda arvensis","0","0","1","0"
"0.36","185","Pyrrhocorax pyrrhocorax","0","0","1","0"
"0.36","185","Egretta garzetta","0","0","1","0"
"0.36","185","Chroicocephalus ridibundus","0","0","1","0"
"0.36","185","Circaetus gallicus","0","0","1","0"
"0.36","185","Lanius collurio","0","0","1","0"
"0.36","185","Cisticola juncidis","0","0","1","0"
"0.36","185","Cettia cetti","0","0","1","0"
"0.36","185","Petronia petronia","0","0","1","0"
"0.36","185","Gallinula chloropus","0","0","1","0"
"0.36","185","Carduelis citrinella","0","0","1","0"
"0.36","185","Phalacrocorax carbo","0","0","1","0"
"0.36","185","Hieraaetus pennatus","0","0","1","0"
"0.36","185","Oenanthe oenanthe","0","0","1","0"
"0.36","185","Milvus milvus","0","0","1","0"
"0.36","185","Motacilla cinerea","0","0","1","0"
"0.36","185","Picus sharpei","0","0","1","0"
"0.36","185","Lanius senator","0","0","1","0"
"0.36","185","Bubulcus ibis","0","0","1","0"
"0.36","185","Ciconia ciconia","0","0","1","0"
"0.36","185","Curruca communis","0","0","1","0"
"0.36","185","Himantopus himantopus","0","0","1","0"
"0.36","185","Phoenicurus phoenicurus","0","0","1","0"
"0.36","185","Corvus monedula","0","0","1","0"
"0.36","185","Muscicapa striata","0","0","1","0"
"0.36","185","Acrocephalus scirpaceus","0","0","1","0"
"0.36","185","Coturnix coturnix","0","0","1","0"
"0.36","185","Circus aeruginosus","0","0","1","0"
"0.36","185","Alectoris rufa","0","0","1","0"
"0.36","185","Pernis apivorus","0","0","1","0"
"0.36","185","Prunella modularis","0","0","1","0"
"0.36","185","Curruca iberiae","0","0","1","0"
"0.36","185","Emberiza cia","0","0","1","0"
"0.36","185","Sturnus unicolor","0","0","1","0"
"0.36","185","Sterna hirundo","0","0","1","0"
"0.36","185","Passer montanus","0","0","1","0"
"0.36","185","Emberiza citrinella","0","0","1","0"
"0.36","185","Motacilla flava","0","0","1","0"
"0.36","185","Podiceps cristatus","0","0","1","0"
"0.36","185","Ardea purpurea","0","0","1","0"
"0.36","185","Anthus trivialis","0","0","1","0"
"0.36","185","Tachybaptus ruficollis","0","0","1","0"
"0.36","185","Charadrius dubius","0","0","1","0"
"0.36","185","Acrocephalus arundinaceus","0","0","1","0"
"0.36","185","Apus melba","0","0","1","0"
"0.36","185","Curruca undata","0","0","1","0"
"0.36","185","Falco subbuteo","0","0","1","0"
"0.36","185","Sylvia borin","0","0","1","0"
"0.36","185","Anthus campestris","0","0","1","0"
"0.36","185","Recurvirostra avosetta","0","0","1","0"
"0.36","185","Alcedo atthis","0","0","1","0"
"0.36","185","Cinclus cinclus","0","0","1","0"
"0.36","185","Actitis hypoleucos","0","0","1","0"
"0.36","185","Riparia riparia","0","0","1","0"
"0.36","185","Pyrrhula pyrrhula","0","0","1","0"
"0.36","185","Tadorna tadorna","0","0","1","0"
"0.36","185","Netta rufina","0","0","1","0"
"0.36","185","Circus pygargus","0","0","1","0"
"0.36","185","Aquila chrysaetos","0","0","1","0"
"0.36","185","Aythya ferina","0","0","1","0"
"0.36","185","Anthus spinoletta","0","0","1","0"
"0.36","185","Galerida theklae","0","0","1","0"
"0.36","185","Tringa ochropus","0","0","1","0"
"0.36","185","Vanellus vanellus","0","0","1","0"
"0.36","185","Poecile palustris","0","0","1","0"
"0.36","185","Accipiter nisus","0","0","1","0"
"0.36","185","Burhinus oedicnemus","0","0","1","0"
"0.36","185","Sternula albifrons","0","0","1","0"
"0.36","185","Nycticorax nycticorax","0","0","1","0"
"0.36","185","Pyrrhocorax graculus","0","0","1","0"
"0.36","185","Coccothraustes coccothraustes","0","0","1","0"
"0.36","185","Loxia curvirostra","0","0","1","0"
"0.36","185","Phoenicopterus roseus","0","0","1","0"
"0.36","185","Columba oenas","0","0","1","0"
"0.36","185","Melanocorypha calandra","0","0","1","0"
"0.36","185","Ardea alba","0","0","1","0"
"0.36","185","Emberiza schoeniclus","0","0","1","0"
"0.36","185","Mareca strepera","0","0","1","0"
"0.36","185","Plegadis falcinellus","0","0","1","0"
"0.36","185","Ichthyaetus melanocephalus","0","0","1","0"
"0.36","185","Cecropis daurica","0","0","1","0"
"0.36","185","Rallus aquaticus","0","0","1","0"
"0.36","185","Coracias garrulus","0","0","1","0"
"0.36","185","Strix aluco","0","0","1","0"
"0.36","185","Phasianus colchicus","0","0","1","0"
"0.36","185","Cygnus olor","0","0","1","0"
"0.36","185","Tringa totanus","0","0","1","0"
"0.36","185","Athene noctua","0","0","1","0"
"0.36","185","Saxicola rubetra","0","0","1","0"
"0.36","185","Lanius meridionalis","0","0","1","0"
"0.36","185","Platalea leucorodia","0","0","1","0"
"0.36","185","Regulus regulus","0","0","1","0"
"0.36","185","Falco naumanni","0","0","1","0"
"0.36","185","Passer hispaniolensis","0","0","1","0"
"0.36","185","Chlidonias niger","0","0","1","0"
"0.36","185","Thalasseus sandvicensis","0","0","1","0"
"0.36","185","Podiceps nigricollis","0","0","1","0"
"0.36","185","Psittacula krameri","0","0","1","0"
"0.36","185","Spatula clypeata","0","0","1","0"
"0.36","185","Tyto alba","0","0","1","0"
"0.36","185","Charadrius alexandrinus","0","0","1","0"
"0.36","185","Ficedula hypoleuca","0","0","1","0"
"0.36","185","Limosa limosa","0","0","1","0"
"0.36","185","Ardeola ralloides","0","0","1","0"
"0.36","185","Oenanthe hispanica","0","0","1","0"
"0.36","185","Charadrius hiaticula","0","0","1","0"
"0.36","185","Monticola solitarius","0","0","1","0"
"0.36","185","Otus scops","0","0","1","0"
"0.36","185","Jynx torquilla","0","0","1","0"
"0.36","185","Dendrocoptes medius","0","0","1","0"
"0.36","185","Asio otus","0","0","1","0"
"0.36","186","Turdus merula","0","0","0","1"
"0.36","186","Apus apus","0","0","1","0"
"0.36","186","Columba palumbus","0","0","1","0"
"0.36","186","Fringilla coelebs","0","0","0","1"
"0.36","186","Passer domesticus","0","0","1","0"
"0.36","186","Hirundo rustica","0","0","1","0"
"0.36","186","Sylvia atricapilla","1","0","0","0"
"0.36","186","Corvus corone","0","0","1","0"
"0.36","186","Carduelis carduelis","0","0","1","0"
"0.36","186","Pica pica","0","0","1","0"
"0.36","186","Delichon urbicum","0","0","1","0"
"0.36","186","Streptopelia decaocto","0","0","1","0"
"0.36","186","Serinus serinus","0","0","1","0"
"0.36","186","Parus major","1","0","0","0"
"0.36","186","Phoenicurus ochruros","0","0","1","0"
"0.36","186","Milvus migrans","0","0","1","0"
"0.36","186","Gyps fulvus","0","0","1","0"
"0.36","186","Motacilla alba","0","0","1","0"
"0.36","186","Erithacus rubecula","0","0","0","1"
"0.36","186","Garrulus glandarius","0","0","1","0"
"0.36","186","Cyanistes caeruleus","0","0","1","0"
"0.36","186","Columba livia","0","0","1","0"
"0.36","186","Chloris chloris","0","0","1","0"
"0.36","186","Emberiza cirlus","0","0","1","0"
"0.36","186","Falco tinnunculus","0","0","1","0"
"0.36","186","Buteo buteo","0","0","1","0"
"0.36","186","Oriolus oriolus","0","0","1","0"
"0.36","186","Troglodytes troglodytes","0","0","1","0"
"0.36","186","Periparus ater","0","0","1","0"
"0.36","186","Linaria cannabina","0","0","1","0"
"0.36","186","Phylloscopus bonelli","0","0","1","0"
"0.36","186","Ptyonoprogne rupestris","0","0","1","0"
"0.36","186","Merops apiaster","0","0","1","0"
"0.36","186","Larus michahellis","0","0","1","0"
"0.36","186","Sturnus vulgaris","0","0","1","0"
"0.36","186","Certhia brachydactyla","0","0","1","0"
"0.36","186","Anas platyrhynchos","0","0","1","0"
"0.36","186","Dendrocopos major","0","0","1","0"
"0.36","186","Ardea cinerea","0","0","1","0"
"0.36","186","Luscinia megarhynchos","0","0","1","0"
"0.36","186","Saxicola rubicola","0","0","1","0"
"0.36","186","Streptopelia turtur","0","0","1","0"
"0.36","186","Picus viridis","0","0","1","0"
"0.36","186","Hippolais polyglotta","0","0","1","0"
"0.36","186","Upupa epops","0","0","1","0"
"0.36","186","Cuculus canorus","0","0","1","0"
"0.36","186","Aegithalos caudatus","0","0","1","0"
"0.36","186","Corvus corax","0","0","1","0"
"0.36","186","Sitta europaea","0","0","1","0"
"0.36","186","Regulus ignicapilla","0","0","1","0"
"0.36","186","Lophophanes cristatus","0","0","1","0"
"0.36","186","Turdus viscivorus","0","0","1","0"
"0.36","186","Galerida cristata","0","0","1","0"
"0.36","186","Turdus philomelos","0","0","1","0"
"0.36","186","Fulica atra","0","0","1","0"
"0.36","186","Phylloscopus collybita","0","0","1","0"
"0.36","186","Emberiza calandra","0","0","1","0"
"0.36","186","Curruca melanocephala","0","0","1","0"
"0.36","186","Lullula arborea","0","0","1","0"
"0.36","186","Alauda arvensis","0","0","1","0"
"0.36","186","Pyrrhocorax pyrrhocorax","0","0","1","0"
"0.36","186","Egretta garzetta","0","0","1","0"
"0.36","186","Chroicocephalus ridibundus","0","0","1","0"
"0.36","186","Circaetus gallicus","0","0","1","0"
"0.36","186","Lanius collurio","0","0","1","0"
"0.36","186","Cisticola juncidis","0","0","1","0"
"0.36","186","Cettia cetti","0","0","1","0"
"0.36","186","Petronia petronia","0","0","1","0"
"0.36","186","Gallinula chloropus","0","0","1","0"
"0.36","186","Carduelis citrinella","0","0","1","0"
"0.36","186","Phalacrocorax carbo","0","0","1","0"
"0.36","186","Hieraaetus pennatus","0","0","1","0"
"0.36","186","Oenanthe oenanthe","0","0","1","0"
"0.36","186","Milvus milvus","0","0","1","0"
"0.36","186","Motacilla cinerea","0","0","1","0"
"0.36","186","Picus sharpei","0","0","1","0"
"0.36","186","Lanius senator","0","0","1","0"
"0.36","186","Bubulcus ibis","0","0","1","0"
"0.36","186","Ciconia ciconia","0","0","1","0"
"0.36","186","Curruca communis","0","0","1","0"
"0.36","186","Himantopus himantopus","0","0","1","0"
"0.36","186","Phoenicurus phoenicurus","0","0","1","0"
"0.36","186","Corvus monedula","0","0","1","0"
"0.36","186","Muscicapa striata","0","0","1","0"
"0.36","186","Acrocephalus scirpaceus","0","0","1","0"
"0.36","186","Coturnix coturnix","0","0","1","0"
"0.36","186","Circus aeruginosus","0","0","1","0"
"0.36","186","Alectoris rufa","0","0","1","0"
"0.36","186","Pernis apivorus","0","0","1","0"
"0.36","186","Prunella modularis","0","0","1","0"
"0.36","186","Curruca iberiae","0","0","1","0"
"0.36","186","Emberiza cia","0","0","1","0"
"0.36","186","Sturnus unicolor","0","0","1","0"
"0.36","186","Sterna hirundo","0","0","1","0"
"0.36","186","Passer montanus","0","0","1","0"
"0.36","186","Emberiza citrinella","0","0","1","0"
"0.36","186","Motacilla flava","0","0","1","0"
"0.36","186","Podiceps cristatus","0","0","1","0"
"0.36","186","Ardea purpurea","0","0","1","0"
"0.36","186","Anthus trivialis","0","0","1","0"
"0.36","186","Tachybaptus ruficollis","0","0","1","0"
"0.36","186","Charadrius dubius","0","0","1","0"
"0.36","186","Acrocephalus arundinaceus","0","0","1","0"
"0.36","186","Apus melba","0","0","1","0"
"0.36","186","Curruca undata","0","0","1","0"
"0.36","186","Falco subbuteo","0","0","1","0"
"0.36","186","Sylvia borin","0","0","1","0"
"0.36","186","Anthus campestris","0","0","1","0"
"0.36","186","Recurvirostra avosetta","0","0","1","0"
"0.36","186","Alcedo atthis","0","0","1","0"
"0.36","186","Cinclus cinclus","0","0","1","0"
"0.36","186","Actitis hypoleucos","0","0","1","0"
"0.36","186","Riparia riparia","0","0","1","0"
"0.36","186","Pyrrhula pyrrhula","0","0","1","0"
"0.36","186","Tadorna tadorna","0","0","1","0"
"0.36","186","Netta rufina","0","0","1","0"
"0.36","186","Circus pygargus","0","0","1","0"
"0.36","186","Aquila chrysaetos","0","0","1","0"
"0.36","186","Aythya ferina","0","0","1","0"
"0.36","186","Anthus spinoletta","0","0","1","0"
"0.36","186","Galerida theklae","0","0","1","0"
"0.36","186","Tringa ochropus","0","0","1","0"
"0.36","186","Vanellus vanellus","0","0","1","0"
"0.36","186","Poecile palustris","0","0","1","0"
"0.36","186","Accipiter nisus","0","0","1","0"
"0.36","186","Burhinus oedicnemus","0","0","1","0"
"0.36","186","Sternula albifrons","0","0","1","0"
"0.36","186","Nycticorax nycticorax","0","0","1","0"
"0.36","186","Pyrrhocorax graculus","0","0","1","0"
"0.36","186","Coccothraustes coccothraustes","0","0","1","0"
"0.36","186","Loxia curvirostra","0","0","1","0"
"0.36","186","Phoenicopterus roseus","0","0","1","0"
"0.36","186","Columba oenas","0","0","1","0"
"0.36","186","Melanocorypha calandra","0","0","1","0"
"0.36","186","Ardea alba","0","0","1","0"
"0.36","186","Emberiza schoeniclus","0","0","1","0"
"0.36","186","Mareca strepera","0","0","1","0"
"0.36","186","Plegadis falcinellus","0","0","1","0"
"0.36","186","Ichthyaetus melanocephalus","0","0","1","0"
"0.36","186","Cecropis daurica","0","0","1","0"
"0.36","186","Rallus aquaticus","0","0","1","0"
"0.36","186","Coracias garrulus","0","0","1","0"
"0.36","186","Strix aluco","0","0","1","0"
"0.36","186","Phasianus colchicus","0","0","1","0"
"0.36","186","Cygnus olor","0","0","1","0"
"0.36","186","Tringa totanus","0","0","1","0"
"0.36","186","Athene noctua","0","0","1","0"
"0.36","186","Saxicola rubetra","0","0","1","0"
"0.36","186","Lanius meridionalis","0","0","1","0"
"0.36","186","Platalea leucorodia","0","0","1","0"
"0.36","186","Regulus regulus","0","0","1","0"
"0.36","186","Falco naumanni","0","0","1","0"
"0.36","186","Passer hispaniolensis","0","0","1","0"
"0.36","186","Chlidonias niger","0","0","1","0"
"0.36","186","Thalasseus sandvicensis","0","0","1","0"
"0.36","186","Podiceps nigricollis","0","0","1","0"
"0.36","186","Psittacula krameri","0","0","1","0"
"0.36","186","Spatula clypeata","0","0","1","0"
"0.36","186","Tyto alba","0","0","1","0"
"0.36","186","Charadrius alexandrinus","0","0","1","0"
"0.36","186","Ficedula hypoleuca","0","0","1","0"
"0.36","186","Limosa limosa","0","0","1","0"
"0.36","186","Ardeola ralloides","0","0","1","0"
"0.36","186","Oenanthe hispanica","0","0","1","0"
"0.36","186","Charadrius hiaticula","0","0","1","0"
"0.36","186","Monticola solitarius","0","0","1","0"
"0.36","186","Otus scops","0","0","1","0"
"0.36","186","Jynx torquilla","0","0","1","0"
"0.36","186","Dendrocoptes medius","0","0","1","0"
"0.36","186","Asio otus","0","0","1","0"
"0.36","187","Turdus merula","0","0","1","0"
"0.36","187","Apus apus","0","0","1","0"
"0.36","187","Columba palumbus","0","0","1","0"
"0.36","187","Fringilla coelebs","0","0","1","0"
"0.36","187","Passer domesticus","0","0","1","0"
"0.36","187","Hirundo rustica","0","0","1","0"
"0.36","187","Corvus corone","0","0","1","0"
"0.36","187","Sylvia atricapilla","0","0","1","0"
"0.36","187","Carduelis carduelis","0","0","1","0"
"0.36","187","Pica pica","0","0","1","0"
"0.36","187","Delichon urbicum","0","0","1","0"
"0.36","187","Streptopelia decaocto","0","0","1","0"
"0.36","187","Phoenicurus ochruros","0","0","1","0"
"0.36","187","Parus major","0","0","1","0"
"0.36","187","Serinus serinus","0","0","1","0"
"0.36","187","Milvus migrans","0","0","1","0"
"0.36","187","Motacilla alba","0","0","1","0"
"0.36","187","Gyps fulvus","0","0","1","0"
"0.36","187","Erithacus rubecula","0","0","1","0"
"0.36","187","Garrulus glandarius","0","0","1","0"
"0.36","187","Cyanistes caeruleus","0","0","1","0"
"0.36","187","Chloris chloris","0","0","1","0"
"0.36","187","Buteo buteo","0","0","1","0"
"0.36","187","Columba livia","0","0","1","0"
"0.36","187","Emberiza cirlus","0","0","1","0"
"0.36","187","Falco tinnunculus","0","0","1","0"
"0.36","187","Troglodytes troglodytes","0","0","1","0"
"0.36","187","Oriolus oriolus","0","0","1","0"
"0.36","187","Periparus ater","0","0","1","0"
"0.36","187","Linaria cannabina","0","0","1","0"
"0.36","187","Ptyonoprogne rupestris","0","0","1","0"
"0.36","187","Sturnus vulgaris","0","0","1","0"
"0.36","187","Phylloscopus bonelli","0","0","1","0"
"0.36","187","Larus michahellis","0","0","1","0"
"0.36","187","Picus viridis","0","0","1","0"
"0.36","187","Certhia brachydactyla","0","0","1","0"
"0.36","187","Ardea cinerea","0","0","1","0"
"0.36","187","Dendrocopos major","0","0","1","0"
"0.36","187","Merops apiaster","0","0","1","0"
"0.36","187","Anas platyrhynchos","0","0","1","0"
"0.36","187","Luscinia megarhynchos","0","0","1","0"
"0.36","187","Saxicola rubicola","0","0","1","0"
"0.36","187","Streptopelia turtur","0","0","1","0"
"0.36","187","Hippolais polyglotta","0","0","1","0"
"0.36","187","Cuculus canorus","0","0","1","0"
"0.36","187","Upupa epops","0","0","1","0"
"0.36","187","Aegithalos caudatus","0","0","1","0"
"0.36","187","Sitta europaea","0","0","1","0"
"0.36","187","Corvus corax","0","0","1","0"
"0.36","187","Regulus ignicapilla","0","0","1","0"
"0.36","187","Phylloscopus collybita","0","0","1","0"
"0.36","187","Turdus viscivorus","0","0","1","0"
"0.36","187","Turdus philomelos","0","0","1","0"
"0.36","187","Lophophanes cristatus","0","0","1","0"
"0.36","187","Alauda arvensis","0","0","1","0"
"0.36","187","Fulica atra","0","0","1","0"
"0.36","187","Galerida cristata","0","0","1","0"
"0.36","187","Lullula arborea","0","0","1","0"
"0.36","187","Pyrrhocorax pyrrhocorax","0","0","1","0"
"0.36","187","Emberiza calandra","0","0","1","0"
"0.36","187","Chroicocephalus ridibundus","0","0","1","0"
"0.36","187","Egretta garzetta","0","0","1","0"
"0.36","187","Lanius collurio","0","0","1","0"
"0.36","187","Cisticola juncidis","0","0","1","0"
"0.36","187","Circaetus gallicus","0","0","1","0"
"0.36","187","Curruca melanocephala","0","0","1","0"
"0.36","187","Petronia petronia","0","0","1","0"
"0.36","187","Cettia cetti","0","0","1","0"
"0.36","187","Phalacrocorax carbo","0","0","1","0"
"0.36","187","Carduelis citrinella","0","0","1","0"
"0.36","187","Gallinula chloropus","0","0","1","0"
"0.36","187","Milvus milvus","0","0","1","0"
"0.36","187","Motacilla cinerea","0","0","1","0"
"0.36","187","Hieraaetus pennatus","0","0","1","0"
"0.36","187","Oenanthe oenanthe","0","0","1","0"
"0.36","187","Ciconia ciconia","0","0","1","0"
"0.36","187","Picus sharpei","0","0","1","0"
"0.36","187","Lanius senator","0","0","1","0"
"0.36","187","Curruca communis","0","0","1","0"
"0.36","187","Bubulcus ibis","0","0","1","0"
"0.36","187","Phoenicurus phoenicurus","0","0","1","0"
"0.36","187","Coturnix coturnix","0","0","1","0"
"0.36","187","Corvus monedula","0","0","1","0"
"0.36","187","Acrocephalus scirpaceus","0","0","1","0"
"0.36","187","Himantopus himantopus","0","0","1","0"
"0.36","187","Muscicapa striata","0","0","1","0"
"0.36","187","Prunella modularis","0","0","1","0"
"0.36","187","Pernis apivorus","0","0","1","0"
"0.36","187","Alectoris rufa","0","0","1","0"
"0.36","187","Circus aeruginosus","0","0","1","0"
"0.36","187","Emberiza citrinella","0","0","1","0"
"0.36","187","Sterna hirundo","0","0","1","0"
"0.36","187","Emberiza cia","0","0","1","0"
"0.36","187","Curruca iberiae","0","0","1","0"
"0.36","187","Podiceps cristatus","0","0","1","0"
"0.36","187","Passer montanus","0","0","1","0"
"0.36","187","Motacilla flava","0","0","1","0"
"0.36","187","Sturnus unicolor","0","0","1","0"
"0.36","187","Anthus trivialis","0","0","1","0"
"0.36","187","Ardea purpurea","0","0","1","0"
"0.36","187","Tachybaptus ruficollis","0","0","1","0"
"0.36","187","Charadrius dubius","0","0","1","0"
"0.36","187","Acrocephalus arundinaceus","0","0","1","0"
"0.36","187","Apus melba","0","0","1","0"
"0.36","187","Curruca undata","0","0","1","0"
"0.36","187","Sylvia borin","0","0","1","0"
"0.36","187","Falco subbuteo","0","0","1","0"
"0.36","187","Pyrrhula pyrrhula","0","0","1","0"
"0.36","187","Recurvirostra avosetta","0","0","1","0"
"0.36","187","Alcedo atthis","0","0","1","0"
"0.36","187","Anthus campestris","0","0","1","0"
"0.36","187","Cinclus cinclus","0","0","1","0"
"0.36","187","Riparia riparia","0","0","1","0"
"0.36","187","Actitis hypoleucos","0","0","1","0"
"0.36","187","Tadorna tadorna","0","0","1","0"
"0.36","187","Netta rufina","0","0","1","0"
"0.36","187","Poecile palustris","0","0","1","0"
"0.36","187","Circus pygargus","0","0","1","0"
"0.36","187","Anthus spinoletta","0","0","1","0"
"0.36","187","Aythya ferina","0","0","1","0"
"0.36","187","Vanellus vanellus","0","0","1","0"
"0.36","187","Aquila chrysaetos","0","0","1","0"
"0.36","187","Tringa ochropus","0","0","1","0"
"0.36","187","Galerida theklae","0","0","1","0"
"0.36","187","Pyrrhocorax graculus","0","0","1","0"
"0.36","187","Accipiter nisus","0","0","1","0"
"0.36","187","Sternula albifrons","0","0","1","0"
"0.36","187","Nycticorax nycticorax","0","0","1","0"
"0.36","187","Burhinus oedicnemus","0","0","1","0"
"0.36","187","Coccothraustes coccothraustes","0","0","1","0"
"0.36","187","Loxia curvirostra","0","0","1","0"
"0.36","187","Cygnus olor","0","0","1","0"
"0.36","187","Ardea alba","0","0","1","0"
"0.36","187","Emberiza schoeniclus","0","0","1","0"
"0.36","187","Columba oenas","0","0","1","0"
"0.36","187","Phoenicopterus roseus","0","0","1","0"
"0.36","187","Melanocorypha calandra","0","0","1","0"
"0.36","187","Strix aluco","0","0","1","0"
"0.36","187","Mareca strepera","0","0","1","0"
"0.36","187","Plegadis falcinellus","0","0","1","0"
"0.36","187","Ichthyaetus melanocephalus","0","0","1","0"
"0.36","187","Rallus aquaticus","0","0","1","0"
"0.36","187","Phasianus colchicus","0","0","1","0"
"0.36","187","Tringa totanus","0","0","1","0"
"0.36","187","Saxicola rubetra","0","0","1","0"
"0.36","187","Cecropis daurica","0","0","1","0"
"0.36","187","Coracias garrulus","0","0","1","0"
"0.36","187","Regulus regulus","0","0","1","0"
"0.36","187","Lanius meridionalis","0","0","1","0"
"0.36","187","Platalea leucorodia","0","0","1","0"
"0.36","187","Athene noctua","0","0","1","0"
"0.36","187","Falco naumanni","0","0","1","0"
"0.36","187","Passer hispaniolensis","0","0","1","0"
"0.36","187","Thalasseus sandvicensis","0","0","1","0"
"0.36","187","Chlidonias niger","0","0","1","0"
"0.36","187","Psittacula krameri","0","0","1","0"
"0.36","187","Podiceps nigricollis","0","0","1","0"
"0.36","187","Spatula clypeata","0","0","1","0"
"0.36","187","Tyto alba","0","0","1","0"
"0.36","187","Ficedula hypoleuca","0","0","1","0"
"0.36","187","Limosa limosa","0","0","1","0"
"0.36","187","Charadrius hiaticula","0","0","1","0"
"0.36","187","Charadrius alexandrinus","0","0","1","0"
"0.36","187","Spinus spinus","0","0","1","0"
"0.36","187","Otus scops","0","0","1","0"
"0.36","187","Jynx torquilla","0","0","1","0"
"0.36","187","Dendrocoptes medius","0","0","1","0"
"0.36","187","Asio otus","0","0","1","0"
"0.36","188","Turdus merula","0","0","0","1"
"0.36","188","Apus apus","0","0","1","0"
"0.36","188","Columba palumbus","0","0","1","0"
"0.36","188","Fringilla coelebs","0","0","1","0"
"0.36","188","Passer domesticus","0","0","1","0"
"0.36","188","Hirundo rustica","0","0","0","1"
"0.36","188","Corvus corone","0","0","1","0"
"0.36","188","Sylvia atricapilla","1","0","0","0"
"0.36","188","Carduelis carduelis","0","0","1","0"
"0.36","188","Pica pica","0","0","0","1"
"0.36","188","Delichon urbicum","0","0","1","0"
"0.36","188","Streptopelia decaocto","0","0","1","0"
"0.36","188","Phoenicurus ochruros","0","0","0","1"
"0.36","188","Parus major","0","0","1","0"
"0.36","188","Serinus serinus","0","0","0","1"
"0.36","188","Milvus migrans","0","0","1","0"
"0.36","188","Motacilla alba","0","0","1","0"
"0.36","188","Gyps fulvus","0","0","1","0"
"0.36","188","Erithacus rubecula","0","0","1","0"
"0.36","188","Garrulus glandarius","0","0","1","0"
"0.36","188","Cyanistes caeruleus","0","0","1","0"
"0.36","188","Chloris chloris","0","0","0","1"
"0.36","188","Buteo buteo","0","0","1","0"
"0.36","188","Columba livia","0","0","1","0"
"0.36","188","Emberiza cirlus","0","0","0","1"
"0.36","188","Falco tinnunculus","0","0","1","0"
"0.36","188","Troglodytes troglodytes","0","0","0","1"
"0.36","188","Oriolus oriolus","0","0","0","1"
"0.36","188","Periparus ater","0","0","1","0"
"0.36","188","Linaria cannabina","0","0","1","0"
"0.36","188","Ptyonoprogne rupestris","0","0","1","0"
"0.36","188","Sturnus vulgaris","0","0","1","0"
"0.36","188","Phylloscopus bonelli","0","0","1","0"
"0.36","188","Larus michahellis","0","0","1","0"
"0.36","188","Picus viridis","0","0","1","0"
"0.36","188","Certhia brachydactyla","0","0","1","0"
"0.36","188","Ardea cinerea","0","0","1","0"
"0.36","188","Dendrocopos major","0","0","1","0"
"0.36","188","Merops apiaster","0","0","1","0"
"0.36","188","Anas platyrhynchos","0","0","1","0"
"0.36","188","Luscinia megarhynchos","0","0","0","1"
"0.36","188","Saxicola rubicola","0","0","1","0"
"0.36","188","Streptopelia turtur","1","0","0","0"
"0.36","188","Hippolais polyglotta","0","0","1","0"
"0.36","188","Cuculus canorus","0","0","1","0"
"0.36","188","Upupa epops","0","0","1","0"
"0.36","188","Aegithalos caudatus","0","0","1","0"
"0.36","188","Sitta europaea","0","0","0","1"
"0.36","188","Corvus corax","0","0","1","0"
"0.36","188","Regulus ignicapilla","0","0","1","0"
"0.36","188","Phylloscopus collybita","0","0","1","0"
"0.36","188","Turdus viscivorus","0","0","1","0"
"0.36","188","Turdus philomelos","0","0","1","0"
"0.36","188","Lophophanes cristatus","0","0","1","0"
"0.36","188","Alauda arvensis","0","0","1","0"
"0.36","188","Fulica atra","0","0","1","0"
"0.36","188","Galerida cristata","0","0","1","0"
"0.36","188","Lullula arborea","0","0","1","0"
"0.36","188","Pyrrhocorax pyrrhocorax","0","0","1","0"
"0.36","188","Emberiza calandra","0","0","1","0"
"0.36","188","Chroicocephalus ridibundus","0","0","1","0"
"0.36","188","Egretta garzetta","0","0","1","0"
"0.36","188","Lanius collurio","0","0","1","0"
"0.36","188","Cisticola juncidis","0","0","1","0"
"0.36","188","Circaetus gallicus","0","0","1","0"
"0.36","188","Curruca melanocephala","0","0","1","0"
"0.36","188","Petronia petronia","0","0","1","0"
"0.36","188","Cettia cetti","0","0","1","0"
"0.36","188","Phalacrocorax carbo","0","0","1","0"
"0.36","188","Carduelis citrinella","0","0","1","0"
"0.36","188","Gallinula chloropus","0","0","1","0"
"0.36","188","Milvus milvus","0","0","1","0"
"0.36","188","Motacilla cinerea","0","0","1","0"
"0.36","188","Hieraaetus pennatus","0","0","1","0"
"0.36","188","Oenanthe oenanthe","0","0","1","0"
"0.36","188","Ciconia ciconia","0","0","1","0"
"0.36","188","Picus sharpei","0","0","1","0"
"0.36","188","Lanius senator","0","0","1","0"
"0.36","188","Curruca communis","0","0","1","0"
"0.36","188","Bubulcus ibis","0","0","1","0"
"0.36","188","Phoenicurus phoenicurus","0","0","1","0"
"0.36","188","Coturnix coturnix","0","0","1","0"
"0.36","188","Corvus monedula","0","0","1","0"
"0.36","188","Acrocephalus scirpaceus","0","0","1","0"
"0.36","188","Himantopus himantopus","0","0","1","0"
"0.36","188","Muscicapa striata","0","0","1","0"
"0.36","188","Prunella modularis","0","0","1","0"
"0.36","188","Pernis apivorus","0","0","1","0"
"0.36","188","Alectoris rufa","0","0","1","0"
"0.36","188","Circus aeruginosus","0","0","1","0"
"0.36","188","Emberiza citrinella","0","0","1","0"
"0.36","188","Sterna hirundo","0","0","1","0"
"0.36","188","Emberiza cia","0","0","1","0"
"0.36","188","Curruca iberiae","0","0","1","0"
"0.36","188","Podiceps cristatus","0","0","1","0"
"0.36","188","Passer montanus","0","0","1","0"
"0.36","188","Motacilla flava","0","0","1","0"
"0.36","188","Sturnus unicolor","0","0","1","0"
"0.36","188","Anthus trivialis","0","0","1","0"
"0.36","188","Ardea purpurea","0","0","1","0"
"0.36","188","Tachybaptus ruficollis","0","0","1","0"
"0.36","188","Charadrius dubius","0","0","1","0"
"0.36","188","Acrocephalus arundinaceus","0","0","1","0"
"0.36","188","Apus melba","0","0","1","0"
"0.36","188","Curruca undata","0","0","1","0"
"0.36","188","Sylvia borin","0","0","1","0"
"0.36","188","Falco subbuteo","0","0","1","0"
"0.36","188","Pyrrhula pyrrhula","0","0","1","0"
"0.36","188","Recurvirostra avosetta","0","0","1","0"
"0.36","188","Alcedo atthis","0","0","1","0"
"0.36","188","Anthus campestris","0","0","1","0"
"0.36","188","Cinclus cinclus","0","0","1","0"
"0.36","188","Riparia riparia","0","0","1","0"
"0.36","188","Actitis hypoleucos","0","0","1","0"
"0.36","188","Tadorna tadorna","0","0","1","0"
"0.36","188","Netta rufina","0","0","1","0"
"0.36","188","Poecile palustris","0","0","1","0"
"0.36","188","Circus pygargus","0","0","1","0"
"0.36","188","Anthus spinoletta","0","0","1","0"
"0.36","188","Aythya ferina","0","0","1","0"
"0.36","188","Vanellus vanellus","0","0","1","0"
"0.36","188","Aquila chrysaetos","0","0","1","0"
"0.36","188","Tringa ochropus","0","0","1","0"
"0.36","188","Galerida theklae","0","0","1","0"
"0.36","188","Pyrrhocorax graculus","0","0","1","0"
"0.36","188","Accipiter nisus","0","0","1","0"
"0.36","188","Sternula albifrons","0","0","1","0"
"0.36","188","Nycticorax nycticorax","0","0","1","0"
"0.36","188","Burhinus oedicnemus","0","0","1","0"
"0.36","188","Coccothraustes coccothraustes","0","0","1","0"
"0.36","188","Loxia curvirostra","0","0","1","0"
"0.36","188","Cygnus olor","0","0","1","0"
"0.36","188","Ardea alba","0","0","1","0"
"0.36","188","Emberiza schoeniclus","0","0","1","0"
"0.36","188","Columba oenas","0","0","1","0"
"0.36","188","Phoenicopterus roseus","0","0","1","0"
"0.36","188","Melanocorypha calandra","0","0","1","0"
"0.36","188","Strix aluco","0","0","1","0"
"0.36","188","Mareca strepera","0","0","1","0"
"0.36","188","Plegadis falcinellus","0","0","1","0"
"0.36","188","Ichthyaetus melanocephalus","0","0","1","0"
"0.36","188","Rallus aquaticus","0","0","1","0"
"0.36","188","Phasianus colchicus","0","0","1","0"
"0.36","188","Tringa totanus","0","0","1","0"
"0.36","188","Saxicola rubetra","0","0","1","0"
"0.36","188","Cecropis daurica","0","0","1","0"
"0.36","188","Coracias garrulus","0","0","1","0"
"0.36","188","Regulus regulus","0","0","1","0"
"0.36","188","Lanius meridionalis","0","0","1","0"
"0.36","188","Platalea leucorodia","0","0","1","0"
"0.36","188","Athene noctua","0","0","1","0"
"0.36","188","Falco naumanni","0","0","1","0"
"0.36","188","Passer hispaniolensis","0","0","1","0"
"0.36","188","Thalasseus sandvicensis","0","0","1","0"
"0.36","188","Chlidonias niger","0","0","1","0"
"0.36","188","Psittacula krameri","0","0","1","0"
"0.36","188","Podiceps nigricollis","0","0","1","0"
"0.36","188","Spatula clypeata","0","0","1","0"
"0.36","188","Tyto alba","0","0","1","0"
"0.36","188","Ficedula hypoleuca","0","0","1","0"
"0.36","188","Limosa limosa","0","0","1","0"
"0.36","188","Charadrius hiaticula","0","0","1","0"
"0.36","188","Charadrius alexandrinus","0","0","1","0"
"0.36","188","Spinus spinus","0","0","1","0"
"0.36","188","Otus scops","0","0","1","0"
"0.36","188","Jynx torquilla","0","0","1","0"
"0.36","188","Dendrocoptes medius","0","0","1","0"
"0.36","188","Asio otus","0","0","1","0"
"0.36","189","Turdus merula","0","0","1","0"
"0.36","189","Apus apus","0","0","1","0"
"0.36","189","Columba palumbus","0","0","1","0"
"0.36","189","Fringilla coelebs","0","0","1","0"
"0.36","189","Passer domesticus","0","0","0","1"
"0.36","189","Hirundo rustica","0","0","0","1"
"0.36","189","Corvus corone","0","0","1","0"
"0.36","189","Sylvia atricapilla","0","0","0","1"
"0.36","189","Carduelis carduelis","0","0","1","0"
"0.36","189","Pica pica","0","0","1","0"
"0.36","189","Delichon urbicum","0","0","1","0"
"0.36","189","Streptopelia decaocto","0","0","1","0"
"0.36","189","Phoenicurus ochruros","0","0","1","0"
"0.36","189","Parus major","0","0","1","0"
"0.36","189","Serinus serinus","0","0","1","0"
"0.36","189","Milvus migrans","0","0","1","0"
"0.36","189","Motacilla alba","0","1","0","0"
"0.36","189","Gyps fulvus","0","0","1","0"
"0.36","189","Erithacus rubecula","0","0","1","0"
"0.36","189","Garrulus glandarius","0","0","1","0"
"0.36","189","Cyanistes caeruleus","0","0","1","0"
"0.36","189","Chloris chloris","0","0","1","0"
"0.36","189","Buteo buteo","0","0","1","0"
"0.36","189","Columba livia","0","0","1","0"
"0.36","189","Emberiza cirlus","0","0","1","0"
"0.36","189","Falco tinnunculus","0","0","1","0"
"0.36","189","Troglodytes troglodytes","0","0","1","0"
"0.36","189","Oriolus oriolus","0","0","1","0"
"0.36","189","Periparus ater","0","0","1","0"
"0.36","189","Linaria cannabina","0","0","1","0"
"0.36","189","Ptyonoprogne rupestris","0","0","1","0"
"0.36","189","Sturnus vulgaris","0","0","1","0"
"0.36","189","Phylloscopus bonelli","0","0","1","0"
"0.36","189","Larus michahellis","0","0","1","0"
"0.36","189","Picus viridis","0","0","1","0"
"0.36","189","Certhia brachydactyla","0","0","1","0"
"0.36","189","Ardea cinerea","0","0","1","0"
"0.36","189","Dendrocopos major","0","0","1","0"
"0.36","189","Merops apiaster","0","0","1","0"
"0.36","189","Anas platyrhynchos","0","0","1","0"
"0.36","189","Luscinia megarhynchos","0","0","1","0"
"0.36","189","Saxicola rubicola","0","0","1","0"
"0.36","189","Streptopelia turtur","0","0","1","0"
"0.36","189","Hippolais polyglotta","0","0","1","0"
"0.36","189","Cuculus canorus","0","0","1","0"
"0.36","189","Upupa epops","0","0","1","0"
"0.36","189","Aegithalos caudatus","0","0","1","0"
"0.36","189","Sitta europaea","0","0","1","0"
"0.36","189","Corvus corax","0","0","1","0"
"0.36","189","Regulus ignicapilla","0","0","1","0"
"0.36","189","Phylloscopus collybita","0","0","1","0"
"0.36","189","Turdus viscivorus","0","0","1","0"
"0.36","189","Turdus philomelos","0","0","1","0"
"0.36","189","Lophophanes cristatus","0","0","1","0"
"0.36","189","Alauda arvensis","0","0","1","0"
"0.36","189","Fulica atra","0","0","1","0"
"0.36","189","Galerida cristata","0","0","1","0"
"0.36","189","Lullula arborea","0","0","1","0"
"0.36","189","Pyrrhocorax pyrrhocorax","0","0","1","0"
"0.36","189","Emberiza calandra","0","0","1","0"
"0.36","189","Chroicocephalus ridibundus","0","0","1","0"
"0.36","189","Egretta garzetta","0","0","1","0"
"0.36","189","Lanius collurio","0","0","1","0"
"0.36","189","Cisticola juncidis","0","0","1","0"
"0.36","189","Circaetus gallicus","0","0","1","0"
"0.36","189","Curruca melanocephala","0","0","1","0"
"0.36","189","Petronia petronia","0","0","1","0"
"0.36","189","Cettia cetti","0","0","1","0"
"0.36","189","Phalacrocorax carbo","0","0","1","0"
"0.36","189","Carduelis citrinella","0","0","1","0"
"0.36","189","Gallinula chloropus","0","0","1","0"
"0.36","189","Milvus milvus","0","0","1","0"
"0.36","189","Motacilla cinerea","0","0","1","0"
"0.36","189","Hieraaetus pennatus","0","0","1","0"
"0.36","189","Oenanthe oenanthe","0","0","1","0"
"0.36","189","Ciconia ciconia","0","0","1","0"
"0.36","189","Picus sharpei","0","0","1","0"
"0.36","189","Lanius senator","0","0","1","0"
"0.36","189","Curruca communis","0","0","1","0"
"0.36","189","Bubulcus ibis","0","0","1","0"
"0.36","189","Phoenicurus phoenicurus","0","0","1","0"
"0.36","189","Coturnix coturnix","0","0","1","0"
"0.36","189","Corvus monedula","0","0","1","0"
"0.36","189","Acrocephalus scirpaceus","0","0","1","0"
"0.36","189","Himantopus himantopus","0","0","1","0"
"0.36","189","Muscicapa striata","0","0","1","0"
"0.36","189","Prunella modularis","0","0","1","0"
"0.36","189","Pernis apivorus","0","0","1","0"
"0.36","189","Alectoris rufa","0","0","1","0"
"0.36","189","Circus aeruginosus","0","0","1","0"
"0.36","189","Emberiza citrinella","0","0","1","0"
"0.36","189","Sterna hirundo","0","0","1","0"
"0.36","189","Emberiza cia","0","0","1","0"
"0.36","189","Curruca iberiae","0","0","1","0"
"0.36","189","Podiceps cristatus","0","0","1","0"
"0.36","189","Passer montanus","0","0","1","0"
"0.36","189","Motacilla flava","0","0","1","0"
"0.36","189","Sturnus unicolor","0","0","1","0"
"0.36","189","Anthus trivialis","0","0","1","0"
"0.36","189","Ardea purpurea","0","0","1","0"
"0.36","189","Tachybaptus ruficollis","0","0","1","0"
"0.36","189","Charadrius dubius","0","0","1","0"
"0.36","189","Acrocephalus arundinaceus","0","0","1","0"
"0.36","189","Apus melba","0","0","1","0"
"0.36","189","Curruca undata","0","0","1","0"
"0.36","189","Sylvia borin","0","0","1","0"
"0.36","189","Falco subbuteo","0","0","1","0"
"0.36","189","Pyrrhula pyrrhula","0","0","1","0"
"0.36","189","Recurvirostra avosetta","0","0","1","0"
"0.36","189","Alcedo atthis","0","0","1","0"
"0.36","189","Anthus campestris","0","0","1","0"
"0.36","189","Cinclus cinclus","0","0","1","0"
"0.36","189","Riparia riparia","0","0","1","0"
"0.36","189","Actitis hypoleucos","0","0","1","0"
"0.36","189","Tadorna tadorna","0","0","1","0"
"0.36","189","Netta rufina","0","0","1","0"
"0.36","189","Poecile palustris","0","0","1","0"
"0.36","189","Circus pygargus","0","0","1","0"
"0.36","189","Anthus spinoletta","0","0","1","0"
"0.36","189","Aythya ferina","0","0","1","0"
"0.36","189","Vanellus vanellus","0","0","1","0"
"0.36","189","Aquila chrysaetos","0","0","1","0"
"0.36","189","Tringa ochropus","0","0","1","0"
"0.36","189","Galerida theklae","0","0","1","0"
"0.36","189","Pyrrhocorax graculus","0","0","1","0"
"0.36","189","Accipiter nisus","0","0","1","0"
"0.36","189","Sternula albifrons","0","0","1","0"
"0.36","189","Nycticorax nycticorax","0","0","1","0"
"0.36","189","Burhinus oedicnemus","0","0","1","0"
"0.36","189","Coccothraustes coccothraustes","0","0","1","0"
"0.36","189","Loxia curvirostra","0","0","1","0"
"0.36","189","Cygnus olor","0","0","1","0"
"0.36","189","Ardea alba","0","0","1","0"
"0.36","189","Emberiza schoeniclus","0","0","1","0"
"0.36","189","Columba oenas","0","0","1","0"
"0.36","189","Phoenicopterus roseus","0","0","1","0"
"0.36","189","Melanocorypha calandra","0","0","1","0"
"0.36","189","Strix aluco","0","0","1","0"
"0.36","189","Mareca strepera","0","0","1","0"
"0.36","189","Plegadis falcinellus","0","0","1","0"
"0.36","189","Ichthyaetus melanocephalus","0","0","1","0"
"0.36","189","Rallus aquaticus","0","0","1","0"
"0.36","189","Phasianus colchicus","0","0","1","0"
"0.36","189","Tringa totanus","0","0","1","0"
"0.36","189","Saxicola rubetra","0","0","1","0"
"0.36","189","Cecropis daurica","0","0","1","0"
"0.36","189","Coracias garrulus","0","0","1","0"
"0.36","189","Regulus regulus","0","0","1","0"
"0.36","189","Lanius meridionalis","0","0","1","0"
"0.36","189","Platalea leucorodia","0","0","1","0"
"0.36","189","Athene noctua","0","0","1","0"
"0.36","189","Falco naumanni","0","0","1","0"
"0.36","189","Passer hispaniolensis","0","0","1","0"
"0.36","189","Thalasseus sandvicensis","0","0","1","0"
"0.36","189","Chlidonias niger","0","0","1","0"
"0.36","189","Psittacula krameri","0","0","1","0"
"0.36","189","Podiceps nigricollis","0","0","1","0"
"0.36","189","Spatula clypeata","0","0","1","0"
"0.36","189","Tyto alba","0","0","1","0"
"0.36","189","Ficedula hypoleuca","0","0","1","0"
"0.36","189","Limosa limosa","0","0","1","0"
"0.36","189","Charadrius hiaticula","0","0","1","0"
"0.36","189","Charadrius alexandrinus","0","0","1","0"
"0.36","189","Spinus spinus","0","0","1","0"
"0.36","189","Otus scops","0","0","1","0"
"0.36","189","Jynx torquilla","0","0","1","0"
"0.36","189","Dendrocoptes medius","0","0","1","0"
"0.36","189","Asio otus","0","0","1","0"
"0.36","190","Turdus merula","0","0","1","0"
"0.36","190","Apus apus","0","0","1","0"
"0.36","190","Hirundo rustica","0","0","1","0"
"0.36","190","Columba palumbus","0","0","1","0"
"0.36","190","Fringilla coelebs","0","0","1","0"
"0.36","190","Passer domesticus","0","0","1","0"
"0.36","190","Sylvia atricapilla","0","0","1","0"
"0.36","190","Pica pica","0","0","1","0"
"0.36","190","Carduelis carduelis","0","0","1","0"
"0.36","190","Streptopelia decaocto","0","0","1","0"
"0.36","190","Serinus serinus","0","0","1","0"
"0.36","190","Parus major","0","0","1","0"
"0.36","190","Delichon urbicum","0","0","1","0"
"0.36","190","Corvus corone","0","0","1","0"
"0.36","190","Milvus migrans","0","0","1","0"
"0.36","190","Luscinia megarhynchos","0","0","1","0"
"0.36","190","Phoenicurus ochruros","0","0","1","0"
"0.36","190","Cyanistes caeruleus","0","0","1","0"
"0.36","190","Cuculus canorus","0","0","1","0"
"0.36","190","Erithacus rubecula","0","0","1","0"
"0.36","190","Garrulus glandarius","0","0","1","0"
"0.36","190","Gyps fulvus","0","0","1","0"
"0.36","190","Columba livia","0","0","1","0"
"0.36","190","Chloris chloris","0","0","1","0"
"0.36","190","Motacilla alba","0","0","1","0"
"0.36","190","Falco tinnunculus","0","0","1","0"
"0.36","190","Oriolus oriolus","0","0","1","0"
"0.36","190","Emberiza cirlus","0","0","1","0"
"0.36","190","Phylloscopus bonelli","0","0","1","0"
"0.36","190","Merops apiaster","0","0","1","0"
"0.36","190","Anas platyrhynchos","0","0","1","0"
"0.36","190","Troglodytes troglodytes","0","0","1","0"
"0.36","190","Larus michahellis","0","0","1","0"
"0.36","190","Periparus ater","0","0","1","0"
"0.36","190","Sturnus vulgaris","0","0","1","0"
"0.36","190","Buteo buteo","0","0","1","0"
"0.36","190","Linaria cannabina","0","0","1","0"
"0.36","190","Upupa epops","0","0","1","0"
"0.36","190","Hippolais polyglotta","0","0","1","0"
"0.36","190","Emberiza calandra","0","0","1","0"
"0.36","190","Ardea cinerea","0","0","1","0"
"0.36","190","Ptyonoprogne rupestris","0","0","1","0"
"0.36","190","Dendrocopos major","0","0","1","0"
"0.36","190","Streptopelia turtur","0","0","1","0"
"0.36","190","Curruca melanocephala","0","0","1","0"
"0.36","190","Corvus corax","0","0","1","0"
"0.36","190","Saxicola rubicola","0","0","1","0"
"0.36","190","Aegithalos caudatus","0","0","1","0"
"0.36","190","Certhia brachydactyla","0","0","1","0"
"0.36","190","Cettia cetti","0","0","1","0"
"0.36","190","Regulus ignicapilla","0","0","1","0"
"0.36","190","Turdus viscivorus","0","0","1","0"
"0.36","190","Galerida cristata","0","0","1","0"
"0.36","190","Lophophanes cristatus","0","0","1","0"
"0.36","190","Fulica atra","0","0","1","0"
"0.36","190","Lullula arborea","0","0","1","0"
"0.36","190","Egretta garzetta","0","0","1","0"
"0.36","190","Sitta europaea","0","0","1","0"
"0.36","190","Pyrrhocorax pyrrhocorax","0","0","1","0"
"0.36","190","Gallinula chloropus","0","0","1","0"
"0.36","190","Petronia petronia","0","0","1","0"
"0.36","190","Corvus monedula","0","0","1","0"
"0.36","190","Picus viridis","0","0","1","0"
"0.36","190","Himantopus himantopus","0","0","1","0"
"0.36","190","Cisticola juncidis","0","0","1","0"
"0.36","190","Alauda arvensis","0","0","1","0"
"0.36","190","Phoenicurus phoenicurus","0","0","1","0"
"0.36","190","Curruca communis","0","0","1","0"
"0.36","190","Turdus philomelos","0","0","1","0"
"0.36","190","Phalacrocorax carbo","0","0","1","0"
"0.36","190","Oenanthe oenanthe","0","0","1","0"
"0.36","190","Circaetus gallicus","0","0","1","0"
"0.36","190","Carduelis citrinella","0","0","1","0"
"0.36","190","Hieraaetus pennatus","0","0","1","0"
"0.36","190","Sturnus unicolor","0","0","1","0"
"0.36","190","Phylloscopus collybita","0","0","1","0"
"0.36","190","Circus aeruginosus","0","0","1","0"
"0.36","190","Milvus milvus","0","0","1","0"
"0.36","190","Motacilla flava","0","0","1","0"
"0.36","190","Lanius senator","0","0","1","0"
"0.36","190","Picus sharpei","0","0","1","0"
"0.36","190","Acrocephalus arundinaceus","0","0","1","0"
"0.36","190","Acrocephalus scirpaceus","0","0","1","0"
"0.36","190","Bubulcus ibis","0","0","1","0"
"0.36","190","Muscicapa striata","0","0","1","0"
"0.36","190","Lanius collurio","0","0","1","0"
"0.36","190","Motacilla cinerea","0","0","1","0"
"0.36","190","Chroicocephalus ridibundus","0","0","1","0"
"0.36","190","Ciconia ciconia","0","0","1","0"
"0.36","190","Curruca iberiae","0","0","1","0"
"0.36","190","Alectoris rufa","0","0","1","0"
"0.36","190","Pernis apivorus","0","0","1","0"
"0.36","190","Emberiza cia","0","0","1","0"
"0.36","190","Passer montanus","0","0","1","0"
"0.36","190","Podiceps cristatus","0","0","1","0"
"0.36","190","Coturnix coturnix","0","0","1","0"
"0.36","190","Ardea purpurea","0","0","1","0"
"0.36","190","Anthus trivialis","0","0","1","0"
"0.36","190","Prunella modularis","0","0","1","0"
"0.36","190","Tachybaptus ruficollis","0","0","1","0"
"0.36","190","Charadrius dubius","0","0","1","0"
"0.36","190","Falco subbuteo","0","0","1","0"
"0.36","190","Tadorna tadorna","0","0","1","0"
"0.36","190","Apus melba","0","0","1","0"
"0.36","190","Sterna hirundo","0","0","1","0"
"0.36","190","Sylvia borin","0","0","1","0"
"0.36","190","Recurvirostra avosetta","0","0","1","0"
"0.36","190","Emberiza citrinella","0","0","1","0"
"0.36","190","Netta rufina","0","0","1","0"
"0.36","190","Anthus campestris","0","0","1","0"
"0.36","190","Riparia riparia","0","0","1","0"
"0.36","190","Circus pygargus","0","0","1","0"
"0.36","190","Aquila chrysaetos","0","0","1","0"
"0.36","190","Curruca undata","0","0","1","0"
"0.36","190","Cinclus cinclus","0","0","1","0"
"0.36","190","Actitis hypoleucos","0","0","1","0"
"0.36","190","Phasianus colchicus","0","0","1","0"
"0.36","190","Saxicola rubetra","0","0","1","0"
"0.36","190","Phoenicopterus roseus","0","0","1","0"
"0.36","190","Aythya ferina","0","0","1","0"
"0.36","190","Burhinus oedicnemus","0","0","1","0"
"0.36","190","Pyrrhula pyrrhula","0","0","1","0"
"0.36","190","Melanocorypha calandra","0","0","1","0"
"0.36","190","Nycticorax nycticorax","0","0","1","0"
"0.36","190","Passer italiae","0","0","1","0"
"0.36","190","Plegadis falcinellus","0","0","1","0"
"0.36","190","Mareca strepera","0","0","1","0"
"0.36","190","Accipiter nisus","0","0","1","0"
"0.36","190","Alcedo atthis","0","0","1","0"
"0.36","190","Poecile palustris","0","0","1","0"
"0.36","190","Coccothraustes coccothraustes","0","0","1","0"
"0.36","190","Sternula albifrons","0","0","1","0"
"0.36","190","Pyrrhocorax graculus","0","0","1","0"
"0.36","190","Ardea alba","0","0","1","0"
"0.36","190","Galerida theklae","0","0","1","0"
"0.36","190","Ichthyaetus melanocephalus","0","0","1","0"
"0.36","190","Psittacula krameri","0","0","1","0"
"0.36","190","Loxia curvirostra","0","0","1","0"
"0.36","190","Jynx torquilla","0","0","1","0"
"0.36","190","Anthus spinoletta","0","0","1","0"
"0.36","190","Columba oenas","0","0","1","0"
"0.36","190","Passer hispaniolensis","0","0","1","0"
"0.36","190","Tringa ochropus","0","0","1","0"
"0.36","190","Cecropis daurica","0","0","1","0"
"0.36","190","Tringa totanus","0","0","1","0"
"0.36","190","Corvus cornix","0","0","1","0"
"0.36","190","Chlidonias niger","0","0","1","0"
"0.36","190","Ardeola ralloides","0","0","1","0"
"0.36","190","Regulus regulus","0","0","1","0"
"0.36","190","Falco naumanni","0","0","1","0"
"0.36","190","Vanellus vanellus","0","0","1","0"
"0.36","190","Coracias garrulus","0","0","1","0"
"0.36","190","Emberiza schoeniclus","0","0","1","0"
"0.36","190","Athene noctua","0","0","1","0"
"0.36","190","Tringa glareola","0","0","1","0"
"0.36","190","Ichthyaetus audouinii","0","0","1","0"
"0.36","190","Rallus aquaticus","0","0","1","0"
"0.36","190","Podiceps nigricollis","0","0","1","0"
"0.36","190","Chlidonias hybrida","0","0","1","0"
"0.36","190","Spatula clypeata","0","0","1","0"
"0.36","190","Monticola solitarius","0","0","1","0"
"0.36","190","Charadrius alexandrinus","0","0","1","0"
"0.36","190","Platalea leucorodia","0","0","1","0"
"0.36","190","Strix aluco","0","0","1","0"
"0.36","190","Falco peregrinus","0","0","1","0"
"0.36","190","Hippolais icterina","0","0","1","0"
"0.36","190","Thalasseus sandvicensis","0","0","1","0"
"0.36","190","Otus scops","0","0","1","0"
"0.36","190","Dendrocoptes medius","0","0","1","0"
"0.36","190","Asio otus","0","0","1","0"
"0.36","191","Turdus merula","0","0","1","0"
"0.36","191","Apus apus","0","0","1","0"
"0.36","191","Hirundo rustica","0","0","1","0"
"0.36","191","Columba palumbus","0","0","1","0"
"0.36","191","Fringilla coelebs","0","0","1","0"
"0.36","191","Passer domesticus","0","0","1","0"
"0.36","191","Sylvia atricapilla","0","0","0","1"
"0.36","191","Pica pica","0","0","1","0"
"0.36","191","Carduelis carduelis","0","0","1","0"
"0.36","191","Streptopelia decaocto","0","0","1","0"
"0.36","191","Serinus serinus","0","0","1","0"
"0.36","191","Delichon urbicum","0","0","1","0"
"0.36","191","Parus major","0","0","1","0"
"0.36","191","Corvus corone","0","0","1","0"
"0.36","191","Milvus migrans","0","0","1","0"
"0.36","191","Phoenicurus ochruros","0","0","1","0"
"0.36","191","Garrulus glandarius","0","0","1","0"
"0.36","191","Luscinia megarhynchos","0","0","1","0"
"0.36","191","Gyps fulvus","0","0","1","0"
"0.36","191","Erithacus rubecula","0","0","1","0"
"0.36","191","Cyanistes caeruleus","0","0","1","0"
"0.36","191","Columba livia","0","0","1","0"
"0.36","191","Motacilla alba","0","0","1","0"
"0.36","191","Chloris chloris","0","0","1","0"
"0.36","191","Falco tinnunculus","0","0","1","0"
"0.36","191","Oriolus oriolus","0","0","1","0"
"0.36","191","Cuculus canorus","0","0","1","0"
"0.36","191","Emberiza cirlus","0","0","1","0"
"0.36","191","Phylloscopus bonelli","0","0","1","0"
"0.36","191","Merops apiaster","0","0","1","0"
"0.36","191","Troglodytes troglodytes","0","0","1","0"
"0.36","191","Periparus ater","0","0","1","0"
"0.36","191","Larus michahellis","0","0","1","0"
"0.36","191","Buteo buteo","0","0","1","0"
"0.36","191","Anas platyrhynchos","0","0","1","0"
"0.36","191","Sturnus vulgaris","0","0","1","0"
"0.36","191","Linaria cannabina","0","0","1","0"
"0.36","191","Upupa epops","0","0","1","0"
"0.36","191","Hippolais polyglotta","0","0","1","0"
"0.36","191","Ptyonoprogne rupestris","0","0","1","0"
"0.36","191","Streptopelia turtur","0","0","1","0"
"0.36","191","Dendrocopos major","0","0","1","0"
"0.36","191","Ardea cinerea","0","0","1","0"
"0.36","191","Saxicola rubicola","0","0","0","1"
"0.36","191","Curruca melanocephala","0","0","1","0"
"0.36","191","Emberiza calandra","0","0","1","0"
"0.36","191","Corvus corax","0","0","1","0"
"0.36","191","Certhia brachydactyla","0","0","1","0"
"0.36","191","Aegithalos caudatus","0","0","1","0"
"0.36","191","Galerida cristata","0","0","1","0"
"0.36","191","Cettia cetti","0","0","1","0"
"0.36","191","Regulus ignicapilla","0","0","1","0"
"0.36","191","Turdus viscivorus","0","0","1","0"
"0.36","191","Lophophanes cristatus","0","0","0","1"
"0.36","191","Fulica atra","0","0","1","0"
"0.36","191","Lullula arborea","0","0","1","0"
"0.36","191","Sitta europaea","0","0","1","0"
"0.36","191","Egretta garzetta","0","0","1","0"
"0.36","191","Pyrrhocorax pyrrhocorax","0","0","1","0"
"0.36","191","Petronia petronia","0","0","1","0"
"0.36","191","Picus viridis","0","0","1","0"
"0.36","191","Gallinula chloropus","0","0","1","0"
"0.36","191","Alauda arvensis","0","0","1","0"
"0.36","191","Corvus monedula","0","0","1","0"
"0.36","191","Himantopus himantopus","0","0","1","0"
"0.36","191","Cisticola juncidis","0","0","1","0"
"0.36","191","Turdus philomelos","0","0","0","1"
"0.36","191","Phoenicurus phoenicurus","0","0","1","0"
"0.36","191","Circaetus gallicus","0","0","1","0"
"0.36","191","Oenanthe oenanthe","0","0","1","0"
"0.36","191","Curruca communis","0","0","1","0"
"0.36","191","Carduelis citrinella","0","0","0","1"
"0.36","191","Phalacrocorax carbo","0","0","1","0"
"0.36","191","Hieraaetus pennatus","0","0","1","0"
"0.36","191","Lanius collurio","0","0","1","0"
"0.36","191","Sturnus unicolor","0","0","1","0"
"0.36","191","Phylloscopus collybita","0","0","1","0"
"0.36","191","Lanius senator","0","0","1","0"
"0.36","191","Acrocephalus scirpaceus","0","0","1","0"
"0.36","191","Picus sharpei","0","0","1","0"
"0.36","191","Bubulcus ibis","0","0","1","0"
"0.36","191","Milvus milvus","0","0","1","0"
"0.36","191","Chroicocephalus ridibundus","0","0","1","0"
"0.36","191","Circus aeruginosus","0","0","1","0"
"0.36","191","Acrocephalus arundinaceus","0","0","1","0"
"0.36","191","Muscicapa striata","0","0","1","0"
"0.36","191","Motacilla cinerea","0","0","1","0"
"0.36","191","Motacilla flava","0","0","1","0"
"0.36","191","Ciconia ciconia","0","0","1","0"
"0.36","191","Alectoris rufa","0","0","1","0"
"0.36","191","Curruca iberiae","0","0","1","0"
"0.36","191","Pernis apivorus","0","0","1","0"
"0.36","191","Emberiza cia","0","0","1","0"
"0.36","191","Passer montanus","0","0","1","0"
"0.36","191","Coturnix coturnix","0","0","1","0"
"0.36","191","Podiceps cristatus","0","0","1","0"
"0.36","191","Ardea purpurea","0","0","1","0"
"0.36","191","Prunella modularis","1","0","0","0"
"0.36","191","Anthus trivialis","1","0","0","0"
"0.36","191","Sterna hirundo","0","0","1","0"
"0.36","191","Tachybaptus ruficollis","0","0","1","0"
"0.36","191","Falco subbuteo","0","0","1","0"
"0.36","191","Charadrius dubius","0","0","1","0"
"0.36","191","Sylvia borin","0","0","1","0"
"0.36","191","Apus melba","0","0","1","0"
"0.36","191","Emberiza citrinella","0","0","1","0"
"0.36","191","Anthus campestris","0","0","1","0"
"0.36","191","Tadorna tadorna","0","0","1","0"
"0.36","191","Recurvirostra avosetta","0","0","1","0"
"0.36","191","Netta rufina","0","0","1","0"
"0.36","191","Aquila chrysaetos","0","0","1","0"
"0.36","191","Circus pygargus","0","0","1","0"
"0.36","191","Riparia riparia","0","0","1","0"
"0.36","191","Cinclus cinclus","0","0","1","0"
"0.36","191","Curruca undata","0","0","1","0"
"0.36","191","Burhinus oedicnemus","0","0","1","0"
"0.36","191","Aythya ferina","0","0","1","0"
"0.36","191","Phoenicopterus roseus","0","0","1","0"
"0.36","191","Actitis hypoleucos","0","0","1","0"
"0.36","191","Pyrrhula pyrrhula","0","0","1","0"
"0.36","191","Phasianus colchicus","0","0","1","0"
"0.36","191","Melanocorypha calandra","0","0","1","0"
"0.36","191","Nycticorax nycticorax","0","0","1","0"
"0.36","191","Alcedo atthis","0","0","1","0"
"0.36","191","Saxicola rubetra","0","0","1","0"
"0.36","191","Passer italiae","0","0","1","0"
"0.36","191","Sternula albifrons","0","0","1","0"
"0.36","191","Coccothraustes coccothraustes","0","0","1","0"
"0.36","191","Accipiter nisus","0","0","1","0"
"0.36","191","Plegadis falcinellus","0","0","1","0"
"0.36","191","Poecile palustris","0","0","1","0"
"0.36","191","Galerida theklae","0","0","1","0"
"0.36","191","Mareca strepera","0","0","1","0"
"0.36","191","Pyrrhocorax graculus","0","0","1","0"
"0.36","191","Ichthyaetus melanocephalus","0","0","1","0"
"0.36","191","Coracias garrulus","0","0","1","0"
"0.36","191","Anthus spinoletta","0","0","1","0"
"0.36","191","Loxia curvirostra","0","0","0","1"
"0.36","191","Columba oenas","0","0","1","0"
"0.36","191","Cecropis daurica","0","0","1","0"
"0.36","191","Corvus cornix","0","0","1","0"
"0.36","191","Passer hispaniolensis","0","0","1","0"
"0.36","191","Ardea alba","0","0","1","0"
"0.36","191","Tringa ochropus","0","0","1","0"
"0.36","191","Psittacula krameri","0","0","1","0"
"0.36","191","Vanellus vanellus","0","0","1","0"
"0.36","191","Tringa totanus","0","0","1","0"
"0.36","191","Chlidonias niger","0","0","1","0"
"0.36","191","Ardeola ralloides","0","0","1","0"
"0.36","191","Athene noctua","0","0","1","0"
"0.36","191","Falco naumanni","0","0","1","0"
"0.36","191","Emberiza schoeniclus","0","0","1","0"
"0.36","191","Regulus regulus","0","0","1","0"
"0.36","191","Jynx torquilla","0","0","1","0"
"0.36","191","Ichthyaetus audouinii","0","0","1","0"
"0.36","191","Rallus aquaticus","0","0","1","0"
"0.36","191","Platalea leucorodia","0","0","1","0"
"0.36","191","Charadrius alexandrinus","0","0","1","0"
"0.36","191","Chlidonias hybrida","0","0","1","0"
"0.36","191","Strix aluco","0","0","1","0"
"0.36","191","Monticola solitarius","0","0","1","0"
"0.36","191","Podiceps nigricollis","0","0","1","0"
"0.36","191","Hippolais icterina","0","0","1","0"
"0.36","191","Spatula clypeata","0","0","1","0"
"0.36","191","Otus scops","0","0","1","0"
"0.36","191","Dendrocoptes medius","0","0","1","0"
"0.36","191","Asio otus","0","0","1","0"
"0.36","192","Turdus merula","0","0","1","0"
"0.36","192","Apus apus","0","0","1","0"
"0.36","192","Hirundo rustica","0","0","1","0"
"0.36","192","Columba palumbus","0","0","1","0"
"0.36","192","Fringilla coelebs","0","0","0","1"
"0.36","192","Passer domesticus","0","0","1","0"
"0.36","192","Sylvia atricapilla","0","0","1","0"
"0.36","192","Pica pica","0","0","1","0"
"0.36","192","Carduelis carduelis","0","0","1","0"
"0.36","192","Streptopelia decaocto","0","0","1","0"
"0.36","192","Serinus serinus","0","0","1","0"
"0.36","192","Delichon urbicum","0","0","1","0"
"0.36","192","Parus major","0","0","1","0"
"0.36","192","Corvus corone","0","0","1","0"
"0.36","192","Milvus migrans","0","0","1","0"
"0.36","192","Phoenicurus ochruros","0","0","1","0"
"0.36","192","Garrulus glandarius","0","0","1","0"
"0.36","192","Luscinia megarhynchos","0","0","1","0"
"0.36","192","Gyps fulvus","0","0","1","0"
"0.36","192","Erithacus rubecula","0","0","1","0"
"0.36","192","Cyanistes caeruleus","0","0","1","0"
"0.36","192","Columba livia","0","0","1","0"
"0.36","192","Motacilla alba","0","0","1","0"
"0.36","192","Chloris chloris","0","0","1","0"
"0.36","192","Falco tinnunculus","0","0","1","0"
"0.36","192","Oriolus oriolus","0","0","1","0"
"0.36","192","Cuculus canorus","0","0","1","0"
"0.36","192","Emberiza cirlus","0","0","1","0"
"0.36","192","Phylloscopus bonelli","0","0","1","0"
"0.36","192","Merops apiaster","0","0","1","0"
"0.36","192","Troglodytes troglodytes","0","0","1","0"
"0.36","192","Periparus ater","0","0","0","1"
"0.36","192","Larus michahellis","0","0","1","0"
"0.36","192","Buteo buteo","0","0","1","0"
"0.36","192","Anas platyrhynchos","0","0","1","0"
"0.36","192","Sturnus vulgaris","0","0","1","0"
"0.36","192","Linaria cannabina","0","0","1","0"
"0.36","192","Upupa epops","0","0","1","0"
"0.36","192","Hippolais polyglotta","0","0","1","0"
"0.36","192","Ptyonoprogne rupestris","0","0","1","0"
"0.36","192","Streptopelia turtur","0","0","1","0"
"0.36","192","Dendrocopos major","0","0","1","0"
"0.36","192","Ardea cinerea","0","0","1","0"
"0.36","192","Saxicola rubicola","1","0","0","0"
"0.36","192","Curruca melanocephala","0","0","1","0"
"0.36","192","Emberiza calandra","0","0","1","0"
"0.36","192","Corvus corax","0","0","1","0"
"0.36","192","Certhia brachydactyla","0","0","1","0"
"0.36","192","Aegithalos caudatus","0","0","1","0"
"0.36","192","Galerida cristata","0","0","1","0"
"0.36","192","Cettia cetti","0","0","1","0"
"0.36","192","Regulus ignicapilla","0","0","1","0"
"0.36","192","Turdus viscivorus","0","0","1","0"
"0.36","192","Lophophanes cristatus","0","0","1","0"
"0.36","192","Fulica atra","0","0","1","0"
"0.36","192","Lullula arborea","0","0","1","0"
"0.36","192","Sitta europaea","0","0","1","0"
"0.36","192","Egretta garzetta","0","0","1","0"
"0.36","192","Pyrrhocorax pyrrhocorax","0","0","1","0"
"0.36","192","Petronia petronia","0","0","1","0"
"0.36","192","Picus viridis","0","0","1","0"
"0.36","192","Gallinula chloropus","0","0","1","0"
"0.36","192","Alauda arvensis","0","0","1","0"
"0.36","192","Corvus monedula","0","0","1","0"
"0.36","192","Himantopus himantopus","0","0","1","0"
"0.36","192","Cisticola juncidis","0","0","1","0"
"0.36","192","Turdus philomelos","0","0","1","0"
"0.36","192","Phoenicurus phoenicurus","0","0","1","0"
"0.36","192","Circaetus gallicus","0","0","1","0"
"0.36","192","Oenanthe oenanthe","0","0","1","0"
"0.36","192","Curruca communis","0","0","1","0"
"0.36","192","Carduelis citrinella","0","0","1","0"
"0.36","192","Phalacrocorax carbo","0","0","1","0"
"0.36","192","Hieraaetus pennatus","0","0","1","0"
"0.36","192","Lanius collurio","0","0","1","0"
"0.36","192","Sturnus unicolor","0","0","1","0"
"0.36","192","Phylloscopus collybita","0","0","1","0"
"0.36","192","Lanius senator","0","0","1","0"
"0.36","192","Acrocephalus scirpaceus","0","0","1","0"
"0.36","192","Picus sharpei","0","0","1","0"
"0.36","192","Bubulcus ibis","0","0","1","0"
"0.36","192","Milvus milvus","0","0","1","0"
"0.36","192","Chroicocephalus ridibundus","0","0","1","0"
"0.36","192","Circus aeruginosus","0","0","1","0"
"0.36","192","Acrocephalus arundinaceus","0","0","1","0"
"0.36","192","Muscicapa striata","0","0","1","0"
"0.36","192","Motacilla cinerea","0","0","1","0"
"0.36","192","Motacilla flava","0","0","1","0"
"0.36","192","Ciconia ciconia","0","0","1","0"
"0.36","192","Alectoris rufa","0","0","1","0"
"0.36","192","Curruca iberiae","0","0","1","0"
"0.36","192","Pernis apivorus","0","0","1","0"
"0.36","192","Emberiza cia","0","0","1","0"
"0.36","192","Passer montanus","0","0","1","0"
"0.36","192","Coturnix coturnix","0","0","1","0"
"0.36","192","Podiceps cristatus","0","0","1","0"
"0.36","192","Ardea purpurea","0","0","1","0"
"0.36","192","Prunella modularis","1","0","0","0"
"0.36","192","Anthus trivialis","0","0","1","0"
"0.36","192","Sterna hirundo","0","0","1","0"
"0.36","192","Tachybaptus ruficollis","0","0","1","0"
"0.36","192","Falco subbuteo","0","0","1","0"
"0.36","192","Charadrius dubius","0","0","1","0"
"0.36","192","Sylvia borin","0","0","1","0"
"0.36","192","Apus melba","0","0","1","0"
"0.36","192","Emberiza citrinella","0","0","1","0"
"0.36","192","Anthus campestris","0","0","1","0"
"0.36","192","Tadorna tadorna","0","0","1","0"
"0.36","192","Recurvirostra avosetta","0","0","1","0"
"0.36","192","Netta rufina","0","0","1","0"
"0.36","192","Aquila chrysaetos","0","0","1","0"
"0.36","192","Circus pygargus","0","0","1","0"
"0.36","192","Riparia riparia","0","0","1","0"
"0.36","192","Cinclus cinclus","0","0","1","0"
"0.36","192","Curruca undata","0","0","1","0"
"0.36","192","Burhinus oedicnemus","0","0","1","0"
"0.36","192","Aythya ferina","0","0","1","0"
"0.36","192","Phoenicopterus roseus","0","0","1","0"
"0.36","192","Actitis hypoleucos","0","0","1","0"
"0.36","192","Pyrrhula pyrrhula","0","0","1","0"
"0.36","192","Phasianus colchicus","0","0","1","0"
"0.36","192","Melanocorypha calandra","0","0","1","0"
"0.36","192","Nycticorax nycticorax","0","0","1","0"
"0.36","192","Alcedo atthis","0","0","1","0"
"0.36","192","Saxicola rubetra","0","0","1","0"
"0.36","192","Passer italiae","0","0","1","0"
"0.36","192","Sternula albifrons","0","0","1","0"
"0.36","192","Coccothraustes coccothraustes","0","0","1","0"
"0.36","192","Accipiter nisus","0","0","1","0"
"0.36","192","Plegadis falcinellus","0","0","1","0"
"0.36","192","Poecile palustris","0","0","1","0"
"0.36","192","Galerida theklae","0","0","1","0"
"0.36","192","Mareca strepera","0","0","1","0"
"0.36","192","Pyrrhocorax graculus","0","0","1","0"
"0.36","192","Ichthyaetus melanocephalus","0","0","1","0"
"0.36","192","Coracias garrulus","0","0","1","0"
"0.36","192","Anthus spinoletta","0","0","1","0"
"0.36","192","Loxia curvirostra","0","0","1","0"
"0.36","192","Columba oenas","0","0","1","0"
"0.36","192","Cecropis daurica","0","0","1","0"
"0.36","192","Corvus cornix","0","0","1","0"
"0.36","192","Passer hispaniolensis","0","0","1","0"
"0.36","192","Ardea alba","0","0","1","0"
"0.36","192","Tringa ochropus","0","0","1","0"
"0.36","192","Psittacula krameri","0","0","1","0"
"0.36","192","Vanellus vanellus","0","0","1","0"
"0.36","192","Tringa totanus","0","0","1","0"
"0.36","192","Chlidonias niger","0","0","1","0"
"0.36","192","Ardeola ralloides","0","0","1","0"
"0.36","192","Athene noctua","0","0","1","0"
"0.36","192","Falco naumanni","0","0","1","0"
"0.36","192","Emberiza schoeniclus","0","0","1","0"
"0.36","192","Regulus regulus","0","0","1","0"
"0.36","192","Jynx torquilla","0","0","1","0"
"0.36","192","Ichthyaetus audouinii","0","0","1","0"
"0.36","192","Rallus aquaticus","0","0","1","0"
"0.36","192","Platalea leucorodia","0","0","1","0"
"0.36","192","Charadrius alexandrinus","0","0","1","0"
"0.36","192","Chlidonias hybrida","0","0","1","0"
"0.36","192","Strix aluco","0","0","1","0"
"0.36","192","Monticola solitarius","0","0","1","0"
"0.36","192","Podiceps nigricollis","0","0","1","0"
"0.36","192","Hippolais icterina","0","0","1","0"
"0.36","192","Spatula clypeata","0","0","1","0"
"0.36","192","Otus scops","0","0","1","0"
"0.36","192","Dendrocoptes medius","0","0","1","0"
"0.36","192","Asio otus","0","0","1","0"
"0.36","193","Turdus merula","0","0","1","0"
"0.36","193","Apus apus","0","0","1","0"
"0.36","193","Hirundo rustica","0","0","1","0"
"0.36","193","Columba palumbus","0","0","1","0"
"0.36","193","Fringilla coelebs","0","0","1","0"
"0.36","193","Passer domesticus","0","0","1","0"
"0.36","193","Sylvia atricapilla","0","0","1","0"
"0.36","193","Pica pica","0","0","1","0"
"0.36","193","Carduelis carduelis","0","0","1","0"
"0.36","193","Streptopelia decaocto","0","0","1","0"
"0.36","193","Serinus serinus","0","0","1","0"
"0.36","193","Parus major","0","0","1","0"
"0.36","193","Delichon urbicum","0","0","1","0"
"0.36","193","Corvus corone","0","0","1","0"
"0.36","193","Milvus migrans","0","0","1","0"
"0.36","193","Luscinia megarhynchos","0","0","1","0"
"0.36","193","Phoenicurus ochruros","0","0","1","0"
"0.36","193","Cyanistes caeruleus","0","0","1","0"
"0.36","193","Cuculus canorus","0","0","1","0"
"0.36","193","Erithacus rubecula","0","0","1","0"
"0.36","193","Garrulus glandarius","0","0","1","0"
"0.36","193","Gyps fulvus","0","0","1","0"
"0.36","193","Columba livia","0","0","1","0"
"0.36","193","Chloris chloris","0","0","1","0"
"0.36","193","Motacilla alba","0","0","1","0"
"0.36","193","Falco tinnunculus","0","0","1","0"
"0.36","193","Oriolus oriolus","0","0","1","0"
"0.36","193","Emberiza cirlus","0","0","1","0"
"0.36","193","Phylloscopus bonelli","0","0","1","0"
"0.36","193","Merops apiaster","0","0","1","0"
"0.36","193","Anas platyrhynchos","0","0","1","0"
"0.36","193","Larus michahellis","0","0","1","0"
"0.36","193","Troglodytes troglodytes","0","0","1","0"
"0.36","193","Periparus ater","0","0","1","0"
"0.36","193","Buteo buteo","0","0","1","0"
"0.36","193","Sturnus vulgaris","0","0","1","0"
"0.36","193","Linaria cannabina","0","0","1","0"
"0.36","193","Upupa epops","0","0","1","0"
"0.36","193","Hippolais polyglotta","0","0","1","0"
"0.36","193","Emberiza calandra","0","0","1","0"
"0.36","193","Ardea cinerea","0","0","1","0"
"0.36","193","Curruca melanocephala","0","0","1","0"
"0.36","193","Ptyonoprogne rupestris","0","0","1","0"
"0.36","193","Streptopelia turtur","0","0","1","0"
"0.36","193","Dendrocopos major","0","0","1","0"
"0.36","193","Corvus corax","0","0","1","0"
"0.36","193","Saxicola rubicola","0","0","1","0"
"0.36","193","Aegithalos caudatus","0","0","1","0"
"0.36","193","Certhia brachydactyla","0","0","1","0"
"0.36","193","Cettia cetti","0","0","1","0"
"0.36","193","Regulus ignicapilla","0","0","1","0"
"0.36","193","Galerida cristata","0","0","1","0"
"0.36","193","Turdus viscivorus","0","0","1","0"
"0.36","193","Lophophanes cristatus","0","0","1","0"
"0.36","193","Fulica atra","0","0","1","0"
"0.36","193","Lullula arborea","0","0","1","0"
"0.36","193","Egretta garzetta","0","0","1","0"
"0.36","193","Sitta europaea","0","0","1","0"
"0.36","193","Pyrrhocorax pyrrhocorax","0","0","1","0"
"0.36","193","Gallinula chloropus","0","0","1","0"
"0.36","193","Petronia petronia","0","0","1","0"
"0.36","193","Corvus monedula","0","0","1","0"
"0.36","193","Himantopus himantopus","0","0","1","0"
"0.36","193","Picus viridis","0","0","1","0"
"0.36","193","Cisticola juncidis","0","0","1","0"
"0.36","193","Alauda arvensis","0","0","1","0"
"0.36","193","Phoenicurus phoenicurus","0","0","1","0"
"0.36","193","Curruca communis","0","0","1","0"
"0.36","193","Turdus philomelos","0","0","1","0"
"0.36","193","Phalacrocorax carbo","0","0","1","0"
"0.36","193","Oenanthe oenanthe","0","0","1","0"
"0.36","193","Circaetus gallicus","0","0","1","0"
"0.36","193","Carduelis citrinella","0","0","1","0"
"0.36","193","Hieraaetus pennatus","0","0","1","0"
"0.36","193","Sturnus unicolor","0","0","1","0"
"0.36","193","Circus aeruginosus","0","0","1","0"
"0.36","193","Phylloscopus collybita","0","0","1","0"
"0.36","193","Milvus milvus","0","0","1","0"
"0.36","193","Motacilla flava","0","0","1","0"
"0.36","193","Lanius senator","0","0","1","0"
"0.36","193","Picus sharpei","0","0","1","0"
"0.36","193","Acrocephalus arundinaceus","0","0","1","0"
"0.36","193","Acrocephalus scirpaceus","0","0","1","0"
"0.36","193","Bubulcus ibis","0","0","1","0"
"0.36","193","Muscicapa striata","0","0","1","0"
"0.36","193","Motacilla cinerea","0","0","1","0"
"0.36","193","Lanius collurio","0","0","1","0"
"0.36","193","Chroicocephalus ridibundus","0","0","1","0"
"0.36","193","Ciconia ciconia","0","0","1","0"
"0.36","193","Curruca iberiae","0","0","1","0"
"0.36","193","Alectoris rufa","0","0","1","0"
"0.36","193","Emberiza cia","0","0","1","0"
"0.36","193","Pernis apivorus","0","0","1","0"
"0.36","193","Passer montanus","0","0","1","0"
"0.36","193","Podiceps cristatus","0","0","1","0"
"0.36","193","Coturnix coturnix","0","0","1","0"
"0.36","193","Ardea purpurea","0","0","1","0"
"0.36","193","Anthus trivialis","0","0","1","0"
"0.36","193","Prunella modularis","0","0","1","0"
"0.36","193","Tachybaptus ruficollis","0","0","1","0"
"0.36","193","Charadrius dubius","0","0","1","0"
"0.36","193","Falco subbuteo","0","0","1","0"
"0.36","193","Tadorna tadorna","0","0","1","0"
"0.36","193","Apus melba","0","0","1","0"
"0.36","193","Sterna hirundo","0","0","1","0"
"0.36","193","Sylvia borin","0","0","1","0"
"0.36","193","Recurvirostra avosetta","0","0","1","0"
"0.36","193","Anthus campestris","0","0","1","0"
"0.36","193","Netta rufina","0","0","1","0"
"0.36","193","Emberiza citrinella","0","0","1","0"
"0.36","193","Riparia riparia","0","0","1","0"
"0.36","193","Circus pygargus","0","0","1","0"
"0.36","193","Aquila chrysaetos","0","0","1","0"
"0.36","193","Curruca undata","0","0","1","0"
"0.36","193","Cinclus cinclus","0","0","1","0"
"0.36","193","Actitis hypoleucos","0","0","1","0"
"0.36","193","Phasianus colchicus","0","0","1","0"
"0.36","193","Phoenicopterus roseus","0","0","1","0"
"0.36","193","Saxicola rubetra","0","0","1","0"
"0.36","193","Aythya ferina","0","0","1","0"
"0.36","193","Burhinus oedicnemus","0","0","1","0"
"0.36","193","Melanocorypha calandra","0","0","1","0"
"0.36","193","Pyrrhula pyrrhula","0","0","1","0"
"0.36","193","Nycticorax nycticorax","0","0","1","0"
"0.36","193","Passer italiae","0","0","1","0"
"0.36","193","Plegadis falcinellus","0","0","1","0"
"0.36","193","Mareca strepera","0","0","1","0"
"0.36","193","Accipiter nisus","0","0","1","0"
"0.36","193","Alcedo atthis","0","0","1","0"
"0.36","193","Coccothraustes coccothraustes","0","0","1","0"
"0.36","193","Poecile palustris","0","0","1","0"
"0.36","193","Sternula albifrons","0","0","1","0"
"0.36","193","Pyrrhocorax graculus","0","0","1","0"
"0.36","193","Galerida theklae","0","0","1","0"
"0.36","193","Ardea alba","0","0","1","0"
"0.36","193","Ichthyaetus melanocephalus","0","0","1","0"
"0.36","193","Psittacula krameri","0","0","1","0"
"0.36","193","Loxia curvirostra","0","0","1","0"
"0.36","193","Jynx torquilla","0","0","1","0"
"0.36","193","Columba oenas","0","0","1","0"
"0.36","193","Passer hispaniolensis","0","0","1","0"
"0.36","193","Anthus spinoletta","0","0","1","0"
"0.36","193","Cecropis daurica","0","0","1","0"
"0.36","193","Tringa ochropus","0","0","1","0"
"0.36","193","Tringa totanus","0","0","1","0"
"0.36","193","Corvus cornix","0","0","1","0"
"0.36","193","Chlidonias niger","0","0","1","0"
"0.36","193","Ardeola ralloides","0","0","1","0"
"0.36","193","Falco naumanni","0","0","1","0"
"0.36","193","Coracias garrulus","0","0","1","0"
"0.36","193","Regulus regulus","0","0","1","0"
"0.36","193","Vanellus vanellus","0","0","1","0"
"0.36","193","Emberiza schoeniclus","0","0","1","0"
"0.36","193","Athene noctua","0","0","1","0"
"0.36","193","Ichthyaetus audouinii","0","0","1","0"
"0.36","193","Tringa glareola","0","0","1","0"
"0.36","193","Rallus aquaticus","0","0","1","0"
"0.36","193","Podiceps nigricollis","0","0","1","0"
"0.36","193","Chlidonias hybrida","0","0","1","0"
"0.36","193","Spatula clypeata","0","0","1","0"
"0.36","193","Monticola solitarius","0","0","1","0"
"0.36","193","Charadrius alexandrinus","0","0","1","0"
"0.36","193","Platalea leucorodia","0","0","1","0"
"0.36","193","Strix aluco","0","0","1","0"
"0.36","193","Falco peregrinus","0","0","1","0"
"0.36","193","Hippolais icterina","0","0","1","0"
"0.36","193","Thalasseus sandvicensis","0","0","1","0"
"0.36","193","Otus scops","0","0","1","0"
"0.36","193","Dendrocoptes medius","0","0","1","0"
"0.36","193","Asio otus","0","0","1","0"
"0.36","194","Turdus merula","0","0","1","0"
"0.36","194","Apus apus","0","0","1","0"
"0.36","194","Hirundo rustica","0","0","1","0"
"0.36","194","Columba palumbus","0","0","1","0"
"0.36","194","Fringilla coelebs","1","0","0","0"
"0.36","194","Passer domesticus","0","0","1","0"
"0.36","194","Sylvia atricapilla","0","0","1","0"
"0.36","194","Pica pica","0","0","1","0"
"0.36","194","Carduelis carduelis","0","0","1","0"
"0.36","194","Streptopelia decaocto","0","0","1","0"
"0.36","194","Serinus serinus","0","0","1","0"
"0.36","194","Parus major","0","0","1","0"
"0.36","194","Delichon urbicum","0","0","1","0"
"0.36","194","Corvus corone","0","0","1","0"
"0.36","194","Milvus migrans","0","0","1","0"
"0.36","194","Luscinia megarhynchos","0","0","1","0"
"0.36","194","Phoenicurus ochruros","1","0","0","0"
"0.36","194","Cyanistes caeruleus","0","0","1","0"
"0.36","194","Cuculus canorus","0","0","1","0"
"0.36","194","Erithacus rubecula","0","0","1","0"
"0.36","194","Garrulus glandarius","0","0","1","0"
"0.36","194","Gyps fulvus","0","0","1","0"
"0.36","194","Columba livia","0","0","1","0"
"0.36","194","Chloris chloris","0","0","1","0"
"0.36","194","Motacilla alba","0","0","1","0"
"0.36","194","Falco tinnunculus","0","0","1","0"
"0.36","194","Oriolus oriolus","0","0","1","0"
"0.36","194","Emberiza cirlus","0","0","1","0"
"0.36","194","Phylloscopus bonelli","0","0","1","0"
"0.36","194","Merops apiaster","0","0","1","0"
"0.36","194","Anas platyrhynchos","0","0","1","0"
"0.36","194","Larus michahellis","0","0","1","0"
"0.36","194","Troglodytes troglodytes","0","0","1","0"
"0.36","194","Periparus ater","0","0","0","1"
"0.36","194","Buteo buteo","0","0","1","0"
"0.36","194","Sturnus vulgaris","0","0","1","0"
"0.36","194","Linaria cannabina","0","0","1","0"
"0.36","194","Upupa epops","0","0","1","0"
"0.36","194","Hippolais polyglotta","0","0","1","0"
"0.36","194","Emberiza calandra","0","0","1","0"
"0.36","194","Ardea cinerea","0","0","1","0"
"0.36","194","Curruca melanocephala","0","0","1","0"
"0.36","194","Ptyonoprogne rupestris","0","0","1","0"
"0.36","194","Streptopelia turtur","0","0","1","0"
"0.36","194","Dendrocopos major","0","0","1","0"
"0.36","194","Corvus corax","0","0","1","0"
"0.36","194","Saxicola rubicola","0","0","1","0"
"0.36","194","Aegithalos caudatus","0","0","1","0"
"0.36","194","Certhia brachydactyla","0","0","1","0"
"0.36","194","Cettia cetti","0","0","1","0"
"0.36","194","Regulus ignicapilla","0","0","1","0"
"0.36","194","Galerida cristata","0","0","1","0"
"0.36","194","Turdus viscivorus","0","0","1","0"
"0.36","194","Lophophanes cristatus","0","0","1","0"
"0.36","194","Fulica atra","0","0","1","0"
"0.36","194","Lullula arborea","0","0","1","0"
"0.36","194","Egretta garzetta","0","0","1","0"
"0.36","194","Sitta europaea","0","0","1","0"
"0.36","194","Pyrrhocorax pyrrhocorax","0","0","0","1"
"0.36","194","Gallinula chloropus","0","0","1","0"
"0.36","194","Petronia petronia","0","0","1","0"
"0.36","194","Corvus monedula","0","0","1","0"
"0.36","194","Himantopus himantopus","0","0","1","0"
"0.36","194","Picus viridis","0","0","1","0"
"0.36","194","Cisticola juncidis","0","0","1","0"
"0.36","194","Alauda arvensis","0","0","1","0"
"0.36","194","Phoenicurus phoenicurus","0","0","1","0"
"0.36","194","Curruca communis","0","1","0","0"
"0.36","194","Turdus philomelos","0","0","1","0"
"0.36","194","Phalacrocorax carbo","0","0","1","0"
"0.36","194","Oenanthe oenanthe","0","0","1","0"
"0.36","194","Circaetus gallicus","0","0","1","0"
"0.36","194","Carduelis citrinella","0","0","1","0"
"0.36","194","Hieraaetus pennatus","0","0","1","0"
"0.36","194","Sturnus unicolor","0","0","1","0"
"0.36","194","Circus aeruginosus","0","0","1","0"
"0.36","194","Phylloscopus collybita","0","0","1","0"
"0.36","194","Milvus milvus","0","0","1","0"
"0.36","194","Motacilla flava","0","0","1","0"
"0.36","194","Lanius senator","0","0","1","0"
"0.36","194","Picus sharpei","0","0","1","0"
"0.36","194","Acrocephalus arundinaceus","0","0","1","0"
"0.36","194","Acrocephalus scirpaceus","0","0","1","0"
"0.36","194","Bubulcus ibis","0","0","1","0"
"0.36","194","Muscicapa striata","0","0","1","0"
"0.36","194","Motacilla cinerea","0","0","1","0"
"0.36","194","Lanius collurio","0","0","1","0"
"0.36","194","Chroicocephalus ridibundus","0","0","1","0"
"0.36","194","Ciconia ciconia","0","0","1","0"
"0.36","194","Curruca iberiae","0","0","1","0"
"0.36","194","Alectoris rufa","0","0","1","0"
"0.36","194","Emberiza cia","0","0","1","0"
"0.36","194","Pernis apivorus","0","0","1","0"
"0.36","194","Passer montanus","0","0","1","0"
"0.36","194","Podiceps cristatus","0","0","1","0"
"0.36","194","Coturnix coturnix","0","0","1","0"
"0.36","194","Ardea purpurea","0","0","1","0"
"0.36","194","Anthus trivialis","0","0","1","0"
"0.36","194","Prunella modularis","0","0","1","0"
"0.36","194","Tachybaptus ruficollis","0","0","1","0"
"0.36","194","Charadrius dubius","0","0","1","0"
"0.36","194","Falco subbuteo","0","0","1","0"
"0.36","194","Tadorna tadorna","0","0","1","0"
"0.36","194","Apus melba","0","0","1","0"
"0.36","194","Sterna hirundo","0","0","1","0"
"0.36","194","Sylvia borin","0","0","1","0"
"0.36","194","Recurvirostra avosetta","0","0","1","0"
"0.36","194","Anthus campestris","0","0","1","0"
"0.36","194","Netta rufina","0","0","1","0"
"0.36","194","Emberiza citrinella","0","0","1","0"
"0.36","194","Riparia riparia","0","0","1","0"
"0.36","194","Circus pygargus","0","0","1","0"
"0.36","194","Aquila chrysaetos","0","0","1","0"
"0.36","194","Curruca undata","0","0","1","0"
"0.36","194","Cinclus cinclus","0","0","1","0"
"0.36","194","Actitis hypoleucos","0","0","1","0"
"0.36","194","Phasianus colchicus","0","0","1","0"
"0.36","194","Phoenicopterus roseus","0","0","1","0"
"0.36","194","Saxicola rubetra","0","0","1","0"
"0.36","194","Aythya ferina","0","0","1","0"
"0.36","194","Burhinus oedicnemus","0","0","1","0"
"0.36","194","Melanocorypha calandra","0","0","1","0"
"0.36","194","Pyrrhula pyrrhula","0","0","1","0"
"0.36","194","Nycticorax nycticorax","0","0","1","0"
"0.36","194","Passer italiae","0","0","1","0"
"0.36","194","Plegadis falcinellus","0","0","1","0"
"0.36","194","Mareca strepera","0","0","1","0"
"0.36","194","Accipiter nisus","0","0","1","0"
"0.36","194","Alcedo atthis","0","0","1","0"
"0.36","194","Coccothraustes coccothraustes","0","0","1","0"
"0.36","194","Poecile palustris","0","0","1","0"
"0.36","194","Sternula albifrons","0","0","1","0"
"0.36","194","Pyrrhocorax graculus","0","0","0","1"
"0.36","194","Galerida theklae","0","0","1","0"
"0.36","194","Ardea alba","0","0","1","0"
"0.36","194","Ichthyaetus melanocephalus","0","0","1","0"
"0.36","194","Psittacula krameri","0","0","1","0"
"0.36","194","Loxia curvirostra","0","0","1","0"
"0.36","194","Jynx torquilla","0","0","1","0"
"0.36","194","Columba oenas","0","0","1","0"
"0.36","194","Passer hispaniolensis","0","0","1","0"
"0.36","194","Anthus spinoletta","0","0","1","0"
"0.36","194","Cecropis daurica","0","0","1","0"
"0.36","194","Tringa ochropus","0","0","1","0"
"0.36","194","Tringa totanus","0","0","1","0"
"0.36","194","Corvus cornix","0","0","1","0"
"0.36","194","Chlidonias niger","0","0","1","0"
"0.36","194","Ardeola ralloides","0","0","1","0"
"0.36","194","Falco naumanni","0","0","1","0"
"0.36","194","Coracias garrulus","0","0","1","0"
"0.36","194","Regulus regulus","0","0","1","0"
"0.36","194","Vanellus vanellus","0","0","1","0"
"0.36","194","Emberiza schoeniclus","0","0","1","0"
"0.36","194","Athene noctua","0","0","1","0"
"0.36","194","Ichthyaetus audouinii","0","0","1","0"
"0.36","194","Tringa glareola","0","0","1","0"
"0.36","194","Rallus aquaticus","0","0","1","0"
"0.36","194","Podiceps nigricollis","0","0","1","0"
"0.36","194","Chlidonias hybrida","0","0","1","0"
"0.36","194","Spatula clypeata","0","0","1","0"
"0.36","194","Monticola solitarius","0","0","1","0"
"0.36","194","Charadrius alexandrinus","0","0","1","0"
"0.36","194","Platalea leucorodia","0","0","1","0"
"0.36","194","Strix aluco","0","0","1","0"
"0.36","194","Falco peregrinus","0","0","1","0"
"0.36","194","Hippolais icterina","0","0","1","0"
"0.36","194","Thalasseus sandvicensis","0","0","1","0"
"0.36","194","Otus scops","0","0","1","0"
"0.36","194","Dendrocoptes medius","0","0","1","0"
"0.36","194","Asio otus","0","0","1","0"
"0.36","195","Turdus merula","0","0","1","0"
"0.36","195","Apus apus","0","0","1","0"
"0.36","195","Hirundo rustica","0","0","1","0"
"0.36","195","Columba palumbus","0","0","1","0"
"0.36","195","Fringilla coelebs","0","0","0","1"
"0.36","195","Passer domesticus","0","0","1","0"
"0.36","195","Sylvia atricapilla","0","0","0","1"
"0.36","195","Pica pica","0","0","1","0"
"0.36","195","Carduelis carduelis","0","0","1","0"
"0.36","195","Streptopelia decaocto","0","0","1","0"
"0.36","195","Serinus serinus","0","0","1","0"
"0.36","195","Parus major","0","0","1","0"
"0.36","195","Delichon urbicum","0","0","1","0"
"0.36","195","Corvus corone","0","0","1","0"
"0.36","195","Milvus migrans","0","0","1","0"
"0.36","195","Luscinia megarhynchos","0","0","1","0"
"0.36","195","Phoenicurus ochruros","1","0","0","0"
"0.36","195","Cyanistes caeruleus","0","0","1","0"
"0.36","195","Cuculus canorus","0","0","1","0"
"0.36","195","Erithacus rubecula","0","0","1","0"
"0.36","195","Garrulus glandarius","0","0","1","0"
"0.36","195","Gyps fulvus","0","0","1","0"
"0.36","195","Columba livia","0","0","1","0"
"0.36","195","Chloris chloris","0","0","1","0"
"0.36","195","Motacilla alba","0","0","1","0"
"0.36","195","Falco tinnunculus","0","0","1","0"
"0.36","195","Oriolus oriolus","0","0","1","0"
"0.36","195","Emberiza cirlus","0","0","1","0"
"0.36","195","Phylloscopus bonelli","0","0","1","0"
"0.36","195","Merops apiaster","0","0","1","0"
"0.36","195","Anas platyrhynchos","0","0","1","0"
"0.36","195","Larus michahellis","0","0","1","0"
"0.36","195","Troglodytes troglodytes","0","0","1","0"
"0.36","195","Periparus ater","0","0","1","0"
"0.36","195","Buteo buteo","0","0","1","0"
"0.36","195","Sturnus vulgaris","0","0","1","0"
"0.36","195","Linaria cannabina","0","0","1","0"
"0.36","195","Upupa epops","0","0","1","0"
"0.36","195","Hippolais polyglotta","0","0","1","0"
"0.36","195","Emberiza calandra","0","0","1","0"
"0.36","195","Ardea cinerea","0","0","1","0"
"0.36","195","Curruca melanocephala","0","0","1","0"
"0.36","195","Ptyonoprogne rupestris","0","0","1","0"
"0.36","195","Streptopelia turtur","0","0","1","0"
"0.36","195","Dendrocopos major","0","0","1","0"
"0.36","195","Corvus corax","0","0","1","0"
"0.36","195","Saxicola rubicola","0","0","1","0"
"0.36","195","Aegithalos caudatus","0","0","1","0"
"0.36","195","Certhia brachydactyla","0","0","1","0"
"0.36","195","Cettia cetti","0","0","1","0"
"0.36","195","Regulus ignicapilla","0","0","1","0"
"0.36","195","Galerida cristata","0","0","1","0"
"0.36","195","Turdus viscivorus","0","0","1","0"
"0.36","195","Lophophanes cristatus","0","0","1","0"
"0.36","195","Fulica atra","0","0","1","0"
"0.36","195","Lullula arborea","0","0","1","0"
"0.36","195","Egretta garzetta","0","0","1","0"
"0.36","195","Sitta europaea","0","0","1","0"
"0.36","195","Pyrrhocorax pyrrhocorax","0","0","1","0"
"0.36","195","Gallinula chloropus","0","0","1","0"
"0.36","195","Petronia petronia","0","0","1","0"
"0.36","195","Corvus monedula","0","0","1","0"
"0.36","195","Himantopus himantopus","0","0","1","0"
"0.36","195","Picus viridis","0","0","1","0"
"0.36","195","Cisticola juncidis","0","0","1","0"
"0.36","195","Alauda arvensis","0","0","1","0"
"0.36","195","Phoenicurus phoenicurus","0","0","1","0"
"0.36","195","Curruca communis","0","0","1","0"
"0.36","195","Turdus philomelos","0","0","1","0"
"0.36","195","Phalacrocorax carbo","0","0","1","0"
"0.36","195","Oenanthe oenanthe","0","0","1","0"
"0.36","195","Circaetus gallicus","0","0","1","0"
"0.36","195","Carduelis citrinella","0","0","1","0"
"0.36","195","Hieraaetus pennatus","0","0","1","0"
"0.36","195","Sturnus unicolor","0","0","1","0"
"0.36","195","Circus aeruginosus","0","0","1","0"
"0.36","195","Phylloscopus collybita","0","0","1","0"
"0.36","195","Milvus milvus","0","0","1","0"
"0.36","195","Motacilla flava","0","0","1","0"
"0.36","195","Lanius senator","0","0","1","0"
"0.36","195","Picus sharpei","0","0","1","0"
"0.36","195","Acrocephalus arundinaceus","0","0","1","0"
"0.36","195","Acrocephalus scirpaceus","0","0","1","0"
"0.36","195","Bubulcus ibis","0","0","1","0"
"0.36","195","Muscicapa striata","0","0","1","0"
"0.36","195","Motacilla cinerea","0","0","1","0"
"0.36","195","Lanius collurio","0","0","1","0"
"0.36","195","Chroicocephalus ridibundus","0","0","1","0"
"0.36","195","Ciconia ciconia","0","0","1","0"
"0.36","195","Curruca iberiae","0","0","1","0"
"0.36","195","Alectoris rufa","0","0","1","0"
"0.36","195","Emberiza cia","0","0","1","0"
"0.36","195","Pernis apivorus","0","0","1","0"
"0.36","195","Passer montanus","0","0","1","0"
"0.36","195","Podiceps cristatus","0","0","1","0"
"0.36","195","Coturnix coturnix","0","0","1","0"
"0.36","195","Ardea purpurea","0","0","1","0"
"0.36","195","Anthus trivialis","0","0","1","0"
"0.36","195","Prunella modularis","0","0","1","0"
"0.36","195","Tachybaptus ruficollis","0","0","1","0"
"0.36","195","Charadrius dubius","0","0","1","0"
"0.36","195","Falco subbuteo","0","0","1","0"
"0.36","195","Tadorna tadorna","0","0","1","0"
"0.36","195","Apus melba","0","0","1","0"
"0.36","195","Sterna hirundo","0","0","1","0"
"0.36","195","Sylvia borin","0","0","1","0"
"0.36","195","Recurvirostra avosetta","0","0","1","0"
"0.36","195","Anthus campestris","0","0","1","0"
"0.36","195","Netta rufina","0","0","1","0"
"0.36","195","Emberiza citrinella","0","0","1","0"
"0.36","195","Riparia riparia","0","0","1","0"
"0.36","195","Circus pygargus","0","0","1","0"
"0.36","195","Aquila chrysaetos","0","0","1","0"
"0.36","195","Curruca undata","0","0","1","0"
"0.36","195","Cinclus cinclus","0","0","1","0"
"0.36","195","Actitis hypoleucos","0","0","1","0"
"0.36","195","Phasianus colchicus","0","0","1","0"
"0.36","195","Phoenicopterus roseus","0","0","1","0"
"0.36","195","Saxicola rubetra","0","0","1","0"
"0.36","195","Aythya ferina","0","0","1","0"
"0.36","195","Burhinus oedicnemus","0","0","1","0"
"0.36","195","Melanocorypha calandra","0","0","1","0"
"0.36","195","Pyrrhula pyrrhula","0","0","1","0"
"0.36","195","Nycticorax nycticorax","0","0","1","0"
"0.36","195","Passer italiae","0","0","1","0"
"0.36","195","Plegadis falcinellus","0","0","1","0"
"0.36","195","Mareca strepera","0","0","1","0"
"0.36","195","Accipiter nisus","0","0","1","0"
"0.36","195","Alcedo atthis","0","0","1","0"
"0.36","195","Coccothraustes coccothraustes","0","0","1","0"
"0.36","195","Poecile palustris","0","0","1","0"
"0.36","195","Sternula albifrons","0","0","1","0"
"0.36","195","Pyrrhocorax graculus","0","0","1","0"
"0.36","195","Galerida theklae","0","0","1","0"
"0.36","195","Ardea alba","0","0","1","0"
"0.36","195","Ichthyaetus melanocephalus","0","0","1","0"
"0.36","195","Psittacula krameri","0","0","1","0"
"0.36","195","Loxia curvirostra","0","0","1","0"
"0.36","195","Jynx torquilla","0","0","1","0"
"0.36","195","Columba oenas","0","0","1","0"
"0.36","195","Passer hispaniolensis","0","0","1","0"
"0.36","195","Anthus spinoletta","0","0","1","0"
"0.36","195","Cecropis daurica","0","0","1","0"
"0.36","195","Tringa ochropus","0","0","1","0"
"0.36","195","Tringa totanus","0","0","1","0"
"0.36","195","Corvus cornix","0","0","1","0"
"0.36","195","Chlidonias niger","0","0","1","0"
"0.36","195","Ardeola ralloides","0","0","1","0"
"0.36","195","Falco naumanni","0","0","1","0"
"0.36","195","Coracias garrulus","0","0","1","0"
"0.36","195","Regulus regulus","0","0","1","0"
"0.36","195","Vanellus vanellus","0","0","1","0"
"0.36","195","Emberiza schoeniclus","0","0","1","0"
"0.36","195","Athene noctua","0","0","1","0"
"0.36","195","Ichthyaetus audouinii","0","0","1","0"
"0.36","195","Tringa glareola","0","0","1","0"
"0.36","195","Rallus aquaticus","0","0","1","0"
"0.36","195","Podiceps nigricollis","0","0","1","0"
"0.36","195","Chlidonias hybrida","0","0","1","0"
"0.36","195","Spatula clypeata","0","0","1","0"
"0.36","195","Monticola solitarius","0","0","1","0"
"0.36","195","Charadrius alexandrinus","0","0","1","0"
"0.36","195","Platalea leucorodia","0","0","1","0"
"0.36","195","Strix aluco","0","0","1","0"
"0.36","195","Falco peregrinus","0","0","1","0"
"0.36","195","Hippolais icterina","0","0","1","0"
"0.36","195","Thalasseus sandvicensis","0","0","1","0"
"0.36","195","Otus scops","0","0","1","0"
"0.36","195","Dendrocoptes medius","0","0","1","0"
"0.36","195","Asio otus","0","0","1","0"
"0.36","196","Turdus merula","0","0","1","0"
"0.36","196","Apus apus","0","0","1","0"
"0.36","196","Columba palumbus","0","0","1","0"
"0.36","196","Passer domesticus","0","0","1","0"
"0.36","196","Hirundo rustica","0","0","1","0"
"0.36","196","Fringilla coelebs","0","0","1","0"
"0.36","196","Carduelis carduelis","0","0","1","0"
"0.36","196","Delichon urbicum","0","0","1","0"
"0.36","196","Corvus corone","0","0","1","0"
"0.36","196","Pica pica","0","0","1","0"
"0.36","196","Streptopelia decaocto","0","0","1","0"
"0.36","196","Sylvia atricapilla","0","0","1","0"
"0.36","196","Parus major","0","0","1","0"
"0.36","196","Phoenicurus ochruros","0","0","1","0"
"0.36","196","Serinus serinus","0","0","1","0"
"0.36","196","Gyps fulvus","0","0","1","0"
"0.36","196","Milvus migrans","0","0","1","0"
"0.36","196","Motacilla alba","0","0","1","0"
"0.36","196","Garrulus glandarius","0","0","1","0"
"0.36","196","Erithacus rubecula","0","0","1","0"
"0.36","196","Cyanistes caeruleus","0","0","1","0"
"0.36","196","Columba livia","0","0","1","0"
"0.36","196","Falco tinnunculus","0","0","1","0"
"0.36","196","Chloris chloris","0","0","1","0"
"0.36","196","Buteo buteo","0","0","1","0"
"0.36","196","Emberiza cirlus","0","0","1","0"
"0.36","196","Oriolus oriolus","0","0","1","0"
"0.36","196","Periparus ater","0","0","1","0"
"0.36","196","Linaria cannabina","0","0","1","0"
"0.36","196","Merops apiaster","0","0","1","0"
"0.36","196","Troglodytes troglodytes","0","0","1","0"
"0.36","196","Ptyonoprogne rupestris","0","0","1","0"
"0.36","196","Larus michahellis","0","0","1","0"
"0.36","196","Anas platyrhynchos","0","0","1","0"
"0.36","196","Phylloscopus bonelli","0","0","1","0"
"0.36","196","Dendrocopos major","0","0","1","0"
"0.36","196","Ardea cinerea","0","0","1","0"
"0.36","196","Certhia brachydactyla","0","0","1","0"
"0.36","196","Sturnus vulgaris","0","0","1","0"
"0.36","196","Saxicola rubicola","0","0","1","0"
"0.36","196","Streptopelia turtur","0","0","1","0"
"0.36","196","Upupa epops","0","0","1","0"
"0.36","196","Corvus corax","0","0","1","0"
"0.36","196","Aegithalos caudatus","0","0","1","0"
"0.36","196","Hippolais polyglotta","0","0","1","0"
"0.36","196","Lophophanes cristatus","0","0","1","0"
"0.36","196","Sitta europaea","0","0","1","0"
"0.36","196","Luscinia megarhynchos","0","0","1","0"
"0.36","196","Galerida cristata","0","0","1","0"
"0.36","196","Picus viridis","0","0","1","0"
"0.36","196","Turdus viscivorus","0","0","1","0"
"0.36","196","Fulica atra","0","0","1","0"
"0.36","196","Regulus ignicapilla","0","0","1","0"
"0.36","196","Curruca melanocephala","0","0","1","0"
"0.36","196","Chroicocephalus ridibundus","0","0","1","0"
"0.36","196","Egretta garzetta","0","0","1","0"
"0.36","196","Circaetus gallicus","0","0","1","0"
"0.36","196","Gallinula chloropus","0","0","1","0"
"0.36","196","Hieraaetus pennatus","0","0","1","0"
"0.36","196","Pyrrhocorax pyrrhocorax","0","0","1","0"
"0.36","196","Phylloscopus collybita","0","0","1","0"
"0.36","196","Lanius collurio","0","0","1","0"
"0.36","196","Turdus philomelos","0","0","1","0"
"0.36","196","Lullula arborea","0","0","1","0"
"0.36","196","Cettia cetti","0","0","1","0"
"0.36","196","Cisticola juncidis","0","0","1","0"
"0.36","196","Phalacrocorax carbo","0","0","1","0"
"0.36","196","Emberiza calandra","0","0","1","0"
"0.36","196","Alauda arvensis","0","0","1","0"
"0.36","196","Petronia petronia","0","0","1","0"
"0.36","196","Oenanthe oenanthe","0","0","1","0"
"0.36","196","Lanius senator","0","0","1","0"
"0.36","196","Carduelis citrinella","0","0","1","0"
"0.36","196","Cuculus canorus","0","0","1","0"
"0.36","196","Motacilla cinerea","0","0","1","0"
"0.36","196","Milvus milvus","0","0","1","0"
"0.36","196","Bubulcus ibis","0","0","1","0"
"0.36","196","Picus sharpei","0","0","1","0"
"0.36","196","Muscicapa striata","0","0","1","0"
"0.36","196","Himantopus himantopus","0","0","1","0"
"0.36","196","Ciconia ciconia","0","0","1","0"
"0.36","196","Circus aeruginosus","0","0","1","0"
"0.36","196","Acrocephalus scirpaceus","0","0","1","0"
"0.36","196","Pernis apivorus","0","0","1","0"
"0.36","196","Coturnix coturnix","0","0","1","0"
"0.36","196","Sturnus unicolor","0","0","1","0"
"0.36","196","Alectoris rufa","0","0","1","0"
"0.36","196","Corvus monedula","0","0","1","0"
"0.36","196","Phoenicurus phoenicurus","0","0","1","0"
"0.36","196","Curruca communis","0","0","1","0"
"0.36","196","Curruca iberiae","0","0","1","0"
"0.36","196","Emberiza cia","0","0","1","0"
"0.36","196","Passer montanus","0","0","1","0"
"0.36","196","Motacilla flava","0","0","1","0"
"0.36","196","Prunella modularis","0","0","1","0"
"0.36","196","Sterna hirundo","0","0","1","0"
"0.36","196","Tachybaptus ruficollis","0","0","1","0"
"0.36","196","Podiceps cristatus","0","0","1","0"
"0.36","196","Ardea purpurea","0","0","1","0"
"0.36","196","Charadrius dubius","0","0","1","0"
"0.36","196","Anthus trivialis","0","0","1","0"
"0.36","196","Alcedo atthis","0","0","1","0"
"0.36","196","Actitis hypoleucos","0","0","1","0"
"0.36","196","Emberiza citrinella","0","0","1","0"
"0.36","196","Curruca undata","0","0","1","0"
"0.36","196","Apus melba","0","0","1","0"
"0.36","196","Tringa ochropus","0","0","1","0"
"0.36","196","Anthus campestris","0","0","1","0"
"0.36","196","Recurvirostra avosetta","0","0","1","0"
"0.36","196","Falco subbuteo","0","0","1","0"
"0.36","196","Cinclus cinclus","0","0","1","0"
"0.36","196","Riparia riparia","0","0","1","0"
"0.36","196","Sylvia borin","0","0","1","0"
"0.36","196","Acrocephalus arundinaceus","0","0","1","0"
"0.36","196","Aquila chrysaetos","0","0","1","0"
"0.36","196","Tadorna tadorna","0","0","1","0"
"0.36","196","Vanellus vanellus","0","0","1","0"
"0.36","196","Circus pygargus","0","0","1","0"
"0.36","196","Anthus spinoletta","0","0","1","0"
"0.36","196","Netta rufina","0","0","1","0"
"0.36","196","Aythya ferina","0","0","1","0"
"0.36","196","Galerida theklae","0","0","1","0"
"0.36","196","Pyrrhula pyrrhula","0","0","1","0"
"0.36","196","Accipiter nisus","0","0","1","0"
"0.36","196","Nycticorax nycticorax","0","0","1","0"
"0.36","196","Burhinus oedicnemus","0","0","1","0"
"0.36","196","Phoenicopterus roseus","0","0","1","0"
"0.36","196","Poecile palustris","0","0","1","0"
"0.36","196","Loxia curvirostra","0","0","1","0"
"0.36","196","Sternula albifrons","0","0","1","0"
"0.36","196","Ardea alba","0","0","1","0"
"0.36","196","Cecropis daurica","0","0","1","0"
"0.36","196","Coccothraustes coccothraustes","0","0","1","0"
"0.36","196","Plegadis falcinellus","0","0","1","0"
"0.36","196","Columba oenas","0","0","1","0"
"0.36","196","Pyrrhocorax graculus","0","0","1","0"
"0.36","196","Rallus aquaticus","0","0","1","0"
"0.36","196","Lanius meridionalis","0","0","1","0"
"0.36","196","Melanocorypha calandra","0","0","1","0"
"0.36","196","Coracias garrulus","0","0","1","0"
"0.36","196","Mareca strepera","0","0","1","0"
"0.36","196","Athene noctua","0","0","1","0"
"0.36","196","Platalea leucorodia","0","0","1","0"
"0.36","196","Emberiza schoeniclus","0","0","1","0"
"0.36","196","Ichthyaetus melanocephalus","0","0","1","0"
"0.36","196","Tringa totanus","0","0","1","0"
"0.36","196","Ficedula hypoleuca","0","0","1","0"
"0.36","196","Saxicola rubetra","0","0","1","0"
"0.36","196","Chlidonias niger","0","0","1","0"
"0.36","196","Thalasseus sandvicensis","0","0","1","0"
"0.36","196","Strix aluco","0","0","1","0"
"0.36","196","Passer hispaniolensis","0","0","1","0"
"0.36","196","Falco naumanni","0","0","1","0"
"0.36","196","Spatula clypeata","0","0","1","0"
"0.36","196","Charadrius alexandrinus","0","0","1","0"
"0.36","196","Tyto alba","0","0","1","0"
"0.36","196","Regulus regulus","0","0","1","0"
"0.36","196","Podiceps nigricollis","0","0","1","0"
"0.36","196","Phasianus colchicus","0","0","1","0"
"0.36","196","Cygnus olor","0","0","1","0"
"0.36","196","Charadrius hiaticula","0","0","1","0"
"0.36","196","Limosa limosa","0","0","1","0"
"0.36","196","Psittacula krameri","0","0","1","0"
"0.36","196","Numenius arquata","0","0","1","0"
"0.36","196","Ardeola ralloides","0","0","1","0"
"0.36","196","Oenanthe hispanica","0","0","1","0"
"0.36","196","Monticola solitarius","0","0","1","0"
"0.36","196","Ixobrychus minutus","0","0","1","0"
"0.36","196","Spinus spinus","0","0","1","0"
"0.36","196","Chlidonias hybrida","0","0","1","0"
"0.36","196","Ichthyaetus audouinii","0","0","1","0"
"0.36","196","Larus fuscus","0","0","1","0"
"0.36","196","Phylloscopus trochilus","0","0","1","0"
"0.36","196","Porphyrio porphyrio","0","0","1","0"
"0.36","196","Tringa glareola","0","0","1","0"
"0.36","196","Otus scops","0","0","1","0"
"0.36","196","Jynx torquilla","0","0","1","0"
"0.36","196","Dendrocoptes medius","0","0","1","0"
"0.36","196","Asio otus","0","0","1","0"
"0.36","197","Turdus merula","0","0","1","0"
"0.36","197","Apus apus","0","0","1","0"
"0.36","197","Columba palumbus","0","0","1","0"
"0.36","197","Passer domesticus","0","0","1","0"
"0.36","197","Hirundo rustica","0","0","1","0"
"0.36","197","Fringilla coelebs","0","0","1","0"
"0.36","197","Carduelis carduelis","0","0","1","0"
"0.36","197","Delichon urbicum","0","0","1","0"
"0.36","197","Corvus corone","0","0","1","0"
"0.36","197","Pica pica","0","0","1","0"
"0.36","197","Streptopelia decaocto","0","0","1","0"
"0.36","197","Sylvia atricapilla","0","0","0","1"
"0.36","197","Parus major","0","0","1","0"
"0.36","197","Phoenicurus ochruros","0","0","1","0"
"0.36","197","Serinus serinus","0","0","1","0"
"0.36","197","Gyps fulvus","0","0","1","0"
"0.36","197","Milvus migrans","0","0","1","0"
"0.36","197","Motacilla alba","0","0","1","0"
"0.36","197","Garrulus glandarius","0","0","1","0"
"0.36","197","Erithacus rubecula","0","0","1","0"
"0.36","197","Cyanistes caeruleus","0","0","1","0"
"0.36","197","Columba livia","0","0","1","0"
"0.36","197","Falco tinnunculus","0","0","1","0"
"0.36","197","Chloris chloris","0","0","1","0"
"0.36","197","Buteo buteo","0","0","1","0"
"0.36","197","Emberiza cirlus","0","0","1","0"
"0.36","197","Oriolus oriolus","0","0","1","0"
"0.36","197","Periparus ater","0","0","1","0"
"0.36","197","Linaria cannabina","0","0","1","0"
"0.36","197","Merops apiaster","0","0","1","0"
"0.36","197","Troglodytes troglodytes","0","0","0","1"
"0.36","197","Ptyonoprogne rupestris","0","0","1","0"
"0.36","197","Larus michahellis","0","0","1","0"
"0.36","197","Anas platyrhynchos","0","0","1","0"
"0.36","197","Phylloscopus bonelli","0","0","1","0"
"0.36","197","Dendrocopos major","0","0","1","0"
"0.36","197","Ardea cinerea","0","0","1","0"
"0.36","197","Certhia brachydactyla","0","0","1","0"
"0.36","197","Sturnus vulgaris","0","0","1","0"
"0.36","197","Saxicola rubicola","0","0","1","0"
"0.36","197","Streptopelia turtur","0","0","1","0"
"0.36","197","Upupa epops","0","0","1","0"
"0.36","197","Corvus corax","0","0","1","0"
"0.36","197","Aegithalos caudatus","0","0","1","0"
"0.36","197","Hippolais polyglotta","0","0","1","0"
"0.36","197","Lophophanes cristatus","0","0","1","0"
"0.36","197","Sitta europaea","0","0","1","0"
"0.36","197","Luscinia megarhynchos","0","0","1","0"
"0.36","197","Galerida cristata","0","0","1","0"
"0.36","197","Picus viridis","0","0","1","0"
"0.36","197","Turdus viscivorus","0","0","1","0"
"0.36","197","Fulica atra","0","0","1","0"
"0.36","197","Regulus ignicapilla","0","0","1","0"
"0.36","197","Curruca melanocephala","0","0","1","0"
"0.36","197","Chroicocephalus ridibundus","0","0","1","0"
"0.36","197","Egretta garzetta","0","0","1","0"
"0.36","197","Circaetus gallicus","0","0","1","0"
"0.36","197","Gallinula chloropus","0","0","1","0"
"0.36","197","Hieraaetus pennatus","0","0","1","0"
"0.36","197","Pyrrhocorax pyrrhocorax","0","0","1","0"
"0.36","197","Phylloscopus collybita","0","0","1","0"
"0.36","197","Lanius collurio","0","0","1","0"
"0.36","197","Turdus philomelos","0","0","1","0"
"0.36","197","Lullula arborea","0","0","1","0"
"0.36","197","Cettia cetti","0","0","1","0"
"0.36","197","Cisticola juncidis","0","0","1","0"
"0.36","197","Phalacrocorax carbo","0","0","1","0"
"0.36","197","Emberiza calandra","0","0","1","0"
"0.36","197","Alauda arvensis","0","0","1","0"
"0.36","197","Petronia petronia","0","0","1","0"
"0.36","197","Oenanthe oenanthe","0","0","1","0"
"0.36","197","Lanius senator","0","0","1","0"
"0.36","197","Carduelis citrinella","0","0","1","0"
"0.36","197","Cuculus canorus","0","0","1","0"
"0.36","197","Motacilla cinerea","0","0","1","0"
"0.36","197","Milvus milvus","0","0","1","0"
"0.36","197","Bubulcus ibis","0","0","1","0"
"0.36","197","Picus sharpei","0","0","1","0"
"0.36","197","Muscicapa striata","0","0","1","0"
"0.36","197","Himantopus himantopus","0","0","1","0"
"0.36","197","Ciconia ciconia","0","0","1","0"
"0.36","197","Circus aeruginosus","0","0","1","0"
"0.36","197","Acrocephalus scirpaceus","0","0","1","0"
"0.36","197","Pernis apivorus","0","0","1","0"
"0.36","197","Coturnix coturnix","0","0","1","0"
"0.36","197","Sturnus unicolor","0","0","1","0"
"0.36","197","Alectoris rufa","0","0","1","0"
"0.36","197","Corvus monedula","0","0","1","0"
"0.36","197","Phoenicurus phoenicurus","0","0","1","0"
"0.36","197","Curruca communis","0","0","1","0"
"0.36","197","Curruca iberiae","0","0","1","0"
"0.36","197","Emberiza cia","0","0","0","1"
"0.36","197","Passer montanus","0","0","1","0"
"0.36","197","Motacilla flava","0","0","1","0"
"0.36","197","Prunella modularis","0","0","0","1"
"0.36","197","Sterna hirundo","0","0","1","0"
"0.36","197","Tachybaptus ruficollis","0","0","1","0"
"0.36","197","Podiceps cristatus","0","0","1","0"
"0.36","197","Ardea purpurea","0","0","1","0"
"0.36","197","Charadrius dubius","0","0","1","0"
"0.36","197","Anthus trivialis","0","0","1","0"
"0.36","197","Alcedo atthis","0","0","1","0"
"0.36","197","Actitis hypoleucos","0","0","1","0"
"0.36","197","Emberiza citrinella","0","0","1","0"
"0.36","197","Curruca undata","0","0","1","0"
"0.36","197","Apus melba","0","0","1","0"
"0.36","197","Tringa ochropus","0","0","1","0"
"0.36","197","Anthus campestris","0","0","1","0"
"0.36","197","Recurvirostra avosetta","0","0","1","0"
"0.36","197","Falco subbuteo","0","0","1","0"
"0.36","197","Cinclus cinclus","0","0","1","0"
"0.36","197","Riparia riparia","0","0","1","0"
"0.36","197","Sylvia borin","0","0","1","0"
"0.36","197","Acrocephalus arundinaceus","0","0","1","0"
"0.36","197","Aquila chrysaetos","0","0","1","0"
"0.36","197","Tadorna tadorna","0","0","1","0"
"0.36","197","Vanellus vanellus","0","0","1","0"
"0.36","197","Circus pygargus","0","0","1","0"
"0.36","197","Anthus spinoletta","1","0","0","0"
"0.36","197","Netta rufina","0","0","1","0"
"0.36","197","Aythya ferina","0","0","1","0"
"0.36","197","Galerida theklae","0","0","1","0"
"0.36","197","Pyrrhula pyrrhula","0","0","1","0"
"0.36","197","Accipiter nisus","0","0","1","0"
"0.36","197","Nycticorax nycticorax","0","0","1","0"
"0.36","197","Burhinus oedicnemus","0","0","1","0"
"0.36","197","Phoenicopterus roseus","0","0","1","0"
"0.36","197","Poecile palustris","0","0","1","0"
"0.36","197","Loxia curvirostra","0","0","1","0"
"0.36","197","Sternula albifrons","0","0","1","0"
"0.36","197","Ardea alba","0","0","1","0"
"0.36","197","Cecropis daurica","0","0","1","0"
"0.36","197","Coccothraustes coccothraustes","0","0","1","0"
"0.36","197","Plegadis falcinellus","0","0","1","0"
"0.36","197","Columba oenas","0","0","1","0"
"0.36","197","Pyrrhocorax graculus","0","0","1","0"
"0.36","197","Rallus aquaticus","0","0","1","0"
"0.36","197","Lanius meridionalis","0","0","1","0"
"0.36","197","Melanocorypha calandra","0","0","1","0"
"0.36","197","Coracias garrulus","0","0","1","0"
"0.36","197","Mareca strepera","0","0","1","0"
"0.36","197","Athene noctua","0","0","1","0"
"0.36","197","Platalea leucorodia","0","0","1","0"
"0.36","197","Emberiza schoeniclus","0","0","1","0"
"0.36","197","Ichthyaetus melanocephalus","0","0","1","0"
"0.36","197","Tringa totanus","0","0","1","0"
"0.36","197","Ficedula hypoleuca","0","0","1","0"
"0.36","197","Saxicola rubetra","0","0","1","0"
"0.36","197","Chlidonias niger","0","0","1","0"
"0.36","197","Thalasseus sandvicensis","0","0","1","0"
"0.36","197","Strix aluco","0","0","1","0"
"0.36","197","Passer hispaniolensis","0","0","1","0"
"0.36","197","Falco naumanni","0","0","1","0"
"0.36","197","Spatula clypeata","0","0","1","0"
"0.36","197","Charadrius alexandrinus","0","0","1","0"
"0.36","197","Tyto alba","0","0","1","0"
"0.36","197","Regulus regulus","0","0","1","0"
"0.36","197","Podiceps nigricollis","0","0","1","0"
"0.36","197","Phasianus colchicus","0","0","1","0"
"0.36","197","Cygnus olor","0","0","1","0"
"0.36","197","Charadrius hiaticula","0","0","1","0"
"0.36","197","Limosa limosa","0","0","1","0"
"0.36","197","Psittacula krameri","0","0","1","0"
"0.36","197","Numenius arquata","0","0","1","0"
"0.36","197","Ardeola ralloides","0","0","1","0"
"0.36","197","Oenanthe hispanica","0","0","1","0"
"0.36","197","Monticola solitarius","0","0","1","0"
"0.36","197","Ixobrychus minutus","0","0","1","0"
"0.36","197","Spinus spinus","0","0","1","0"
"0.36","197","Chlidonias hybrida","0","0","1","0"
"0.36","197","Ichthyaetus audouinii","0","0","1","0"
"0.36","197","Larus fuscus","0","0","1","0"
"0.36","197","Phylloscopus trochilus","0","0","1","0"
"0.36","197","Porphyrio porphyrio","0","0","1","0"
"0.36","197","Tringa glareola","0","0","1","0"
"0.36","197","Otus scops","0","0","1","0"
"0.36","197","Jynx torquilla","0","0","1","0"
"0.36","197","Dendrocoptes medius","0","0","1","0"
"0.36","197","Asio otus","0","0","1","0"
"0.36","197","Monticola saxatilis","0","0","0","1"
"0.36","198","Turdus merula","0","0","1","0"
"0.36","198","Apus apus","0","0","1","0"
"0.36","198","Columba palumbus","0","0","1","0"
"0.36","198","Passer domesticus","0","0","1","0"
"0.36","198","Hirundo rustica","0","0","1","0"
"0.36","198","Fringilla coelebs","0","0","1","0"
"0.36","198","Carduelis carduelis","0","0","1","0"
"0.36","198","Delichon urbicum","0","0","1","0"
"0.36","198","Corvus corone","0","0","1","0"
"0.36","198","Pica pica","0","0","1","0"
"0.36","198","Streptopelia decaocto","0","0","1","0"
"0.36","198","Sylvia atricapilla","0","0","1","0"
"0.36","198","Parus major","0","0","1","0"
"0.36","198","Phoenicurus ochruros","0","0","1","0"
"0.36","198","Serinus serinus","0","0","1","0"
"0.36","198","Gyps fulvus","0","0","1","0"
"0.36","198","Milvus migrans","0","0","1","0"
"0.36","198","Motacilla alba","0","0","1","0"
"0.36","198","Garrulus glandarius","0","0","1","0"
"0.36","198","Erithacus rubecula","0","0","1","0"
"0.36","198","Cyanistes caeruleus","0","0","1","0"
"0.36","198","Columba livia","0","0","1","0"
"0.36","198","Falco tinnunculus","0","0","1","0"
"0.36","198","Chloris chloris","0","0","1","0"
"0.36","198","Buteo buteo","0","0","1","0"
"0.36","198","Emberiza cirlus","0","0","1","0"
"0.36","198","Oriolus oriolus","0","0","1","0"
"0.36","198","Periparus ater","0","0","1","0"
"0.36","198","Linaria cannabina","0","0","1","0"
"0.36","198","Merops apiaster","0","0","1","0"
"0.36","198","Troglodytes troglodytes","0","0","1","0"
"0.36","198","Ptyonoprogne rupestris","0","0","1","0"
"0.36","198","Larus michahellis","0","0","1","0"
"0.36","198","Anas platyrhynchos","0","0","1","0"
"0.36","198","Phylloscopus bonelli","0","0","1","0"
"0.36","198","Dendrocopos major","0","0","1","0"
"0.36","198","Ardea cinerea","0","0","1","0"
"0.36","198","Certhia brachydactyla","0","0","1","0"
"0.36","198","Sturnus vulgaris","0","0","1","0"
"0.36","198","Saxicola rubicola","0","0","1","0"
"0.36","198","Streptopelia turtur","0","0","1","0"
"0.36","198","Upupa epops","0","0","1","0"
"0.36","198","Corvus corax","0","0","1","0"
"0.36","198","Aegithalos caudatus","0","0","1","0"
"0.36","198","Hippolais polyglotta","0","0","1","0"
"0.36","198","Lophophanes cristatus","0","0","1","0"
"0.36","198","Sitta europaea","0","0","1","0"
"0.36","198","Luscinia megarhynchos","0","0","1","0"
"0.36","198","Galerida cristata","0","0","1","0"
"0.36","198","Picus viridis","0","0","1","0"
"0.36","198","Turdus viscivorus","0","0","1","0"
"0.36","198","Fulica atra","0","0","1","0"
"0.36","198","Regulus ignicapilla","0","0","1","0"
"0.36","198","Curruca melanocephala","0","0","1","0"
"0.36","198","Chroicocephalus ridibundus","0","0","1","0"
"0.36","198","Egretta garzetta","0","0","1","0"
"0.36","198","Circaetus gallicus","0","0","1","0"
"0.36","198","Gallinula chloropus","0","0","1","0"
"0.36","198","Hieraaetus pennatus","0","0","1","0"
"0.36","198","Pyrrhocorax pyrrhocorax","0","0","1","0"
"0.36","198","Phylloscopus collybita","0","0","1","0"
"0.36","198","Lanius collurio","0","0","1","0"
"0.36","198","Turdus philomelos","0","0","1","0"
"0.36","198","Lullula arborea","0","0","1","0"
"0.36","198","Cettia cetti","0","0","1","0"
"0.36","198","Cisticola juncidis","0","0","1","0"
"0.36","198","Phalacrocorax carbo","0","0","1","0"
"0.36","198","Emberiza calandra","0","0","1","0"
"0.36","198","Alauda arvensis","0","0","1","0"
"0.36","198","Petronia petronia","0","0","1","0"
"0.36","198","Oenanthe oenanthe","0","0","1","0"
"0.36","198","Lanius senator","0","0","1","0"
"0.36","198","Carduelis citrinella","0","0","1","0"
"0.36","198","Cuculus canorus","0","0","1","0"
"0.36","198","Motacilla cinerea","0","0","1","0"
"0.36","198","Milvus milvus","0","0","1","0"
"0.36","198","Bubulcus ibis","0","0","1","0"
"0.36","198","Picus sharpei","0","0","1","0"
"0.36","198","Muscicapa striata","0","0","1","0"
"0.36","198","Himantopus himantopus","0","0","1","0"
"0.36","198","Ciconia ciconia","0","0","1","0"
"0.36","198","Circus aeruginosus","0","0","1","0"
"0.36","198","Acrocephalus scirpaceus","0","0","1","0"
"0.36","198","Pernis apivorus","0","0","1","0"
"0.36","198","Coturnix coturnix","0","0","1","0"
"0.36","198","Sturnus unicolor","0","0","1","0"
"0.36","198","Alectoris rufa","0","0","1","0"
"0.36","198","Corvus monedula","0","0","1","0"
"0.36","198","Phoenicurus phoenicurus","0","0","1","0"
"0.36","198","Curruca communis","0","0","1","0"
"0.36","198","Curruca iberiae","0","0","1","0"
"0.36","198","Emberiza cia","0","0","1","0"
"0.36","198","Passer montanus","0","0","1","0"
"0.36","198","Motacilla flava","0","0","1","0"
"0.36","198","Prunella modularis","0","0","1","0"
"0.36","198","Sterna hirundo","0","0","1","0"
"0.36","198","Tachybaptus ruficollis","0","0","1","0"
"0.36","198","Podiceps cristatus","0","0","1","0"
"0.36","198","Ardea purpurea","0","0","1","0"
"0.36","198","Charadrius dubius","0","0","1","0"
"0.36","198","Anthus trivialis","0","0","1","0"
"0.36","198","Alcedo atthis","0","0","1","0"
"0.36","198","Actitis hypoleucos","0","0","1","0"
"0.36","198","Emberiza citrinella","0","0","1","0"
"0.36","198","Curruca undata","0","0","1","0"
"0.36","198","Apus melba","0","0","1","0"
"0.36","198","Tringa ochropus","0","0","1","0"
"0.36","198","Anthus campestris","0","0","1","0"
"0.36","198","Recurvirostra avosetta","0","0","1","0"
"0.36","198","Falco subbuteo","0","0","1","0"
"0.36","198","Cinclus cinclus","0","0","1","0"
"0.36","198","Riparia riparia","0","0","1","0"
"0.36","198","Sylvia borin","0","0","1","0"
"0.36","198","Acrocephalus arundinaceus","0","0","1","0"
"0.36","198","Aquila chrysaetos","0","0","1","0"
"0.36","198","Tadorna tadorna","0","0","1","0"
"0.36","198","Vanellus vanellus","0","0","1","0"
"0.36","198","Circus pygargus","0","0","1","0"
"0.36","198","Anthus spinoletta","0","0","1","0"
"0.36","198","Netta rufina","0","0","1","0"
"0.36","198","Aythya ferina","0","0","1","0"
"0.36","198","Galerida theklae","0","0","1","0"
"0.36","198","Pyrrhula pyrrhula","0","0","1","0"
"0.36","198","Accipiter nisus","0","0","1","0"
"0.36","198","Nycticorax nycticorax","0","0","1","0"
"0.36","198","Burhinus oedicnemus","0","0","1","0"
"0.36","198","Phoenicopterus roseus","0","0","1","0"
"0.36","198","Poecile palustris","0","0","1","0"
"0.36","198","Loxia curvirostra","0","0","1","0"
"0.36","198","Sternula albifrons","0","0","1","0"
"0.36","198","Ardea alba","0","0","1","0"
"0.36","198","Cecropis daurica","0","0","1","0"
"0.36","198","Coccothraustes coccothraustes","0","0","1","0"
"0.36","198","Plegadis falcinellus","0","0","1","0"
"0.36","198","Columba oenas","0","0","1","0"
"0.36","198","Pyrrhocorax graculus","0","0","1","0"
"0.36","198","Rallus aquaticus","0","0","1","0"
"0.36","198","Lanius meridionalis","0","0","1","0"
"0.36","198","Melanocorypha calandra","0","0","1","0"
"0.36","198","Coracias garrulus","0","0","1","0"
"0.36","198","Mareca strepera","0","0","1","0"
"0.36","198","Athene noctua","0","0","1","0"
"0.36","198","Platalea leucorodia","0","0","1","0"
"0.36","198","Emberiza schoeniclus","0","0","1","0"
"0.36","198","Ichthyaetus melanocephalus","0","0","1","0"
"0.36","198","Tringa totanus","0","0","1","0"
"0.36","198","Ficedula hypoleuca","0","0","1","0"
"0.36","198","Saxicola rubetra","0","0","1","0"
"0.36","198","Chlidonias niger","0","0","1","0"
"0.36","198","Thalasseus sandvicensis","0","0","1","0"
"0.36","198","Strix aluco","0","0","1","0"
"0.36","198","Passer hispaniolensis","0","0","1","0"
"0.36","198","Falco naumanni","0","0","1","0"
"0.36","198","Spatula clypeata","0","0","1","0"
"0.36","198","Charadrius alexandrinus","0","0","1","0"
"0.36","198","Tyto alba","0","0","1","0"
"0.36","198","Regulus regulus","0","0","1","0"
"0.36","198","Podiceps nigricollis","0","0","1","0"
"0.36","198","Phasianus colchicus","0","0","1","0"
"0.36","198","Cygnus olor","0","0","1","0"
"0.36","198","Charadrius hiaticula","0","0","1","0"
"0.36","198","Limosa limosa","0","0","1","0"
"0.36","198","Psittacula krameri","0","0","1","0"
"0.36","198","Numenius arquata","0","0","1","0"
"0.36","198","Ardeola ralloides","0","0","1","0"
"0.36","198","Oenanthe hispanica","0","0","1","0"
"0.36","198","Monticola solitarius","0","0","1","0"
"0.36","198","Ixobrychus minutus","0","0","1","0"
"0.36","198","Spinus spinus","0","0","1","0"
"0.36","198","Chlidonias hybrida","0","0","1","0"
"0.36","198","Ichthyaetus audouinii","0","0","1","0"
"0.36","198","Larus fuscus","0","0","1","0"
"0.36","198","Phylloscopus trochilus","0","0","1","0"
"0.36","198","Porphyrio porphyrio","0","0","1","0"
"0.36","198","Tringa glareola","0","0","1","0"
"0.36","198","Otus scops","0","0","1","0"
"0.36","198","Jynx torquilla","0","0","1","0"
"0.36","198","Dendrocoptes medius","0","0","1","0"
"0.36","198","Asio otus","0","0","1","0"
"0.36","198","Monticola saxatilis","0","0","1","0"
"0.36","199","Turdus merula","0","0","1","0"
"0.36","199","Apus apus","0","0","1","0"
"0.36","199","Columba palumbus","0","0","1","0"
"0.36","199","Hirundo rustica","0","0","1","0"
"0.36","199","Passer domesticus","0","0","1","0"
"0.36","199","Fringilla coelebs","0","0","1","0"
"0.36","199","Carduelis carduelis","0","0","1","0"
"0.36","199","Sylvia atricapilla","0","0","1","0"
"0.36","199","Pica pica","0","0","1","0"
"0.36","199","Corvus corone","0","0","1","0"
"0.36","199","Delichon urbicum","0","0","1","0"
"0.36","199","Streptopelia decaocto","0","0","1","0"
"0.36","199","Serinus serinus","0","0","1","0"
"0.36","199","Parus major","0","0","1","0"
"0.36","199","Phoenicurus ochruros","0","0","1","0"
"0.36","199","Milvus migrans","0","0","1","0"
"0.36","199","Gyps fulvus","0","0","1","0"
"0.36","199","Motacilla alba","0","0","1","0"
"0.36","199","Erithacus rubecula","0","0","1","0"
"0.36","199","Garrulus glandarius","0","0","1","0"
"0.36","199","Cyanistes caeruleus","0","0","1","0"
"0.36","199","Columba livia","0","0","1","0"
"0.36","199","Chloris chloris","0","0","1","0"
"0.36","199","Falco tinnunculus","0","0","1","0"
"0.36","199","Emberiza cirlus","0","0","1","0"
"0.36","199","Oriolus oriolus","0","0","1","0"
"0.36","199","Buteo buteo","0","0","1","0"
"0.36","199","Troglodytes troglodytes","0","0","1","0"
"0.36","199","Linaria cannabina","0","0","1","0"
"0.36","199","Periparus ater","0","0","1","0"
"0.36","199","Merops apiaster","0","0","1","0"
"0.36","199","Phylloscopus bonelli","0","0","1","0"
"0.36","199","Ptyonoprogne rupestris","0","0","1","0"
"0.36","199","Larus michahellis","0","0","1","0"
"0.36","199","Luscinia megarhynchos","0","0","1","0"
"0.36","199","Anas platyrhynchos","0","0","1","0"
"0.36","199","Certhia brachydactyla","0","0","1","0"
"0.36","199","Dendrocopos major","0","0","1","0"
"0.36","199","Sturnus vulgaris","0","0","1","0"
"0.36","199","Ardea cinerea","0","0","1","0"
"0.36","199","Saxicola rubicola","0","0","1","0"
"0.36","199","Streptopelia turtur","0","0","1","0"
"0.36","199","Upupa epops","0","0","1","0"
"0.36","199","Hippolais polyglotta","0","0","1","0"
"0.36","199","Corvus corax","0","0","1","0"
"0.36","199","Aegithalos caudatus","0","0","1","0"
"0.36","199","Cuculus canorus","0","0","1","0"
"0.36","199","Galerida cristata","0","0","1","0"
"0.36","199","Lophophanes cristatus","0","0","1","0"
"0.36","199","Regulus ignicapilla","0","0","1","0"
"0.36","199","Turdus viscivorus","0","0","1","0"
"0.36","199","Sitta europaea","0","0","1","0"
"0.36","199","Curruca melanocephala","0","0","1","0"
"0.36","199","Emberiza calandra","0","0","1","0"
"0.36","199","Picus viridis","0","0","1","0"
"0.36","199","Lullula arborea","0","0","1","0"
"0.36","199","Turdus philomelos","0","0","1","0"
"0.36","199","Fulica atra","0","0","1","0"
"0.36","199","Pyrrhocorax pyrrhocorax","0","0","1","0"
"0.36","199","Alauda arvensis","0","0","1","0"
"0.36","199","Cettia cetti","0","0","1","0"
"0.36","199","Petronia petronia","0","0","1","0"
"0.36","199","Circaetus gallicus","0","0","1","0"
"0.36","199","Egretta garzetta","0","0","1","0"
"0.36","199","Hieraaetus pennatus","0","0","1","0"
"0.36","199","Cisticola juncidis","0","0","1","0"
"0.36","199","Lanius collurio","0","0","1","0"
"0.36","199","Phylloscopus collybita","0","0","1","0"
"0.36","199","Gallinula chloropus","0","0","1","0"
"0.36","199","Chroicocephalus ridibundus","0","0","1","0"
"0.36","199","Picus sharpei","0","0","1","0"
"0.36","199","Carduelis citrinella","0","0","1","0"
"0.36","199","Phalacrocorax carbo","0","0","1","0"
"0.36","199","Lanius senator","0","0","1","0"
"0.36","199","Oenanthe oenanthe","0","0","1","0"
"0.36","199","Milvus milvus","0","0","1","0"
"0.36","199","Motacilla cinerea","0","0","1","0"
"0.36","199","Sturnus unicolor","0","0","1","0"
"0.36","199","Ciconia ciconia","0","0","1","0"
"0.36","199","Himantopus himantopus","0","0","1","0"
"0.36","199","Bubulcus ibis","0","0","1","0"
"0.36","199","Alectoris rufa","0","0","1","0"
"0.36","199","Muscicapa striata","0","0","1","0"
"0.36","199","Acrocephalus scirpaceus","0","0","1","0"
"0.36","199","Circus aeruginosus","0","0","1","0"
"0.36","199","Curruca communis","0","0","1","0"
"0.36","199","Coturnix coturnix","0","0","1","0"
"0.36","199","Phoenicurus phoenicurus","0","0","1","0"
"0.36","199","Corvus monedula","0","0","1","0"
"0.36","199","Pernis apivorus","0","0","1","0"
"0.36","199","Curruca iberiae","0","0","1","0"
"0.36","199","Emberiza cia","0","0","1","0"
"0.36","199","Prunella modularis","0","0","1","0"
"0.36","199","Motacilla flava","0","0","1","0"
"0.36","199","Passer montanus","0","0","1","0"
"0.36","199","Sterna hirundo","0","0","1","0"
"0.36","199","Ardea purpurea","0","0","1","0"
"0.36","199","Podiceps cristatus","0","0","1","0"
"0.36","199","Tachybaptus ruficollis","0","0","1","0"
"0.36","199","Anthus trivialis","0","0","1","0"
"0.36","199","Charadrius dubius","0","0","1","0"
"0.36","199","Acrocephalus arundinaceus","0","0","1","0"
"0.36","199","Emberiza citrinella","0","0","1","0"
"0.36","199","Curruca undata","0","0","1","0"
"0.36","199","Apus melba","0","0","1","0"
"0.36","199","Anthus campestris","0","0","1","0"
"0.36","199","Galerida theklae","0","0","1","0"
"0.36","199","Recurvirostra avosetta","0","0","1","0"
"0.36","199","Sylvia borin","0","0","1","0"
"0.36","199","Falco subbuteo","0","0","1","0"
"0.36","199","Circus pygargus","0","0","1","0"
"0.36","199","Actitis hypoleucos","0","0","1","0"
"0.36","199","Alcedo atthis","0","0","1","0"
"0.36","199","Tadorna tadorna","0","0","1","0"
"0.36","199","Riparia riparia","0","0","1","0"
"0.36","199","Cinclus cinclus","0","0","1","0"
"0.36","199","Aquila chrysaetos","0","0","1","0"
"0.36","199","Netta rufina","0","0","1","0"
"0.36","199","Pyrrhula pyrrhula","0","0","1","0"
"0.36","199","Aythya ferina","0","0","1","0"
"0.36","199","Tringa ochropus","0","0","1","0"
"0.36","199","Burhinus oedicnemus","0","0","1","0"
"0.36","199","Vanellus vanellus","0","0","1","0"
"0.36","199","Anthus spinoletta","0","0","1","0"
"0.36","199","Sternula albifrons","0","0","1","0"
"0.36","199","Nycticorax nycticorax","0","0","1","0"
"0.36","199","Accipiter nisus","0","0","1","0"
"0.36","199","Phoenicopterus roseus","0","0","1","0"
"0.36","199","Coccothraustes coccothraustes","0","0","1","0"
"0.36","199","Loxia curvirostra","0","0","1","0"
"0.36","199","Melanocorypha calandra","0","0","1","0"
"0.36","199","Poecile palustris","0","0","1","0"
"0.36","199","Cecropis daurica","0","0","1","0"
"0.36","199","Lanius meridionalis","0","0","1","0"
"0.36","199","Coracias garrulus","0","0","1","0"
"0.36","199","Pyrrhocorax graculus","0","0","1","0"
"0.36","199","Plegadis falcinellus","0","0","1","0"
"0.36","199","Ardea alba","0","0","1","0"
"0.36","199","Mareca strepera","0","0","1","0"
"0.36","199","Athene noctua","0","0","1","0"
"0.36","199","Columba oenas","0","0","1","0"
"0.36","199","Emberiza schoeniclus","0","0","1","0"
"0.36","199","Rallus aquaticus","0","0","1","0"
"0.36","199","Ichthyaetus melanocephalus","0","0","1","0"
"0.36","199","Tringa totanus","0","0","1","0"
"0.36","199","Platalea leucorodia","0","0","1","0"
"0.36","199","Saxicola rubetra","0","0","1","0"
"0.36","199","Passer hispaniolensis","0","0","1","0"
"0.36","199","Falco naumanni","0","0","1","0"
"0.36","199","Phasianus colchicus","0","0","1","0"
"0.36","199","Strix aluco","0","0","1","0"
"0.36","199","Regulus regulus","0","0","1","0"
"0.36","199","Chlidonias niger","0","0","1","0"
"0.36","199","Charadrius alexandrinus","0","0","1","0"
"0.36","199","Thalasseus sandvicensis","0","0","1","0"
"0.36","199","Spatula clypeata","0","0","1","0"
"0.36","199","Tyto alba","0","0","1","0"
"0.36","199","Psittacula krameri","0","0","1","0"
"0.36","199","Podiceps nigricollis","0","0","1","0"
"0.36","199","Oenanthe hispanica","0","0","1","0"
"0.36","199","Ficedula hypoleuca","0","0","1","0"
"0.36","199","Ardeola ralloides","0","0","1","0"
"0.36","199","Monticola solitarius","0","0","1","0"
"0.36","199","Cygnus olor","0","0","1","0"
"0.36","199","Limosa limosa","0","0","1","0"
"0.36","199","Charadrius hiaticula","0","0","1","0"
"0.36","199","Chlidonias hybrida","0","0","1","0"
"0.36","199","Phylloscopus ibericus","0","0","1","0"
"0.36","199","Otus scops","0","0","1","0"
"0.36","199","Jynx torquilla","0","0","1","0"
"0.36","199","Dendrocoptes medius","0","0","1","0"
"0.36","199","Asio otus","0","0","1","0"
"0.36","199","Monticola saxatilis","0","0","1","0"
"0.36","200","Turdus merula","0","0","1","0"
"0.36","200","Apus apus","0","0","1","0"
"0.36","200","Columba palumbus","0","0","1","0"
"0.36","200","Hirundo rustica","0","0","1","0"
"0.36","200","Passer domesticus","0","0","1","0"
"0.36","200","Fringilla coelebs","0","0","1","0"
"0.36","200","Carduelis carduelis","0","0","1","0"
"0.36","200","Sylvia atricapilla","0","0","1","0"
"0.36","200","Pica pica","0","0","1","0"
"0.36","200","Corvus corone","0","0","1","0"
"0.36","200","Delichon urbicum","0","0","1","0"
"0.36","200","Streptopelia decaocto","0","0","1","0"
"0.36","200","Serinus serinus","0","0","1","0"
"0.36","200","Parus major","0","0","1","0"
"0.36","200","Phoenicurus ochruros","0","0","1","0"
"0.36","200","Milvus migrans","0","0","1","0"
"0.36","200","Gyps fulvus","0","0","1","0"
"0.36","200","Motacilla alba","0","0","1","0"
"0.36","200","Erithacus rubecula","0","0","1","0"
"0.36","200","Garrulus glandarius","0","0","1","0"
"0.36","200","Cyanistes caeruleus","0","0","1","0"
"0.36","200","Columba livia","0","0","1","0"
"0.36","200","Chloris chloris","0","0","1","0"
"0.36","200","Falco tinnunculus","0","0","1","0"
"0.36","200","Emberiza cirlus","0","0","1","0"
"0.36","200","Oriolus oriolus","0","0","1","0"
"0.36","200","Buteo buteo","0","0","1","0"
"0.36","200","Troglodytes troglodytes","0","0","1","0"
"0.36","200","Linaria cannabina","0","0","1","0"
"0.36","200","Periparus ater","0","0","1","0"
"0.36","200","Merops apiaster","0","0","1","0"
"0.36","200","Phylloscopus bonelli","0","0","1","0"
"0.36","200","Ptyonoprogne rupestris","0","0","1","0"
"0.36","200","Larus michahellis","0","0","1","0"
"0.36","200","Luscinia megarhynchos","0","0","1","0"
"0.36","200","Anas platyrhynchos","0","0","1","0"
"0.36","200","Certhia brachydactyla","0","0","1","0"
"0.36","200","Dendrocopos major","0","0","1","0"
"0.36","200","Sturnus vulgaris","0","0","1","0"
"0.36","200","Ardea cinerea","0","0","1","0"
"0.36","200","Saxicola rubicola","0","0","1","0"
"0.36","200","Streptopelia turtur","0","0","1","0"
"0.36","200","Upupa epops","0","0","1","0"
"0.36","200","Hippolais polyglotta","0","0","1","0"
"0.36","200","Corvus corax","0","0","1","0"
"0.36","200","Aegithalos caudatus","0","0","1","0"
"0.36","200","Cuculus canorus","0","0","1","0"
"0.36","200","Galerida cristata","0","0","1","0"
"0.36","200","Lophophanes cristatus","0","0","1","0"
"0.36","200","Regulus ignicapilla","0","0","1","0"
"0.36","200","Turdus viscivorus","0","0","1","0"
"0.36","200","Sitta europaea","0","0","1","0"
"0.36","200","Curruca melanocephala","0","0","1","0"
"0.36","200","Emberiza calandra","0","0","1","0"
"0.36","200","Picus viridis","0","0","1","0"
"0.36","200","Lullula arborea","0","0","1","0"
"0.36","200","Turdus philomelos","0","0","1","0"
"0.36","200","Fulica atra","0","0","1","0"
"0.36","200","Pyrrhocorax pyrrhocorax","0","0","1","0"
"0.36","200","Alauda arvensis","0","0","1","0"
"0.36","200","Cettia cetti","0","0","1","0"
"0.36","200","Petronia petronia","0","0","1","0"
"0.36","200","Circaetus gallicus","0","0","1","0"
"0.36","200","Egretta garzetta","0","0","1","0"
"0.36","200","Hieraaetus pennatus","0","0","1","0"
"0.36","200","Cisticola juncidis","0","0","1","0"
"0.36","200","Lanius collurio","0","0","1","0"
"0.36","200","Phylloscopus collybita","0","0","1","0"
"0.36","200","Gallinula chloropus","0","0","1","0"
"0.36","200","Chroicocephalus ridibundus","0","0","1","0"
"0.36","200","Picus sharpei","0","0","1","0"
"0.36","200","Carduelis citrinella","0","0","1","0"
"0.36","200","Phalacrocorax carbo","0","0","1","0"
"0.36","200","Lanius senator","0","0","1","0"
"0.36","200","Oenanthe oenanthe","0","0","0","1"
"0.36","200","Milvus milvus","0","0","1","0"
"0.36","200","Motacilla cinerea","0","0","1","0"
"0.36","200","Sturnus unicolor","0","0","1","0"
"0.36","200","Ciconia ciconia","0","0","1","0"
"0.36","200","Himantopus himantopus","0","0","1","0"
"0.36","200","Bubulcus ibis","0","0","1","0"
"0.36","200","Alectoris rufa","0","0","1","0"
"0.36","200","Muscicapa striata","0","0","1","0"
"0.36","200","Acrocephalus scirpaceus","0","0","1","0"
"0.36","200","Circus aeruginosus","0","0","1","0"
"0.36","200","Curruca communis","0","0","1","0"
"0.36","200","Coturnix coturnix","0","0","1","0"
"0.36","200","Phoenicurus phoenicurus","0","0","1","0"
"0.36","200","Corvus monedula","0","0","1","0"
"0.36","200","Pernis apivorus","0","0","1","0"
"0.36","200","Curruca iberiae","0","0","1","0"
"0.36","200","Emberiza cia","0","0","1","0"
"0.36","200","Prunella modularis","0","0","1","0"
"0.36","200","Motacilla flava","0","0","1","0"
"0.36","200","Passer montanus","0","0","1","0"
"0.36","200","Sterna hirundo","0","0","1","0"
"0.36","200","Ardea purpurea","0","0","1","0"
"0.36","200","Podiceps cristatus","0","0","1","0"
"0.36","200","Tachybaptus ruficollis","0","0","1","0"
"0.36","200","Anthus trivialis","0","0","1","0"
"0.36","200","Charadrius dubius","0","0","1","0"
"0.36","200","Acrocephalus arundinaceus","0","0","1","0"
"0.36","200","Emberiza citrinella","0","0","1","0"
"0.36","200","Curruca undata","0","0","1","0"
"0.36","200","Apus melba","0","0","1","0"
"0.36","200","Anthus campestris","0","0","1","0"
"0.36","200","Galerida theklae","0","0","1","0"
"0.36","200","Recurvirostra avosetta","0","0","1","0"
"0.36","200","Sylvia borin","0","0","1","0"
"0.36","200","Falco subbuteo","0","0","1","0"
"0.36","200","Circus pygargus","0","0","1","0"
"0.36","200","Actitis hypoleucos","0","0","1","0"
"0.36","200","Alcedo atthis","0","0","1","0"
"0.36","200","Tadorna tadorna","0","0","1","0"
"0.36","200","Riparia riparia","0","0","1","0"
"0.36","200","Cinclus cinclus","0","0","1","0"
"0.36","200","Aquila chrysaetos","0","0","1","0"
"0.36","200","Netta rufina","0","0","1","0"
"0.36","200","Pyrrhula pyrrhula","0","0","1","0"
"0.36","200","Aythya ferina","0","0","1","0"
"0.36","200","Tringa ochropus","0","0","1","0"
"0.36","200","Burhinus oedicnemus","0","0","1","0"
"0.36","200","Vanellus vanellus","0","0","1","0"
"0.36","200","Anthus spinoletta","1","0","0","0"
"0.36","200","Sternula albifrons","0","0","1","0"
"0.36","200","Nycticorax nycticorax","0","0","1","0"
"0.36","200","Accipiter nisus","0","0","1","0"
"0.36","200","Phoenicopterus roseus","0","0","1","0"
"0.36","200","Coccothraustes coccothraustes","0","0","1","0"
"0.36","200","Loxia curvirostra","0","0","1","0"
"0.36","200","Melanocorypha calandra","0","0","1","0"
"0.36","200","Poecile palustris","0","0","1","0"
"0.36","200","Cecropis daurica","0","0","1","0"
"0.36","200","Lanius meridionalis","0","0","1","0"
"0.36","200","Coracias garrulus","0","0","1","0"
"0.36","200","Pyrrhocorax graculus","0","0","1","0"
"0.36","200","Plegadis falcinellus","0","0","1","0"
"0.36","200","Ardea alba","0","0","1","0"
"0.36","200","Mareca strepera","0","0","1","0"
"0.36","200","Athene noctua","0","0","1","0"
"0.36","200","Columba oenas","0","0","1","0"
"0.36","200","Emberiza schoeniclus","0","0","1","0"
"0.36","200","Rallus aquaticus","0","0","1","0"
"0.36","200","Ichthyaetus melanocephalus","0","0","1","0"
"0.36","200","Tringa totanus","0","0","1","0"
"0.36","200","Platalea leucorodia","0","0","1","0"
"0.36","200","Saxicola rubetra","0","0","1","0"
"0.36","200","Passer hispaniolensis","0","0","1","0"
"0.36","200","Falco naumanni","0","0","1","0"
"0.36","200","Phasianus colchicus","0","0","1","0"
"0.36","200","Strix aluco","0","0","1","0"
"0.36","200","Regulus regulus","0","0","1","0"
"0.36","200","Chlidonias niger","0","0","1","0"
"0.36","200","Charadrius alexandrinus","0","0","1","0"
"0.36","200","Thalasseus sandvicensis","0","0","1","0"
"0.36","200","Spatula clypeata","0","0","1","0"
"0.36","200","Tyto alba","0","0","1","0"
"0.36","200","Psittacula krameri","0","0","1","0"
"0.36","200","Podiceps nigricollis","0","0","1","0"
"0.36","200","Oenanthe hispanica","0","0","1","0"
"0.36","200","Ficedula hypoleuca","0","0","1","0"
"0.36","200","Ardeola ralloides","0","0","1","0"
"0.36","200","Monticola solitarius","0","0","1","0"
"0.36","200","Cygnus olor","0","0","1","0"
"0.36","200","Limosa limosa","0","0","1","0"
"0.36","200","Charadrius hiaticula","0","0","1","0"
"0.36","200","Chlidonias hybrida","0","0","1","0"
"0.36","200","Phylloscopus ibericus","0","0","1","0"
"0.36","200","Otus scops","0","0","1","0"
"0.36","200","Jynx torquilla","0","0","1","0"
"0.36","200","Dendrocoptes medius","0","0","1","0"
"0.36","200","Asio otus","0","0","1","0"
"0.36","200","Monticola saxatilis","0","0","1","0"
"0.36","201","Turdus merula","0","0","1","0"
"0.36","201","Apus apus","0","0","1","0"
"0.36","201","Columba palumbus","0","0","1","0"
"0.36","201","Hirundo rustica","0","0","1","0"
"0.36","201","Passer domesticus","0","0","1","0"
"0.36","201","Fringilla coelebs","0","0","1","0"
"0.36","201","Carduelis carduelis","0","0","1","0"
"0.36","201","Sylvia atricapilla","0","0","1","0"
"0.36","201","Pica pica","0","0","1","0"
"0.36","201","Corvus corone","1","0","0","0"
"0.36","201","Delichon urbicum","0","0","1","0"
"0.36","201","Streptopelia decaocto","0","0","1","0"
"0.36","201","Serinus serinus","0","0","1","0"
"0.36","201","Parus major","0","0","1","0"
"0.36","201","Phoenicurus ochruros","0","0","1","0"
"0.36","201","Milvus migrans","0","0","1","0"
"0.36","201","Gyps fulvus","0","0","1","0"
"0.36","201","Motacilla alba","0","0","1","0"
"0.36","201","Erithacus rubecula","0","0","1","0"
"0.36","201","Garrulus glandarius","0","0","1","0"
"0.36","201","Cyanistes caeruleus","0","0","1","0"
"0.36","201","Columba livia","0","0","1","0"
"0.36","201","Chloris chloris","0","0","1","0"
"0.36","201","Falco tinnunculus","0","0","1","0"
"0.36","201","Emberiza cirlus","0","0","1","0"
"0.36","201","Oriolus oriolus","0","0","1","0"
"0.36","201","Buteo buteo","0","0","1","0"
"0.36","201","Troglodytes troglodytes","0","0","1","0"
"0.36","201","Linaria cannabina","0","0","1","0"
"0.36","201","Periparus ater","0","0","1","0"
"0.36","201","Merops apiaster","0","0","1","0"
"0.36","201","Phylloscopus bonelli","0","0","1","0"
"0.36","201","Ptyonoprogne rupestris","0","0","1","0"
"0.36","201","Larus michahellis","0","0","1","0"
"0.36","201","Luscinia megarhynchos","0","0","1","0"
"0.36","201","Anas platyrhynchos","0","0","1","0"
"0.36","201","Certhia brachydactyla","0","0","1","0"
"0.36","201","Dendrocopos major","0","0","1","0"
"0.36","201","Sturnus vulgaris","0","0","1","0"
"0.36","201","Ardea cinerea","0","0","1","0"
"0.36","201","Saxicola rubicola","0","0","1","0"
"0.36","201","Streptopelia turtur","0","0","1","0"
"0.36","201","Upupa epops","0","0","1","0"
"0.36","201","Hippolais polyglotta","0","0","1","0"
"0.36","201","Corvus corax","0","0","1","0"
"0.36","201","Aegithalos caudatus","0","0","1","0"
"0.36","201","Cuculus canorus","0","0","1","0"
"0.36","201","Galerida cristata","0","0","1","0"
"0.36","201","Lophophanes cristatus","0","0","1","0"
"0.36","201","Regulus ignicapilla","0","0","1","0"
"0.36","201","Turdus viscivorus","0","0","1","0"
"0.36","201","Sitta europaea","0","0","1","0"
"0.36","201","Curruca melanocephala","0","0","1","0"
"0.36","201","Emberiza calandra","0","0","1","0"
"0.36","201","Picus viridis","0","0","1","0"
"0.36","201","Lullula arborea","0","0","1","0"
"0.36","201","Turdus philomelos","0","0","1","0"
"0.36","201","Fulica atra","0","0","1","0"
"0.36","201","Pyrrhocorax pyrrhocorax","0","0","1","0"
"0.36","201","Alauda arvensis","0","0","1","0"
"0.36","201","Cettia cetti","0","0","1","0"
"0.36","201","Petronia petronia","0","0","1","0"
"0.36","201","Circaetus gallicus","0","0","1","0"
"0.36","201","Egretta garzetta","0","0","1","0"
"0.36","201","Hieraaetus pennatus","0","0","1","0"
"0.36","201","Cisticola juncidis","0","0","1","0"
"0.36","201","Lanius collurio","0","0","1","0"
"0.36","201","Phylloscopus collybita","0","0","1","0"
"0.36","201","Gallinula chloropus","0","0","1","0"
"0.36","201","Chroicocephalus ridibundus","0","0","1","0"
"0.36","201","Picus sharpei","0","0","1","0"
"0.36","201","Carduelis citrinella","0","0","1","0"
"0.36","201","Phalacrocorax carbo","0","0","1","0"
"0.36","201","Lanius senator","0","0","1","0"
"0.36","201","Oenanthe oenanthe","0","0","1","0"
"0.36","201","Milvus milvus","0","0","1","0"
"0.36","201","Motacilla cinerea","0","0","1","0"
"0.36","201","Sturnus unicolor","0","0","1","0"
"0.36","201","Ciconia ciconia","0","0","1","0"
"0.36","201","Himantopus himantopus","0","0","1","0"
"0.36","201","Bubulcus ibis","0","0","1","0"
"0.36","201","Alectoris rufa","0","0","1","0"
"0.36","201","Muscicapa striata","0","0","1","0"
"0.36","201","Acrocephalus scirpaceus","0","0","1","0"
"0.36","201","Circus aeruginosus","0","0","1","0"
"0.36","201","Curruca communis","0","0","1","0"
"0.36","201","Coturnix coturnix","0","0","1","0"
"0.36","201","Phoenicurus phoenicurus","0","0","1","0"
"0.36","201","Corvus monedula","0","0","1","0"
"0.36","201","Pernis apivorus","0","0","1","0"
"0.36","201","Curruca iberiae","0","0","1","0"
"0.36","201","Emberiza cia","0","0","1","0"
"0.36","201","Prunella modularis","0","0","1","0"
"0.36","201","Motacilla flava","0","0","1","0"
"0.36","201","Passer montanus","0","0","1","0"
"0.36","201","Sterna hirundo","0","0","1","0"
"0.36","201","Ardea purpurea","0","0","1","0"
"0.36","201","Podiceps cristatus","0","0","1","0"
"0.36","201","Tachybaptus ruficollis","0","0","1","0"
"0.36","201","Anthus trivialis","0","0","1","0"
"0.36","201","Charadrius dubius","0","0","1","0"
"0.36","201","Acrocephalus arundinaceus","0","0","1","0"
"0.36","201","Emberiza citrinella","0","0","1","0"
"0.36","201","Curruca undata","0","0","1","0"
"0.36","201","Apus melba","0","0","1","0"
"0.36","201","Anthus campestris","0","0","1","0"
"0.36","201","Galerida theklae","0","0","1","0"
"0.36","201","Recurvirostra avosetta","0","0","1","0"
"0.36","201","Sylvia borin","0","0","1","0"
"0.36","201","Falco subbuteo","0","0","1","0"
"0.36","201","Circus pygargus","0","0","1","0"
"0.36","201","Actitis hypoleucos","0","0","1","0"
"0.36","201","Alcedo atthis","0","0","1","0"
"0.36","201","Tadorna tadorna","0","0","1","0"
"0.36","201","Riparia riparia","0","0","1","0"
"0.36","201","Cinclus cinclus","0","0","1","0"
"0.36","201","Aquila chrysaetos","0","0","1","0"
"0.36","201","Netta rufina","0","0","1","0"
"0.36","201","Pyrrhula pyrrhula","0","0","1","0"
"0.36","201","Aythya ferina","0","0","1","0"
"0.36","201","Tringa ochropus","0","0","1","0"
"0.36","201","Burhinus oedicnemus","0","0","1","0"
"0.36","201","Vanellus vanellus","0","0","1","0"
"0.36","201","Anthus spinoletta","1","0","0","0"
"0.36","201","Sternula albifrons","0","0","1","0"
"0.36","201","Nycticorax nycticorax","0","0","1","0"
"0.36","201","Accipiter nisus","0","0","1","0"
"0.36","201","Phoenicopterus roseus","0","0","1","0"
"0.36","201","Coccothraustes coccothraustes","0","0","1","0"
"0.36","201","Loxia curvirostra","0","0","1","0"
"0.36","201","Melanocorypha calandra","0","0","1","0"
"0.36","201","Poecile palustris","0","0","1","0"
"0.36","201","Cecropis daurica","0","0","1","0"
"0.36","201","Lanius meridionalis","0","0","1","0"
"0.36","201","Coracias garrulus","0","0","1","0"
"0.36","201","Pyrrhocorax graculus","0","0","1","0"
"0.36","201","Plegadis falcinellus","0","0","1","0"
"0.36","201","Ardea alba","0","0","1","0"
"0.36","201","Mareca strepera","0","0","1","0"
"0.36","201","Athene noctua","0","0","1","0"
"0.36","201","Columba oenas","0","0","1","0"
"0.36","201","Emberiza schoeniclus","0","0","1","0"
"0.36","201","Rallus aquaticus","0","0","1","0"
"0.36","201","Ichthyaetus melanocephalus","0","0","1","0"
"0.36","201","Tringa totanus","0","0","1","0"
"0.36","201","Platalea leucorodia","0","0","1","0"
"0.36","201","Saxicola rubetra","0","0","1","0"
"0.36","201","Passer hispaniolensis","0","0","1","0"
"0.36","201","Falco naumanni","0","0","1","0"
"0.36","201","Phasianus colchicus","0","0","1","0"
"0.36","201","Strix aluco","0","0","1","0"
"0.36","201","Regulus regulus","0","0","1","0"
"0.36","201","Chlidonias niger","0","0","1","0"
"0.36","201","Charadrius alexandrinus","0","0","1","0"
"0.36","201","Thalasseus sandvicensis","0","0","1","0"
"0.36","201","Spatula clypeata","0","0","1","0"
"0.36","201","Tyto alba","0","0","1","0"
"0.36","201","Psittacula krameri","0","0","1","0"
"0.36","201","Podiceps nigricollis","0","0","1","0"
"0.36","201","Oenanthe hispanica","0","0","1","0"
"0.36","201","Ficedula hypoleuca","0","0","1","0"
"0.36","201","Ardeola ralloides","0","0","1","0"
"0.36","201","Monticola solitarius","0","0","1","0"
"0.36","201","Cygnus olor","0","0","1","0"
"0.36","201","Limosa limosa","0","0","1","0"
"0.36","201","Charadrius hiaticula","0","0","1","0"
"0.36","201","Chlidonias hybrida","0","0","1","0"
"0.36","201","Phylloscopus ibericus","0","0","1","0"
"0.36","201","Otus scops","0","0","1","0"
"0.36","201","Jynx torquilla","0","0","1","0"
"0.36","201","Dendrocoptes medius","0","0","1","0"
"0.36","201","Asio otus","0","0","1","0"
"0.36","201","Monticola saxatilis","0","0","1","0"
"0.36","202","Turdus merula","0","0","1","0"
"0.36","202","Apus apus","0","0","1","0"
"0.36","202","Columba palumbus","0","0","1","0"
"0.36","202","Hirundo rustica","0","0","1","0"
"0.36","202","Passer domesticus","0","0","1","0"
"0.36","202","Fringilla coelebs","0","0","1","0"
"0.36","202","Carduelis carduelis","0","0","1","0"
"0.36","202","Pica pica","0","0","1","0"
"0.36","202","Sylvia atricapilla","0","0","1","0"
"0.36","202","Streptopelia decaocto","0","0","1","0"
"0.36","202","Delichon urbicum","0","0","1","0"
"0.36","202","Corvus corone","0","0","1","0"
"0.36","202","Serinus serinus","0","0","1","0"
"0.36","202","Parus major","0","0","1","0"
"0.36","202","Phoenicurus ochruros","0","0","1","0"
"0.36","202","Milvus migrans","0","0","1","0"
"0.36","202","Gyps fulvus","0","0","1","0"
"0.36","202","Motacilla alba","0","0","1","0"
"0.36","202","Garrulus glandarius","0","0","1","0"
"0.36","202","Erithacus rubecula","0","0","1","0"
"0.36","202","Columba livia","0","0","1","0"
"0.36","202","Cyanistes caeruleus","0","0","1","0"
"0.36","202","Falco tinnunculus","0","0","1","0"
"0.36","202","Chloris chloris","0","0","1","0"
"0.36","202","Emberiza cirlus","0","0","1","0"
"0.36","202","Oriolus oriolus","0","0","1","0"
"0.36","202","Buteo buteo","0","0","1","0"
"0.36","202","Periparus ater","0","0","1","0"
"0.36","202","Merops apiaster","0","0","1","0"
"0.36","202","Linaria cannabina","0","0","1","0"
"0.36","202","Troglodytes troglodytes","0","0","1","0"
"0.36","202","Phylloscopus bonelli","0","0","1","0"
"0.36","202","Larus michahellis","0","0","1","0"
"0.36","202","Ptyonoprogne rupestris","0","0","1","0"
"0.36","202","Anas platyrhynchos","0","0","1","0"
"0.36","202","Luscinia megarhynchos","0","0","1","0"
"0.36","202","Dendrocopos major","0","0","1","0"
"0.36","202","Sturnus vulgaris","0","0","1","0"
"0.36","202","Certhia brachydactyla","0","0","1","0"
"0.36","202","Ardea cinerea","0","0","1","0"
"0.36","202","Streptopelia turtur","0","0","1","0"
"0.36","202","Upupa epops","0","0","1","0"
"0.36","202","Saxicola rubicola","0","0","1","0"
"0.36","202","Corvus corax","0","0","1","0"
"0.36","202","Hippolais polyglotta","0","0","1","0"
"0.36","202","Aegithalos caudatus","0","0","1","0"
"0.36","202","Lophophanes cristatus","0","0","1","0"
"0.36","202","Cuculus canorus","0","0","1","0"
"0.36","202","Curruca melanocephala","0","0","1","0"
"0.36","202","Turdus viscivorus","0","0","1","0"
"0.36","202","Sitta europaea","0","0","1","0"
"0.36","202","Galerida cristata","0","0","1","0"
"0.36","202","Regulus ignicapilla","0","0","1","0"
"0.36","202","Fulica atra","0","0","1","0"
"0.36","202","Picus viridis","0","0","1","0"
"0.36","202","Emberiza calandra","0","0","1","0"
"0.36","202","Egretta garzetta","0","0","1","0"
"0.36","202","Lullula arborea","0","0","1","0"
"0.36","202","Circaetus gallicus","0","0","1","0"
"0.36","202","Gallinula chloropus","0","0","1","0"
"0.36","202","Cettia cetti","0","0","1","0"
"0.36","202","Pyrrhocorax pyrrhocorax","0","0","1","0"
"0.36","202","Turdus philomelos","0","0","1","0"
"0.36","202","Cisticola juncidis","0","0","1","0"
"0.36","202","Petronia petronia","0","0","1","0"
"0.36","202","Chroicocephalus ridibundus","0","0","1","0"
"0.36","202","Alauda arvensis","0","0","1","0"
"0.36","202","Carduelis citrinella","0","0","1","0"
"0.36","202","Lanius collurio","0","0","1","0"
"0.36","202","Hieraaetus pennatus","0","0","1","0"
"0.36","202","Phylloscopus collybita","0","0","1","0"
"0.36","202","Oenanthe oenanthe","0","0","1","0"
"0.36","202","Phalacrocorax carbo","0","0","1","0"
"0.36","202","Himantopus himantopus","0","0","1","0"
"0.36","202","Lanius senator","0","0","1","0"
"0.36","202","Bubulcus ibis","0","0","1","0"
"0.36","202","Motacilla cinerea","0","0","1","0"
"0.36","202","Picus sharpei","0","0","1","0"
"0.36","202","Milvus milvus","0","0","1","0"
"0.36","202","Muscicapa striata","0","0","1","0"
"0.36","202","Corvus monedula","0","0","1","0"
"0.36","202","Phoenicurus phoenicurus","0","0","1","0"
"0.36","202","Acrocephalus scirpaceus","0","0","1","0"
"0.36","202","Circus aeruginosus","0","0","1","0"
"0.36","202","Ciconia ciconia","0","0","1","0"
"0.36","202","Curruca communis","0","0","1","0"
"0.36","202","Pernis apivorus","0","0","1","0"
"0.36","202","Coturnix coturnix","0","0","1","0"
"0.36","202","Sturnus unicolor","0","0","1","0"
"0.36","202","Alectoris rufa","0","0","1","0"
"0.36","202","Curruca iberiae","0","0","1","0"
"0.36","202","Emberiza cia","0","0","1","0"
"0.36","202","Passer montanus","0","0","1","0"
"0.36","202","Motacilla flava","0","0","1","0"
"0.36","202","Prunella modularis","0","0","1","0"
"0.36","202","Sterna hirundo","0","0","1","0"
"0.36","202","Ardea purpurea","0","0","1","0"
"0.36","202","Podiceps cristatus","0","0","1","0"
"0.36","202","Tachybaptus ruficollis","0","0","1","0"
"0.36","202","Acrocephalus arundinaceus","0","0","1","0"
"0.36","202","Charadrius dubius","0","0","1","0"
"0.36","202","Anthus trivialis","0","0","1","0"
"0.36","202","Apus melba","0","0","1","0"
"0.36","202","Anthus campestris","0","0","1","0"
"0.36","202","Emberiza citrinella","0","0","1","0"
"0.36","202","Falco subbuteo","0","0","1","0"
"0.36","202","Recurvirostra avosetta","0","0","1","0"
"0.36","202","Curruca undata","0","0","1","0"
"0.36","202","Cinclus cinclus","0","0","1","0"
"0.36","202","Sylvia borin","0","0","1","0"
"0.36","202","Alcedo atthis","0","0","1","0"
"0.36","202","Aquila chrysaetos","0","0","1","0"
"0.36","202","Tadorna tadorna","0","0","1","0"
"0.36","202","Circus pygargus","0","0","1","0"
"0.36","202","Netta rufina","0","0","1","0"
"0.36","202","Actitis hypoleucos","0","0","1","0"
"0.36","202","Riparia riparia","0","0","1","0"
"0.36","202","Aythya ferina","0","0","1","0"
"0.36","202","Burhinus oedicnemus","0","0","1","0"
"0.36","202","Tringa ochropus","0","0","1","0"
"0.36","202","Galerida theklae","0","0","1","0"
"0.36","202","Pyrrhula pyrrhula","0","0","1","0"
"0.36","202","Anthus spinoletta","0","0","1","0"
"0.36","202","Nycticorax nycticorax","0","0","1","0"
"0.36","202","Phoenicopterus roseus","0","0","1","0"
"0.36","202","Sternula albifrons","0","0","1","0"
"0.36","202","Vanellus vanellus","0","0","1","0"
"0.36","202","Accipiter nisus","0","0","1","0"
"0.36","202","Coccothraustes coccothraustes","0","0","1","0"
"0.36","202","Loxia curvirostra","0","0","1","0"
"0.36","202","Poecile palustris","0","0","1","0"
"0.36","202","Columba oenas","0","0","1","0"
"0.36","202","Melanocorypha calandra","0","0","1","0"
"0.36","202","Cecropis daurica","0","0","1","0"
"0.36","202","Coracias garrulus","0","0","1","0"
"0.36","202","Ardea alba","0","0","1","0"
"0.36","202","Plegadis falcinellus","0","0","1","0"
"0.36","202","Ichthyaetus melanocephalus","0","0","1","0"
"0.36","202","Pyrrhocorax graculus","0","0","1","0"
"0.36","202","Mareca strepera","0","0","1","0"
"0.36","202","Athene noctua","0","0","1","0"
"0.36","202","Rallus aquaticus","0","0","1","0"
"0.36","202","Emberiza schoeniclus","0","0","1","0"
"0.36","202","Phasianus colchicus","0","0","1","0"
"0.36","202","Platalea leucorodia","0","0","1","0"
"0.36","202","Saxicola rubetra","0","0","1","0"
"0.36","202","Chlidonias niger","0","0","1","0"
"0.36","202","Tringa totanus","0","0","1","0"
"0.36","202","Lanius meridionalis","0","0","1","0"
"0.36","202","Passer hispaniolensis","0","0","1","0"
"0.36","202","Falco naumanni","0","0","1","0"
"0.36","202","Strix aluco","0","0","1","0"
"0.36","202","Charadrius alexandrinus","0","0","1","0"
"0.36","202","Regulus regulus","0","0","1","0"
"0.36","202","Thalasseus sandvicensis","0","0","1","0"
"0.36","202","Tyto alba","0","0","1","0"
"0.36","202","Ardeola ralloides","0","0","1","0"
"0.36","202","Psittacula krameri","0","0","1","0"
"0.36","202","Podiceps nigricollis","0","0","1","0"
"0.36","202","Passer italiae","0","0","1","0"
"0.36","202","Spatula clypeata","0","0","1","0"
"0.36","202","Ichthyaetus audouinii","0","0","1","0"
"0.36","202","Monticola solitarius","0","0","1","0"
"0.36","202","Oenanthe hispanica","0","0","1","0"
"0.36","202","Ixobrychus minutus","0","0","1","0"
"0.36","202","Chlidonias hybrida","0","0","1","0"
"0.36","202","Ficedula hypoleuca","0","0","1","0"
"0.36","202","Limosa limosa","0","0","1","0"
"0.36","202","Hippolais icterina","0","0","1","0"
"0.36","202","Otus scops","0","0","1","0"
"0.36","202","Jynx torquilla","0","0","1","0"
"0.36","202","Dendrocoptes medius","0","0","1","0"
"0.36","202","Asio otus","0","0","1","0"
"0.36","202","Monticola saxatilis","0","0","1","0"
"0.36","203","Turdus merula","0","0","0","1"
"0.36","203","Apus apus","0","0","1","0"
"0.36","203","Columba palumbus","0","0","1","0"
"0.36","203","Hirundo rustica","0","0","1","0"
"0.36","203","Passer domesticus","0","0","1","0"
"0.36","203","Fringilla coelebs","0","0","0","1"
"0.36","203","Carduelis carduelis","0","0","1","0"
"0.36","203","Pica pica","0","0","1","0"
"0.36","203","Sylvia atricapilla","0","0","0","1"
"0.36","203","Streptopelia decaocto","0","0","1","0"
"0.36","203","Delichon urbicum","0","0","1","0"
"0.36","203","Corvus corone","0","0","1","0"
"0.36","203","Serinus serinus","0","0","1","0"
"0.36","203","Parus major","0","0","1","0"
"0.36","203","Phoenicurus ochruros","0","0","1","0"
"0.36","203","Milvus migrans","0","0","1","0"
"0.36","203","Gyps fulvus","0","0","1","0"
"0.36","203","Motacilla alba","0","0","1","0"
"0.36","203","Garrulus glandarius","0","0","1","0"
"0.36","203","Erithacus rubecula","1","0","0","0"
"0.36","203","Columba livia","0","0","1","0"
"0.36","203","Cyanistes caeruleus","0","0","1","0"
"0.36","203","Falco tinnunculus","0","0","1","0"
"0.36","203","Chloris chloris","0","0","1","0"
"0.36","203","Emberiza cirlus","0","0","1","0"
"0.36","203","Oriolus oriolus","0","0","1","0"
"0.36","203","Buteo buteo","0","0","1","0"
"0.36","203","Periparus ater","0","0","1","0"
"0.36","203","Merops apiaster","0","0","1","0"
"0.36","203","Linaria cannabina","0","0","1","0"
"0.36","203","Troglodytes troglodytes","0","0","1","0"
"0.36","203","Phylloscopus bonelli","0","0","1","0"
"0.36","203","Larus michahellis","0","0","1","0"
"0.36","203","Ptyonoprogne rupestris","0","0","1","0"
"0.36","203","Anas platyrhynchos","0","0","1","0"
"0.36","203","Luscinia megarhynchos","0","0","1","0"
"0.36","203","Dendrocopos major","0","0","1","0"
"0.36","203","Sturnus vulgaris","0","0","1","0"
"0.36","203","Certhia brachydactyla","0","0","1","0"
"0.36","203","Ardea cinerea","0","0","1","0"
"0.36","203","Streptopelia turtur","0","0","1","0"
"0.36","203","Upupa epops","0","0","1","0"
"0.36","203","Saxicola rubicola","0","0","1","0"
"0.36","203","Corvus corax","0","0","1","0"
"0.36","203","Hippolais polyglotta","0","0","1","0"
"0.36","203","Aegithalos caudatus","0","0","1","0"
"0.36","203","Lophophanes cristatus","0","0","1","0"
"0.36","203","Cuculus canorus","0","0","1","0"
"0.36","203","Curruca melanocephala","0","0","1","0"
"0.36","203","Turdus viscivorus","0","0","1","0"
"0.36","203","Sitta europaea","0","0","1","0"
"0.36","203","Galerida cristata","0","0","1","0"
"0.36","203","Regulus ignicapilla","0","0","1","0"
"0.36","203","Fulica atra","0","0","1","0"
"0.36","203","Picus viridis","0","0","1","0"
"0.36","203","Emberiza calandra","0","0","1","0"
"0.36","203","Egretta garzetta","0","0","1","0"
"0.36","203","Lullula arborea","0","0","1","0"
"0.36","203","Circaetus gallicus","0","0","1","0"
"0.36","203","Gallinula chloropus","0","0","1","0"
"0.36","203","Cettia cetti","0","0","1","0"
"0.36","203","Pyrrhocorax pyrrhocorax","0","0","1","0"
"0.36","203","Turdus philomelos","0","0","1","0"
"0.36","203","Cisticola juncidis","0","0","1","0"
"0.36","203","Petronia petronia","0","0","1","0"
"0.36","203","Chroicocephalus ridibundus","0","0","1","0"
"0.36","203","Alauda arvensis","0","0","1","0"
"0.36","203","Carduelis citrinella","0","0","1","0"
"0.36","203","Lanius collurio","0","0","1","0"
"0.36","203","Hieraaetus pennatus","0","0","1","0"
"0.36","203","Phylloscopus collybita","0","0","1","0"
"0.36","203","Oenanthe oenanthe","0","0","1","0"
"0.36","203","Phalacrocorax carbo","0","0","1","0"
"0.36","203","Himantopus himantopus","0","0","1","0"
"0.36","203","Lanius senator","0","0","1","0"
"0.36","203","Bubulcus ibis","0","0","1","0"
"0.36","203","Motacilla cinerea","0","0","1","0"
"0.36","203","Picus sharpei","0","0","1","0"
"0.36","203","Milvus milvus","0","0","1","0"
"0.36","203","Muscicapa striata","0","0","1","0"
"0.36","203","Corvus monedula","0","0","1","0"
"0.36","203","Phoenicurus phoenicurus","0","0","1","0"
"0.36","203","Acrocephalus scirpaceus","0","0","1","0"
"0.36","203","Circus aeruginosus","0","0","1","0"
"0.36","203","Ciconia ciconia","0","0","1","0"
"0.36","203","Curruca communis","0","0","1","0"
"0.36","203","Pernis apivorus","0","0","1","0"
"0.36","203","Coturnix coturnix","0","0","1","0"
"0.36","203","Sturnus unicolor","0","0","1","0"
"0.36","203","Alectoris rufa","0","0","1","0"
"0.36","203","Curruca iberiae","0","0","1","0"
"0.36","203","Emberiza cia","0","0","1","0"
"0.36","203","Passer montanus","0","0","1","0"
"0.36","203","Motacilla flava","0","0","1","0"
"0.36","203","Prunella modularis","0","0","1","0"
"0.36","203","Sterna hirundo","0","0","1","0"
"0.36","203","Ardea purpurea","0","0","1","0"
"0.36","203","Podiceps cristatus","0","0","1","0"
"0.36","203","Tachybaptus ruficollis","0","0","1","0"
"0.36","203","Acrocephalus arundinaceus","0","0","1","0"
"0.36","203","Charadrius dubius","0","0","1","0"
"0.36","203","Anthus trivialis","1","0","0","0"
"0.36","203","Apus melba","0","0","1","0"
"0.36","203","Anthus campestris","0","0","1","0"
"0.36","203","Emberiza citrinella","0","0","1","0"
"0.36","203","Falco subbuteo","0","0","1","0"
"0.36","203","Recurvirostra avosetta","0","0","1","0"
"0.36","203","Curruca undata","0","0","1","0"
"0.36","203","Cinclus cinclus","0","0","1","0"
"0.36","203","Sylvia borin","0","0","1","0"
"0.36","203","Alcedo atthis","0","0","1","0"
"0.36","203","Aquila chrysaetos","0","0","1","0"
"0.36","203","Tadorna tadorna","0","0","1","0"
"0.36","203","Circus pygargus","0","0","1","0"
"0.36","203","Netta rufina","0","0","1","0"
"0.36","203","Actitis hypoleucos","0","0","1","0"
"0.36","203","Riparia riparia","0","0","1","0"
"0.36","203","Aythya ferina","0","0","1","0"
"0.36","203","Burhinus oedicnemus","0","0","1","0"
"0.36","203","Tringa ochropus","0","0","1","0"
"0.36","203","Galerida theklae","0","0","1","0"
"0.36","203","Pyrrhula pyrrhula","0","0","1","0"
"0.36","203","Anthus spinoletta","0","0","1","0"
"0.36","203","Nycticorax nycticorax","0","0","1","0"
"0.36","203","Phoenicopterus roseus","0","0","1","0"
"0.36","203","Sternula albifrons","0","0","1","0"
"0.36","203","Vanellus vanellus","0","0","1","0"
"0.36","203","Accipiter nisus","0","0","1","0"
"0.36","203","Coccothraustes coccothraustes","0","0","1","0"
"0.36","203","Loxia curvirostra","0","0","1","0"
"0.36","203","Poecile palustris","0","0","1","0"
"0.36","203","Columba oenas","0","0","1","0"
"0.36","203","Melanocorypha calandra","0","0","1","0"
"0.36","203","Cecropis daurica","0","0","1","0"
"0.36","203","Coracias garrulus","0","0","1","0"
"0.36","203","Ardea alba","0","0","1","0"
"0.36","203","Plegadis falcinellus","0","0","1","0"
"0.36","203","Ichthyaetus melanocephalus","0","0","1","0"
"0.36","203","Pyrrhocorax graculus","0","0","1","0"
"0.36","203","Mareca strepera","0","0","1","0"
"0.36","203","Athene noctua","0","0","1","0"
"0.36","203","Rallus aquaticus","0","0","1","0"
"0.36","203","Emberiza schoeniclus","0","0","1","0"
"0.36","203","Phasianus colchicus","0","0","1","0"
"0.36","203","Platalea leucorodia","0","0","1","0"
"0.36","203","Saxicola rubetra","0","0","1","0"
"0.36","203","Chlidonias niger","0","0","1","0"
"0.36","203","Tringa totanus","0","0","1","0"
"0.36","203","Lanius meridionalis","0","0","1","0"
"0.36","203","Passer hispaniolensis","0","0","1","0"
"0.36","203","Falco naumanni","0","0","1","0"
"0.36","203","Strix aluco","0","0","1","0"
"0.36","203","Charadrius alexandrinus","0","0","1","0"
"0.36","203","Regulus regulus","0","0","1","0"
"0.36","203","Thalasseus sandvicensis","0","0","1","0"
"0.36","203","Tyto alba","0","0","1","0"
"0.36","203","Ardeola ralloides","0","0","1","0"
"0.36","203","Psittacula krameri","0","0","1","0"
"0.36","203","Podiceps nigricollis","0","0","1","0"
"0.36","203","Passer italiae","0","0","1","0"
"0.36","203","Spatula clypeata","0","0","1","0"
"0.36","203","Ichthyaetus audouinii","0","0","1","0"
"0.36","203","Monticola solitarius","0","0","1","0"
"0.36","203","Oenanthe hispanica","0","0","1","0"
"0.36","203","Ixobrychus minutus","0","0","1","0"
"0.36","203","Chlidonias hybrida","0","0","1","0"
"0.36","203","Ficedula hypoleuca","0","0","1","0"
"0.36","203","Limosa limosa","0","0","1","0"
"0.36","203","Hippolais icterina","0","0","1","0"
"0.36","203","Otus scops","0","0","1","0"
"0.36","203","Jynx torquilla","0","0","1","0"
"0.36","203","Dendrocoptes medius","0","0","1","0"
"0.36","203","Asio otus","0","0","1","0"
"0.36","203","Monticola saxatilis","0","0","1","0"
"0.36","204","Turdus merula","0","0","1","0"
"0.36","204","Apus apus","0","0","1","0"
"0.36","204","Columba palumbus","0","0","1","0"
"0.36","204","Hirundo rustica","0","0","1","0"
"0.36","204","Passer domesticus","0","0","1","0"
"0.36","204","Fringilla coelebs","0","0","0","1"
"0.36","204","Carduelis carduelis","0","0","1","0"
"0.36","204","Pica pica","0","0","1","0"
"0.36","204","Sylvia atricapilla","0","0","0","1"
"0.36","204","Streptopelia decaocto","0","0","1","0"
"0.36","204","Delichon urbicum","0","0","1","0"
"0.36","204","Corvus corone","0","0","1","0"
"0.36","204","Serinus serinus","0","0","1","0"
"0.36","204","Parus major","0","0","1","0"
"0.36","204","Phoenicurus ochruros","0","0","1","0"
"0.36","204","Milvus migrans","0","0","1","0"
"0.36","204","Gyps fulvus","0","0","1","0"
"0.36","204","Motacilla alba","0","0","1","0"
"0.36","204","Garrulus glandarius","0","0","1","0"
"0.36","204","Erithacus rubecula","1","0","0","0"
"0.36","204","Columba livia","0","0","1","0"
"0.36","204","Cyanistes caeruleus","0","0","0","1"
"0.36","204","Falco tinnunculus","0","0","1","0"
"0.36","204","Chloris chloris","0","0","1","0"
"0.36","204","Emberiza cirlus","0","0","1","0"
"0.36","204","Oriolus oriolus","0","0","1","0"
"0.36","204","Buteo buteo","0","0","1","0"
"0.36","204","Periparus ater","0","0","0","1"
"0.36","204","Merops apiaster","0","0","1","0"
"0.36","204","Linaria cannabina","0","0","1","0"
"0.36","204","Troglodytes troglodytes","0","0","1","0"
"0.36","204","Phylloscopus bonelli","0","0","1","0"
"0.36","204","Larus michahellis","0","0","1","0"
"0.36","204","Ptyonoprogne rupestris","0","0","1","0"
"0.36","204","Anas platyrhynchos","0","0","1","0"
"0.36","204","Luscinia megarhynchos","0","0","1","0"
"0.36","204","Dendrocopos major","0","0","1","0"
"0.36","204","Sturnus vulgaris","0","0","1","0"
"0.36","204","Certhia brachydactyla","0","0","1","0"
"0.36","204","Ardea cinerea","0","0","1","0"
"0.36","204","Streptopelia turtur","0","0","1","0"
"0.36","204","Upupa epops","0","0","1","0"
"0.36","204","Saxicola rubicola","0","0","1","0"
"0.36","204","Corvus corax","0","0","1","0"
"0.36","204","Hippolais polyglotta","0","0","1","0"
"0.36","204","Aegithalos caudatus","0","0","1","0"
"0.36","204","Lophophanes cristatus","0","0","1","0"
"0.36","204","Cuculus canorus","0","0","1","0"
"0.36","204","Curruca melanocephala","0","0","1","0"
"0.36","204","Turdus viscivorus","0","0","1","0"
"0.36","204","Sitta europaea","0","0","1","0"
"0.36","204","Galerida cristata","0","0","1","0"
"0.36","204","Regulus ignicapilla","0","0","1","0"
"0.36","204","Fulica atra","0","0","1","0"
"0.36","204","Picus viridis","0","0","1","0"
"0.36","204","Emberiza calandra","0","0","1","0"
"0.36","204","Egretta garzetta","0","0","1","0"
"0.36","204","Lullula arborea","0","0","1","0"
"0.36","204","Circaetus gallicus","0","0","1","0"
"0.36","204","Gallinula chloropus","0","0","1","0"
"0.36","204","Cettia cetti","0","0","1","0"
"0.36","204","Pyrrhocorax pyrrhocorax","0","0","1","0"
"0.36","204","Turdus philomelos","0","0","1","0"
"0.36","204","Cisticola juncidis","0","0","1","0"
"0.36","204","Petronia petronia","0","0","1","0"
"0.36","204","Chroicocephalus ridibundus","0","0","1","0"
"0.36","204","Alauda arvensis","0","0","1","0"
"0.36","204","Carduelis citrinella","0","0","1","0"
"0.36","204","Lanius collurio","0","0","1","0"
"0.36","204","Hieraaetus pennatus","0","0","1","0"
"0.36","204","Phylloscopus collybita","0","0","1","0"
"0.36","204","Oenanthe oenanthe","0","0","1","0"
"0.36","204","Phalacrocorax carbo","0","0","1","0"
"0.36","204","Himantopus himantopus","0","0","1","0"
"0.36","204","Lanius senator","0","0","1","0"
"0.36","204","Bubulcus ibis","0","0","1","0"
"0.36","204","Motacilla cinerea","0","0","1","0"
"0.36","204","Picus sharpei","0","0","1","0"
"0.36","204","Milvus milvus","0","0","1","0"
"0.36","204","Muscicapa striata","0","0","1","0"
"0.36","204","Corvus monedula","0","0","1","0"
"0.36","204","Phoenicurus phoenicurus","0","0","1","0"
"0.36","204","Acrocephalus scirpaceus","0","0","1","0"
"0.36","204","Circus aeruginosus","0","0","1","0"
"0.36","204","Ciconia ciconia","0","0","1","0"
"0.36","204","Curruca communis","0","0","1","0"
"0.36","204","Pernis apivorus","0","0","1","0"
"0.36","204","Coturnix coturnix","0","0","1","0"
"0.36","204","Sturnus unicolor","0","0","1","0"
"0.36","204","Alectoris rufa","0","0","1","0"
"0.36","204","Curruca iberiae","0","0","1","0"
"0.36","204","Emberiza cia","0","0","1","0"
"0.36","204","Passer montanus","0","0","1","0"
"0.36","204","Motacilla flava","0","0","1","0"
"0.36","204","Prunella modularis","0","0","1","0"
"0.36","204","Sterna hirundo","0","0","1","0"
"0.36","204","Ardea purpurea","0","0","1","0"
"0.36","204","Podiceps cristatus","0","0","1","0"
"0.36","204","Tachybaptus ruficollis","0","0","1","0"
"0.36","204","Acrocephalus arundinaceus","0","0","1","0"
"0.36","204","Charadrius dubius","0","0","1","0"
"0.36","204","Anthus trivialis","1","0","0","0"
"0.36","204","Apus melba","0","0","1","0"
"0.36","204","Anthus campestris","0","0","1","0"
"0.36","204","Emberiza citrinella","0","0","1","0"
"0.36","204","Falco subbuteo","0","0","1","0"
"0.36","204","Recurvirostra avosetta","0","0","1","0"
"0.36","204","Curruca undata","0","0","1","0"
"0.36","204","Cinclus cinclus","0","0","1","0"
"0.36","204","Sylvia borin","0","0","1","0"
"0.36","204","Alcedo atthis","0","0","1","0"
"0.36","204","Aquila chrysaetos","0","0","1","0"
"0.36","204","Tadorna tadorna","0","0","1","0"
"0.36","204","Circus pygargus","0","0","1","0"
"0.36","204","Netta rufina","0","0","1","0"
"0.36","204","Actitis hypoleucos","0","0","1","0"
"0.36","204","Riparia riparia","0","0","1","0"
"0.36","204","Aythya ferina","0","0","1","0"
"0.36","204","Burhinus oedicnemus","0","0","1","0"
"0.36","204","Tringa ochropus","0","0","1","0"
"0.36","204","Galerida theklae","0","0","1","0"
"0.36","204","Pyrrhula pyrrhula","0","0","1","0"
"0.36","204","Anthus spinoletta","0","0","1","0"
"0.36","204","Nycticorax nycticorax","0","0","1","0"
"0.36","204","Phoenicopterus roseus","0","0","1","0"
"0.36","204","Sternula albifrons","0","0","1","0"
"0.36","204","Vanellus vanellus","0","0","1","0"
"0.36","204","Accipiter nisus","0","0","1","0"
"0.36","204","Coccothraustes coccothraustes","0","0","1","0"
"0.36","204","Loxia curvirostra","0","0","1","0"
"0.36","204","Poecile palustris","0","0","1","0"
"0.36","204","Columba oenas","0","0","1","0"
"0.36","204","Melanocorypha calandra","0","0","1","0"
"0.36","204","Cecropis daurica","0","0","1","0"
"0.36","204","Coracias garrulus","0","0","1","0"
"0.36","204","Ardea alba","0","0","1","0"
"0.36","204","Plegadis falcinellus","0","0","1","0"
"0.36","204","Ichthyaetus melanocephalus","0","0","1","0"
"0.36","204","Pyrrhocorax graculus","0","0","1","0"
"0.36","204","Mareca strepera","0","0","1","0"
"0.36","204","Athene noctua","0","0","1","0"
"0.36","204","Rallus aquaticus","0","0","1","0"
"0.36","204","Emberiza schoeniclus","0","0","1","0"
"0.36","204","Phasianus colchicus","0","0","1","0"
"0.36","204","Platalea leucorodia","0","0","1","0"
"0.36","204","Saxicola rubetra","0","0","1","0"
"0.36","204","Chlidonias niger","0","0","1","0"
"0.36","204","Tringa totanus","0","0","1","0"
"0.36","204","Lanius meridionalis","0","0","1","0"
"0.36","204","Passer hispaniolensis","0","0","1","0"
"0.36","204","Falco naumanni","0","0","1","0"
"0.36","204","Strix aluco","0","0","1","0"
"0.36","204","Charadrius alexandrinus","0","0","1","0"
"0.36","204","Regulus regulus","0","0","1","0"
"0.36","204","Thalasseus sandvicensis","0","0","1","0"
"0.36","204","Tyto alba","0","0","1","0"
"0.36","204","Ardeola ralloides","0","0","1","0"
"0.36","204","Psittacula krameri","0","0","1","0"
"0.36","204","Podiceps nigricollis","0","0","1","0"
"0.36","204","Passer italiae","0","0","1","0"
"0.36","204","Spatula clypeata","0","0","1","0"
"0.36","204","Ichthyaetus audouinii","0","0","1","0"
"0.36","204","Monticola solitarius","0","0","1","0"
"0.36","204","Oenanthe hispanica","0","0","1","0"
"0.36","204","Ixobrychus minutus","0","0","1","0"
"0.36","204","Chlidonias hybrida","0","0","1","0"
"0.36","204","Ficedula hypoleuca","0","0","1","0"
"0.36","204","Limosa limosa","0","0","1","0"
"0.36","204","Hippolais icterina","0","0","1","0"
"0.36","204","Otus scops","0","0","1","0"
"0.36","204","Jynx torquilla","0","0","1","0"
"0.36","204","Dendrocoptes medius","0","0","1","0"
"0.36","204","Asio otus","0","0","1","0"
"0.36","204","Monticola saxatilis","0","0","1","0"
"0.36","205","Turdus merula","0","0","1","0"
"0.36","205","Apus apus","0","0","1","0"
"0.36","205","Columba palumbus","0","0","1","0"
"0.36","205","Hirundo rustica","0","0","1","0"
"0.36","205","Passer domesticus","0","0","1","0"
"0.36","205","Fringilla coelebs","0","0","1","0"
"0.36","205","Delichon urbicum","0","0","1","0"
"0.36","205","Carduelis carduelis","0","0","1","0"
"0.36","205","Streptopelia decaocto","0","0","1","0"
"0.36","205","Pica pica","0","0","1","0"
"0.36","205","Corvus corone","0","0","1","0"
"0.36","205","Sylvia atricapilla","0","0","1","0"
"0.36","205","Parus major","0","0","1","0"
"0.36","205","Phoenicurus ochruros","0","0","1","0"
"0.36","205","Serinus serinus","0","0","1","0"
"0.36","205","Gyps fulvus","0","0","1","0"
"0.36","205","Milvus migrans","0","0","1","0"
"0.36","205","Motacilla alba","0","0","1","0"
"0.36","205","Columba livia","0","0","1","0"
"0.36","205","Garrulus glandarius","0","0","1","0"
"0.36","205","Cyanistes caeruleus","0","0","1","0"
"0.36","205","Erithacus rubecula","0","0","1","0"
"0.36","205","Falco tinnunculus","0","0","1","0"
"0.36","205","Buteo buteo","0","0","1","0"
"0.36","205","Chloris chloris","0","0","1","0"
"0.36","205","Emberiza cirlus","0","0","1","0"
"0.36","205","Oriolus oriolus","0","0","1","0"
"0.36","205","Periparus ater","0","0","1","0"
"0.36","205","Merops apiaster","0","0","1","0"
"0.36","205","Linaria cannabina","0","0","1","0"
"0.36","205","Ptyonoprogne rupestris","0","0","1","0"
"0.36","205","Anas platyrhynchos","0","0","1","0"
"0.36","205","Larus michahellis","0","0","1","0"
"0.36","205","Ardea cinerea","0","0","1","0"
"0.36","205","Troglodytes troglodytes","0","0","1","0"
"0.36","205","Dendrocopos major","0","0","1","0"
"0.36","205","Phylloscopus bonelli","0","0","1","0"
"0.36","205","Certhia brachydactyla","0","0","1","0"
"0.36","205","Corvus corax","0","0","1","0"
"0.36","205","Sturnus vulgaris","0","0","1","0"
"0.36","205","Aegithalos caudatus","0","0","1","0"
"0.36","205","Upupa epops","0","0","1","0"
"0.36","205","Saxicola rubicola","0","0","1","0"
"0.36","205","Streptopelia turtur","0","0","1","0"
"0.36","205","Lophophanes cristatus","0","0","1","0"
"0.36","205","Sitta europaea","0","0","1","0"
"0.36","205","Curruca melanocephala","0","0","1","0"
"0.36","205","Fulica atra","0","0","1","0"
"0.36","205","Egretta garzetta","0","0","1","0"
"0.36","205","Galerida cristata","0","0","1","0"
"0.36","205","Chroicocephalus ridibundus","0","0","1","0"
"0.36","205","Gallinula chloropus","0","0","1","0"
"0.36","205","Hippolais polyglotta","0","0","1","0"
"0.36","205","Picus viridis","0","0","1","0"
"0.36","205","Turdus viscivorus","0","0","1","0"
"0.36","205","Regulus ignicapilla","0","0","1","0"
"0.36","205","Luscinia megarhynchos","0","0","1","0"
"0.36","205","Circaetus gallicus","0","0","1","0"
"0.36","205","Hieraaetus pennatus","0","0","1","0"
"0.36","205","Cettia cetti","0","0","1","0"
"0.36","205","Bubulcus ibis","0","0","1","0"
"0.36","205","Phalacrocorax carbo","0","0","1","0"
"0.36","205","Pyrrhocorax pyrrhocorax","0","0","1","0"
"0.36","205","Lanius collurio","0","0","1","0"
"0.36","205","Cisticola juncidis","0","0","1","0"
"0.36","205","Lanius senator","0","0","1","0"
"0.36","205","Oenanthe oenanthe","0","0","1","0"
"0.36","205","Carduelis citrinella","0","0","1","0"
"0.36","205","Muscicapa striata","0","0","1","0"
"0.36","205","Himantopus himantopus","0","0","1","0"
"0.36","205","Lullula arborea","0","0","1","0"
"0.36","205","Motacilla cinerea","0","0","1","0"
"0.36","205","Phylloscopus collybita","0","0","1","0"
"0.36","205","Milvus milvus","0","0","1","0"
"0.36","205","Picus sharpei","0","0","1","0"
"0.36","205","Petronia petronia","0","0","1","0"
"0.36","205","Emberiza calandra","0","0","1","0"
"0.36","205","Turdus philomelos","0","0","1","0"
"0.36","205","Alauda arvensis","0","0","1","0"
"0.36","205","Circus aeruginosus","0","0","1","0"
"0.36","205","Pernis apivorus","0","0","1","0"
"0.36","205","Acrocephalus scirpaceus","0","0","1","0"
"0.36","205","Sturnus unicolor","0","0","1","0"
"0.36","205","Ciconia ciconia","0","0","1","0"
"0.36","205","Cuculus canorus","0","0","1","0"
"0.36","205","Corvus monedula","0","0","1","0"
"0.36","205","Alectoris rufa","0","0","1","0"
"0.36","205","Coturnix coturnix","0","0","1","0"
"0.36","205","Phoenicurus phoenicurus","0","0","1","0"
"0.36","205","Curruca communis","0","0","1","0"
"0.36","205","Tachybaptus ruficollis","0","0","1","0"
"0.36","205","Motacilla flava","0","0","1","0"
"0.36","205","Actitis hypoleucos","0","0","1","0"
"0.36","205","Curruca iberiae","0","0","1","0"
"0.36","205","Passer montanus","0","0","1","0"
"0.36","205","Podiceps cristatus","0","0","1","0"
"0.36","205","Alcedo atthis","0","0","1","0"
"0.36","205","Emberiza cia","0","0","1","0"
"0.36","205","Sterna hirundo","0","0","1","0"
"0.36","205","Charadrius dubius","0","0","1","0"
"0.36","205","Ardea purpurea","0","0","1","0"
"0.36","205","Prunella modularis","0","0","1","0"
"0.36","205","Anthus trivialis","0","0","1","0"
"0.36","205","Tringa ochropus","0","0","1","0"
"0.36","205","Apus melba","0","0","1","0"
"0.36","205","Anthus campestris","0","0","1","0"
"0.36","205","Recurvirostra avosetta","0","0","1","0"
"0.36","205","Cinclus cinclus","0","0","1","0"
"0.36","205","Curruca undata","0","0","1","0"
"0.36","205","Falco subbuteo","0","0","1","0"
"0.36","205","Riparia riparia","0","0","1","0"
"0.36","205","Vanellus vanellus","0","0","1","0"
"0.36","205","Aquila chrysaetos","0","0","1","0"
"0.36","205","Anthus spinoletta","0","0","1","0"
"0.36","205","Tadorna tadorna","0","0","1","0"
"0.36","205","Sylvia borin","0","0","1","0"
"0.36","205","Circus pygargus","0","0","1","0"
"0.36","205","Emberiza citrinella","0","0","1","0"
"0.36","205","Aythya ferina","0","0","1","0"
"0.36","205","Phoenicopterus roseus","0","0","1","0"
"0.36","205","Acrocephalus arundinaceus","0","0","1","0"
"0.36","205","Netta rufina","0","0","1","0"
"0.36","205","Pyrrhula pyrrhula","0","0","1","0"
"0.36","205","Nycticorax nycticorax","0","0","1","0"
"0.36","205","Accipiter nisus","0","0","1","0"
"0.36","205","Galerida theklae","0","0","1","0"
"0.36","205","Ardea alba","0","0","1","0"
"0.36","205","Cecropis daurica","0","0","1","0"
"0.36","205","Burhinus oedicnemus","0","0","1","0"
"0.36","205","Loxia curvirostra","0","0","1","0"
"0.36","205","Poecile palustris","0","0","1","0"
"0.36","205","Plegadis falcinellus","0","0","1","0"
"0.36","205","Ficedula hypoleuca","0","0","1","0"
"0.36","205","Rallus aquaticus","0","0","1","0"
"0.36","205","Sternula albifrons","0","0","1","0"
"0.36","205","Columba oenas","0","0","1","0"
"0.36","205","Coccothraustes coccothraustes","0","0","1","0"
"0.36","205","Lanius meridionalis","0","0","1","0"
"0.36","205","Platalea leucorodia","0","0","1","0"
"0.36","205","Mareca strepera","0","0","1","0"
"0.36","205","Pyrrhocorax graculus","0","0","1","0"
"0.36","205","Coracias garrulus","0","0","1","0"
"0.36","205","Athene noctua","0","0","1","0"
"0.36","205","Ichthyaetus melanocephalus","0","0","1","0"
"0.36","205","Saxicola rubetra","0","0","1","0"
"0.36","205","Chlidonias niger","0","0","1","0"
"0.36","205","Melanocorypha calandra","0","0","1","0"
"0.36","205","Tringa totanus","0","0","1","0"
"0.36","205","Thalasseus sandvicensis","0","0","1","0"
"0.36","205","Emberiza schoeniclus","0","0","1","0"
"0.36","205","Spatula clypeata","0","0","1","0"
"0.36","205","Charadrius alexandrinus","0","0","1","0"
"0.36","205","Passer hispaniolensis","0","0","1","0"
"0.36","205","Strix aluco","0","0","1","0"
"0.36","205","Podiceps nigricollis","0","0","1","0"
"0.36","205","Tyto alba","0","0","1","0"
"0.36","205","Falco naumanni","0","0","1","0"
"0.36","205","Charadrius hiaticula","0","0","1","0"
"0.36","205","Numenius arquata","0","0","1","0"
"0.36","205","Limosa limosa","0","0","1","0"
"0.36","205","Regulus regulus","0","0","1","0"
"0.36","205","Phasianus colchicus","0","0","1","0"
"0.36","205","Tringa glareola","0","0","1","0"
"0.36","205","Ichthyaetus audouinii","0","0","1","0"
"0.36","205","Psittacula krameri","0","0","1","0"
"0.36","205","Ardeola ralloides","0","0","1","0"
"0.36","205","Chlidonias hybrida","0","0","1","0"
"0.36","205","Ixobrychus minutus","0","0","1","0"
"0.36","205","Cygnus olor","0","0","1","0"
"0.36","205","Monticola solitarius","0","0","1","0"
"0.36","205","Phylloscopus trochilus","0","0","1","0"
"0.36","205","Passer italiae","0","0","1","0"
"0.36","205","Porphyrio porphyrio","0","0","1","0"
"0.36","205","Larus fuscus","0","0","1","0"
"0.36","205","Morus bassanus","0","0","1","0"
"0.36","205","Apus pallidus","0","0","1","0"
"0.36","205","Tringa nebularia","0","0","1","0"
"0.36","205","Calidris alpina","0","0","1","0"
"0.36","205","Oenanthe hispanica","0","0","1","0"
"0.36","205","Falco peregrinus","0","0","1","0"
"0.36","205","Otus scops","0","0","1","0"
"0.36","205","Jynx torquilla","0","0","1","0"
"0.36","205","Dendrocoptes medius","0","0","1","0"
"0.36","205","Asio otus","0","0","1","0"
"0.36","205","Monticola saxatilis","0","0","1","0"
"0.36","206","Turdus merula","0","0","1","0"
"0.36","206","Apus apus","0","0","1","0"
"0.36","206","Columba palumbus","0","0","1","0"
"0.36","206","Hirundo rustica","0","0","1","0"
"0.36","206","Passer domesticus","0","0","1","0"
"0.36","206","Fringilla coelebs","0","0","1","0"
"0.36","206","Delichon urbicum","0","0","1","0"
"0.36","206","Carduelis carduelis","0","0","1","0"
"0.36","206","Streptopelia decaocto","0","0","1","0"
"0.36","206","Pica pica","0","0","1","0"
"0.36","206","Corvus corone","0","0","1","0"
"0.36","206","Sylvia atricapilla","0","0","0","1"
"0.36","206","Parus major","0","0","1","0"
"0.36","206","Phoenicurus ochruros","0","0","1","0"
"0.36","206","Serinus serinus","0","0","1","0"
"0.36","206","Gyps fulvus","0","0","1","0"
"0.36","206","Milvus migrans","0","0","1","0"
"0.36","206","Motacilla alba","0","0","1","0"
"0.36","206","Columba livia","0","0","1","0"
"0.36","206","Garrulus glandarius","0","0","1","0"
"0.36","206","Cyanistes caeruleus","0","0","1","0"
"0.36","206","Erithacus rubecula","0","0","1","0"
"0.36","206","Falco tinnunculus","0","0","1","0"
"0.36","206","Buteo buteo","0","0","1","0"
"0.36","206","Chloris chloris","0","0","1","0"
"0.36","206","Emberiza cirlus","0","0","1","0"
"0.36","206","Oriolus oriolus","0","0","1","0"
"0.36","206","Periparus ater","0","0","0","1"
"0.36","206","Merops apiaster","0","0","1","0"
"0.36","206","Linaria cannabina","0","0","1","0"
"0.36","206","Ptyonoprogne rupestris","0","0","1","0"
"0.36","206","Anas platyrhynchos","0","0","1","0"
"0.36","206","Larus michahellis","0","0","1","0"
"0.36","206","Ardea cinerea","0","0","1","0"
"0.36","206","Troglodytes troglodytes","0","0","1","0"
"0.36","206","Dendrocopos major","0","0","1","0"
"0.36","206","Phylloscopus bonelli","0","0","1","0"
"0.36","206","Certhia brachydactyla","0","0","1","0"
"0.36","206","Corvus corax","0","0","1","0"
"0.36","206","Sturnus vulgaris","0","0","1","0"
"0.36","206","Aegithalos caudatus","0","0","1","0"
"0.36","206","Upupa epops","0","0","1","0"
"0.36","206","Saxicola rubicola","0","0","1","0"
"0.36","206","Streptopelia turtur","0","0","1","0"
"0.36","206","Lophophanes cristatus","0","0","1","0"
"0.36","206","Sitta europaea","0","0","1","0"
"0.36","206","Curruca melanocephala","0","0","1","0"
"0.36","206","Fulica atra","0","0","1","0"
"0.36","206","Egretta garzetta","0","0","1","0"
"0.36","206","Galerida cristata","0","0","1","0"
"0.36","206","Chroicocephalus ridibundus","0","0","1","0"
"0.36","206","Gallinula chloropus","0","0","1","0"
"0.36","206","Hippolais polyglotta","0","0","1","0"
"0.36","206","Picus viridis","0","0","1","0"
"0.36","206","Turdus viscivorus","0","0","1","0"
"0.36","206","Regulus ignicapilla","0","0","1","0"
"0.36","206","Luscinia megarhynchos","0","0","1","0"
"0.36","206","Circaetus gallicus","0","0","1","0"
"0.36","206","Hieraaetus pennatus","0","0","1","0"
"0.36","206","Cettia cetti","0","0","1","0"
"0.36","206","Bubulcus ibis","0","0","1","0"
"0.36","206","Phalacrocorax carbo","0","0","1","0"
"0.36","206","Pyrrhocorax pyrrhocorax","0","0","1","0"
"0.36","206","Lanius collurio","0","0","1","0"
"0.36","206","Cisticola juncidis","0","0","1","0"
"0.36","206","Lanius senator","0","0","1","0"
"0.36","206","Oenanthe oenanthe","0","0","1","0"
"0.36","206","Carduelis citrinella","0","0","1","0"
"0.36","206","Muscicapa striata","0","0","1","0"
"0.36","206","Himantopus himantopus","0","0","1","0"
"0.36","206","Lullula arborea","0","0","1","0"
"0.36","206","Motacilla cinerea","0","0","1","0"
"0.36","206","Phylloscopus collybita","1","0","0","0"
"0.36","206","Milvus milvus","0","0","1","0"
"0.36","206","Picus sharpei","0","0","1","0"
"0.36","206","Petronia petronia","0","0","1","0"
"0.36","206","Emberiza calandra","0","0","1","0"
"0.36","206","Turdus philomelos","0","0","1","0"
"0.36","206","Alauda arvensis","0","0","1","0"
"0.36","206","Circus aeruginosus","0","0","1","0"
"0.36","206","Pernis apivorus","0","0","1","0"
"0.36","206","Acrocephalus scirpaceus","0","0","1","0"
"0.36","206","Sturnus unicolor","0","0","1","0"
"0.36","206","Ciconia ciconia","0","0","1","0"
"0.36","206","Cuculus canorus","0","0","1","0"
"0.36","206","Corvus monedula","0","0","1","0"
"0.36","206","Alectoris rufa","0","0","1","0"
"0.36","206","Coturnix coturnix","0","0","1","0"
"0.36","206","Phoenicurus phoenicurus","0","0","1","0"
"0.36","206","Curruca communis","0","0","1","0"
"0.36","206","Tachybaptus ruficollis","0","0","1","0"
"0.36","206","Motacilla flava","0","0","1","0"
"0.36","206","Actitis hypoleucos","0","0","1","0"
"0.36","206","Curruca iberiae","0","0","1","0"
"0.36","206","Passer montanus","0","0","1","0"
"0.36","206","Podiceps cristatus","0","0","1","0"
"0.36","206","Alcedo atthis","0","0","1","0"
"0.36","206","Emberiza cia","0","0","1","0"
"0.36","206","Sterna hirundo","0","0","1","0"
"0.36","206","Charadrius dubius","0","0","1","0"
"0.36","206","Ardea purpurea","0","0","1","0"
"0.36","206","Prunella modularis","0","0","1","0"
"0.36","206","Anthus trivialis","0","0","1","0"
"0.36","206","Tringa ochropus","0","0","1","0"
"0.36","206","Apus melba","0","0","1","0"
"0.36","206","Anthus campestris","0","0","1","0"
"0.36","206","Recurvirostra avosetta","0","0","1","0"
"0.36","206","Cinclus cinclus","0","0","1","0"
"0.36","206","Curruca undata","0","0","1","0"
"0.36","206","Falco subbuteo","0","0","1","0"
"0.36","206","Riparia riparia","0","0","1","0"
"0.36","206","Vanellus vanellus","0","0","1","0"
"0.36","206","Aquila chrysaetos","0","0","1","0"
"0.36","206","Anthus spinoletta","0","0","1","0"
"0.36","206","Tadorna tadorna","0","0","1","0"
"0.36","206","Sylvia borin","0","0","1","0"
"0.36","206","Circus pygargus","0","0","1","0"
"0.36","206","Emberiza citrinella","0","0","1","0"
"0.36","206","Aythya ferina","0","0","1","0"
"0.36","206","Phoenicopterus roseus","0","0","1","0"
"0.36","206","Acrocephalus arundinaceus","0","0","1","0"
"0.36","206","Netta rufina","0","0","1","0"
"0.36","206","Pyrrhula pyrrhula","0","0","1","0"
"0.36","206","Nycticorax nycticorax","0","0","1","0"
"0.36","206","Accipiter nisus","0","0","1","0"
"0.36","206","Galerida theklae","0","0","1","0"
"0.36","206","Ardea alba","0","0","1","0"
"0.36","206","Cecropis daurica","0","0","1","0"
"0.36","206","Burhinus oedicnemus","0","0","1","0"
"0.36","206","Loxia curvirostra","0","0","1","0"
"0.36","206","Poecile palustris","0","0","1","0"
"0.36","206","Plegadis falcinellus","0","0","1","0"
"0.36","206","Ficedula hypoleuca","0","0","1","0"
"0.36","206","Rallus aquaticus","0","0","1","0"
"0.36","206","Sternula albifrons","0","0","1","0"
"0.36","206","Columba oenas","0","0","1","0"
"0.36","206","Coccothraustes coccothraustes","0","0","1","0"
"0.36","206","Lanius meridionalis","0","0","1","0"
"0.36","206","Platalea leucorodia","0","0","1","0"
"0.36","206","Mareca strepera","0","0","1","0"
"0.36","206","Pyrrhocorax graculus","0","0","1","0"
"0.36","206","Coracias garrulus","0","0","1","0"
"0.36","206","Athene noctua","0","0","1","0"
"0.36","206","Ichthyaetus melanocephalus","0","0","1","0"
"0.36","206","Saxicola rubetra","0","0","1","0"
"0.36","206","Chlidonias niger","0","0","1","0"
"0.36","206","Melanocorypha calandra","0","0","1","0"
"0.36","206","Tringa totanus","0","0","1","0"
"0.36","206","Thalasseus sandvicensis","0","0","1","0"
"0.36","206","Emberiza schoeniclus","0","0","1","0"
"0.36","206","Spatula clypeata","0","0","1","0"
"0.36","206","Charadrius alexandrinus","0","0","1","0"
"0.36","206","Passer hispaniolensis","0","0","1","0"
"0.36","206","Strix aluco","0","0","1","0"
"0.36","206","Podiceps nigricollis","0","0","1","0"
"0.36","206","Tyto alba","0","0","1","0"
"0.36","206","Falco naumanni","0","0","1","0"
"0.36","206","Charadrius hiaticula","0","0","1","0"
"0.36","206","Numenius arquata","0","0","1","0"
"0.36","206","Limosa limosa","0","0","1","0"
"0.36","206","Regulus regulus","0","0","1","0"
"0.36","206","Phasianus colchicus","0","0","1","0"
"0.36","206","Tringa glareola","0","0","1","0"
"0.36","206","Ichthyaetus audouinii","0","0","1","0"
"0.36","206","Psittacula krameri","0","0","1","0"
"0.36","206","Ardeola ralloides","0","0","1","0"
"0.36","206","Chlidonias hybrida","0","0","1","0"
"0.36","206","Ixobrychus minutus","0","0","1","0"
"0.36","206","Cygnus olor","0","0","1","0"
"0.36","206","Monticola solitarius","0","0","1","0"
"0.36","206","Phylloscopus trochilus","0","0","1","0"
"0.36","206","Passer italiae","0","0","1","0"
"0.36","206","Porphyrio porphyrio","0","0","1","0"
"0.36","206","Larus fuscus","0","0","1","0"
"0.36","206","Morus bassanus","0","0","1","0"
"0.36","206","Apus pallidus","0","0","1","0"
"0.36","206","Tringa nebularia","0","0","1","0"
"0.36","206","Calidris alpina","0","0","1","0"
"0.36","206","Oenanthe hispanica","0","0","1","0"
"0.36","206","Falco peregrinus","0","0","1","0"
"0.36","206","Otus scops","0","0","1","0"
"0.36","206","Jynx torquilla","0","0","1","0"
"0.36","206","Dendrocoptes medius","0","0","1","0"
"0.36","206","Asio otus","0","0","1","0"
"0.36","206","Monticola saxatilis","0","0","1","0"
"0.36","207","Turdus merula","0","0","1","0"
"0.36","207","Apus apus","0","0","1","0"
"0.36","207","Columba palumbus","0","0","1","0"
"0.36","207","Hirundo rustica","0","0","1","0"
"0.36","207","Passer domesticus","0","0","1","0"
"0.36","207","Fringilla coelebs","0","0","0","1"
"0.36","207","Delichon urbicum","0","0","1","0"
"0.36","207","Carduelis carduelis","0","0","1","0"
"0.36","207","Streptopelia decaocto","0","0","1","0"
"0.36","207","Pica pica","0","0","1","0"
"0.36","207","Corvus corone","0","0","1","0"
"0.36","207","Sylvia atricapilla","0","0","1","0"
"0.36","207","Parus major","0","0","1","0"
"0.36","207","Phoenicurus ochruros","0","0","1","0"
"0.36","207","Serinus serinus","0","0","1","0"
"0.36","207","Gyps fulvus","0","0","1","0"
"0.36","207","Milvus migrans","0","0","1","0"
"0.36","207","Motacilla alba","0","0","1","0"
"0.36","207","Columba livia","0","0","1","0"
"0.36","207","Garrulus glandarius","0","0","1","0"
"0.36","207","Cyanistes caeruleus","0","0","1","0"
"0.36","207","Erithacus rubecula","0","0","1","0"
"0.36","207","Falco tinnunculus","0","0","1","0"
"0.36","207","Buteo buteo","0","0","1","0"
"0.36","207","Chloris chloris","0","0","1","0"
"0.36","207","Emberiza cirlus","0","0","1","0"
"0.36","207","Oriolus oriolus","0","0","1","0"
"0.36","207","Periparus ater","0","0","1","0"
"0.36","207","Merops apiaster","0","0","1","0"
"0.36","207","Linaria cannabina","0","0","1","0"
"0.36","207","Ptyonoprogne rupestris","0","0","1","0"
"0.36","207","Anas platyrhynchos","0","0","1","0"
"0.36","207","Larus michahellis","0","0","1","0"
"0.36","207","Ardea cinerea","0","0","1","0"
"0.36","207","Troglodytes troglodytes","0","0","1","0"
"0.36","207","Dendrocopos major","0","0","1","0"
"0.36","207","Phylloscopus bonelli","0","0","1","0"
"0.36","207","Certhia brachydactyla","0","0","1","0"
"0.36","207","Corvus corax","0","0","1","0"
"0.36","207","Sturnus vulgaris","0","0","1","0"
"0.36","207","Aegithalos caudatus","0","0","1","0"
"0.36","207","Upupa epops","0","0","1","0"
"0.36","207","Saxicola rubicola","0","0","1","0"
"0.36","207","Streptopelia turtur","0","0","1","0"
"0.36","207","Lophophanes cristatus","0","0","1","0"
"0.36","207","Sitta europaea","0","0","1","0"
"0.36","207","Curruca melanocephala","0","0","1","0"
"0.36","207","Fulica atra","0","0","1","0"
"0.36","207","Egretta garzetta","0","0","1","0"
"0.36","207","Galerida cristata","0","0","1","0"
"0.36","207","Chroicocephalus ridibundus","0","0","1","0"
"0.36","207","Gallinula chloropus","0","0","1","0"
"0.36","207","Hippolais polyglotta","0","0","1","0"
"0.36","207","Picus viridis","0","0","1","0"
"0.36","207","Turdus viscivorus","0","0","1","0"
"0.36","207","Regulus ignicapilla","0","0","1","0"
"0.36","207","Luscinia megarhynchos","0","0","1","0"
"0.36","207","Circaetus gallicus","0","0","1","0"
"0.36","207","Hieraaetus pennatus","0","0","1","0"
"0.36","207","Cettia cetti","0","0","1","0"
"0.36","207","Bubulcus ibis","0","0","1","0"
"0.36","207","Phalacrocorax carbo","0","0","1","0"
"0.36","207","Pyrrhocorax pyrrhocorax","0","0","1","0"
"0.36","207","Lanius collurio","0","0","1","0"
"0.36","207","Cisticola juncidis","0","0","1","0"
"0.36","207","Lanius senator","0","0","1","0"
"0.36","207","Oenanthe oenanthe","0","0","1","0"
"0.36","207","Carduelis citrinella","0","0","1","0"
"0.36","207","Muscicapa striata","0","0","1","0"
"0.36","207","Himantopus himantopus","0","0","1","0"
"0.36","207","Lullula arborea","0","0","1","0"
"0.36","207","Motacilla cinerea","0","0","1","0"
"0.36","207","Phylloscopus collybita","1","0","0","0"
"0.36","207","Milvus milvus","0","0","1","0"
"0.36","207","Picus sharpei","0","0","1","0"
"0.36","207","Petronia petronia","0","0","1","0"
"0.36","207","Emberiza calandra","0","0","1","0"
"0.36","207","Turdus philomelos","0","0","1","0"
"0.36","207","Alauda arvensis","0","0","1","0"
"0.36","207","Circus aeruginosus","0","0","1","0"
"0.36","207","Pernis apivorus","0","0","1","0"
"0.36","207","Acrocephalus scirpaceus","0","0","1","0"
"0.36","207","Sturnus unicolor","0","0","1","0"
"0.36","207","Ciconia ciconia","0","0","1","0"
"0.36","207","Cuculus canorus","0","0","1","0"
"0.36","207","Corvus monedula","0","0","1","0"
"0.36","207","Alectoris rufa","0","0","1","0"
"0.36","207","Coturnix coturnix","0","0","1","0"
"0.36","207","Phoenicurus phoenicurus","0","0","1","0"
"0.36","207","Curruca communis","0","0","1","0"
"0.36","207","Tachybaptus ruficollis","0","0","1","0"
"0.36","207","Motacilla flava","0","0","1","0"
"0.36","207","Actitis hypoleucos","0","0","1","0"
"0.36","207","Curruca iberiae","0","0","1","0"
"0.36","207","Passer montanus","0","0","1","0"
"0.36","207","Podiceps cristatus","0","0","1","0"
"0.36","207","Alcedo atthis","0","0","1","0"
"0.36","207","Emberiza cia","0","0","1","0"
"0.36","207","Sterna hirundo","0","0","1","0"
"0.36","207","Charadrius dubius","0","0","1","0"
"0.36","207","Ardea purpurea","0","0","1","0"
"0.36","207","Prunella modularis","0","0","1","0"
"0.36","207","Anthus trivialis","0","0","1","0"
"0.36","207","Tringa ochropus","0","0","1","0"
"0.36","207","Apus melba","0","0","1","0"
"0.36","207","Anthus campestris","0","0","1","0"
"0.36","207","Recurvirostra avosetta","0","0","1","0"
"0.36","207","Cinclus cinclus","0","0","1","0"
"0.36","207","Curruca undata","0","0","1","0"
"0.36","207","Falco subbuteo","0","0","1","0"
"0.36","207","Riparia riparia","0","0","1","0"
"0.36","207","Vanellus vanellus","0","0","1","0"
"0.36","207","Aquila chrysaetos","0","0","1","0"
"0.36","207","Anthus spinoletta","0","0","1","0"
"0.36","207","Tadorna tadorna","0","0","1","0"
"0.36","207","Sylvia borin","0","0","1","0"
"0.36","207","Circus pygargus","0","0","1","0"
"0.36","207","Emberiza citrinella","0","0","1","0"
"0.36","207","Aythya ferina","0","0","1","0"
"0.36","207","Phoenicopterus roseus","0","0","1","0"
"0.36","207","Acrocephalus arundinaceus","0","0","1","0"
"0.36","207","Netta rufina","0","0","1","0"
"0.36","207","Pyrrhula pyrrhula","0","0","1","0"
"0.36","207","Nycticorax nycticorax","0","0","1","0"
"0.36","207","Accipiter nisus","0","0","1","0"
"0.36","207","Galerida theklae","0","0","1","0"
"0.36","207","Ardea alba","0","0","1","0"
"0.36","207","Cecropis daurica","0","0","1","0"
"0.36","207","Burhinus oedicnemus","0","0","1","0"
"0.36","207","Loxia curvirostra","0","0","1","0"
"0.36","207","Poecile palustris","0","0","1","0"
"0.36","207","Plegadis falcinellus","0","0","1","0"
"0.36","207","Ficedula hypoleuca","0","0","1","0"
"0.36","207","Rallus aquaticus","0","0","1","0"
"0.36","207","Sternula albifrons","0","0","1","0"
"0.36","207","Columba oenas","0","0","1","0"
"0.36","207","Coccothraustes coccothraustes","0","0","1","0"
"0.36","207","Lanius meridionalis","0","0","1","0"
"0.36","207","Platalea leucorodia","0","0","1","0"
"0.36","207","Mareca strepera","0","0","1","0"
"0.36","207","Pyrrhocorax graculus","0","0","1","0"
"0.36","207","Coracias garrulus","0","0","1","0"
"0.36","207","Athene noctua","0","0","1","0"
"0.36","207","Ichthyaetus melanocephalus","0","0","1","0"
"0.36","207","Saxicola rubetra","0","0","1","0"
"0.36","207","Chlidonias niger","0","0","1","0"
"0.36","207","Melanocorypha calandra","0","0","1","0"
"0.36","207","Tringa totanus","0","0","1","0"
"0.36","207","Thalasseus sandvicensis","0","0","1","0"
"0.36","207","Emberiza schoeniclus","0","0","1","0"
"0.36","207","Spatula clypeata","0","0","1","0"
"0.36","207","Charadrius alexandrinus","0","0","1","0"
"0.36","207","Passer hispaniolensis","0","0","1","0"
"0.36","207","Strix aluco","0","0","1","0"
"0.36","207","Podiceps nigricollis","0","0","1","0"
"0.36","207","Tyto alba","0","0","1","0"
"0.36","207","Falco naumanni","0","0","1","0"
"0.36","207","Charadrius hiaticula","0","0","1","0"
"0.36","207","Numenius arquata","0","0","1","0"
"0.36","207","Limosa limosa","0","0","1","0"
"0.36","207","Regulus regulus","0","0","1","0"
"0.36","207","Phasianus colchicus","0","0","1","0"
"0.36","207","Tringa glareola","0","0","1","0"
"0.36","207","Ichthyaetus audouinii","0","0","1","0"
"0.36","207","Psittacula krameri","0","0","1","0"
"0.36","207","Ardeola ralloides","0","0","1","0"
"0.36","207","Chlidonias hybrida","0","0","1","0"
"0.36","207","Ixobrychus minutus","0","0","1","0"
"0.36","207","Cygnus olor","0","0","1","0"
"0.36","207","Monticola solitarius","0","0","1","0"
"0.36","207","Phylloscopus trochilus","0","0","1","0"
"0.36","207","Passer italiae","0","0","1","0"
"0.36","207","Porphyrio porphyrio","0","0","1","0"
"0.36","207","Larus fuscus","0","0","1","0"
"0.36","207","Morus bassanus","0","0","1","0"
"0.36","207","Apus pallidus","0","0","1","0"
"0.36","207","Tringa nebularia","0","0","1","0"
"0.36","207","Calidris alpina","0","0","1","0"
"0.36","207","Oenanthe hispanica","0","0","1","0"
"0.36","207","Falco peregrinus","0","0","1","0"
"0.36","207","Otus scops","0","0","1","0"
"0.36","207","Jynx torquilla","0","0","1","0"
"0.36","207","Dendrocoptes medius","0","0","1","0"
"0.36","207","Asio otus","0","0","1","0"
"0.36","207","Monticola saxatilis","0","0","1","0"
"0.36","208","Turdus merula","0","0","1","0"
"0.36","208","Apus apus","0","0","1","0"
"0.36","208","Columba palumbus","0","0","1","0"
"0.36","208","Hirundo rustica","0","0","1","0"
"0.36","208","Fringilla coelebs","0","0","1","0"
"0.36","208","Passer domesticus","0","0","1","0"
"0.36","208","Sylvia atricapilla","0","0","1","0"
"0.36","208","Carduelis carduelis","0","0","1","0"
"0.36","208","Pica pica","0","0","1","0"
"0.36","208","Corvus corone","0","0","1","0"
"0.36","208","Serinus serinus","0","0","1","0"
"0.36","208","Streptopelia decaocto","0","0","1","0"
"0.36","208","Delichon urbicum","0","0","1","0"
"0.36","208","Parus major","0","0","1","0"
"0.36","208","Milvus migrans","0","0","1","0"
"0.36","208","Gyps fulvus","0","0","1","0"
"0.36","208","Phoenicurus ochruros","0","0","1","0"
"0.36","208","Motacilla alba","0","0","1","0"
"0.36","208","Erithacus rubecula","0","0","1","0"
"0.36","208","Garrulus glandarius","0","0","1","0"
"0.36","208","Cyanistes caeruleus","0","0","1","0"
"0.36","208","Chloris chloris","0","0","1","0"
"0.36","208","Columba livia","0","0","1","0"
"0.36","208","Oriolus oriolus","0","0","1","0"
"0.36","208","Luscinia megarhynchos","0","0","1","0"
"0.36","208","Emberiza cirlus","0","0","1","0"
"0.36","208","Falco tinnunculus","0","0","1","0"
"0.36","208","Troglodytes troglodytes","0","0","1","0"
"0.36","208","Cuculus canorus","0","0","1","0"
"0.36","208","Buteo buteo","0","0","1","0"
"0.36","208","Phylloscopus bonelli","0","0","1","0"
"0.36","208","Linaria cannabina","0","0","1","0"
"0.36","208","Merops apiaster","0","0","1","0"
"0.36","208","Periparus ater","0","0","1","0"
"0.36","208","Hippolais polyglotta","0","0","1","0"
"0.36","208","Anas platyrhynchos","0","0","1","0"
"0.36","208","Sturnus vulgaris","0","0","1","0"
"0.36","208","Larus michahellis","0","0","1","0"
"0.36","208","Ptyonoprogne rupestris","0","0","1","0"
"0.36","208","Upupa epops","0","0","1","0"
"0.36","208","Certhia brachydactyla","0","0","1","0"
"0.36","208","Saxicola rubicola","0","0","1","0"
"0.36","208","Streptopelia turtur","0","0","1","0"
"0.36","208","Dendrocopos major","0","0","1","0"
"0.36","208","Ardea cinerea","0","0","1","0"
"0.36","208","Emberiza calandra","0","0","1","0"
"0.36","208","Corvus corax","0","0","1","0"
"0.36","208","Aegithalos caudatus","0","0","1","0"
"0.36","208","Galerida cristata","0","0","1","0"
"0.36","208","Regulus ignicapilla","0","0","1","0"
"0.36","208","Curruca melanocephala","0","0","1","0"
"0.36","208","Turdus viscivorus","0","0","1","0"
"0.36","208","Lullula arborea","0","0","1","0"
"0.36","208","Lophophanes cristatus","0","0","1","0"
"0.36","208","Petronia petronia","0","0","1","0"
"0.36","208","Sitta europaea","0","0","1","0"
"0.36","208","Cettia cetti","0","0","1","0"
"0.36","208","Pyrrhocorax pyrrhocorax","0","0","1","0"
"0.36","208","Alauda arvensis","0","0","1","0"
"0.36","208","Turdus philomelos","0","0","1","0"
"0.36","208","Picus viridis","0","0","1","0"
"0.36","208","Fulica atra","0","0","1","0"
"0.36","208","Sturnus unicolor","0","0","1","0"
"0.36","208","Picus sharpei","0","0","1","0"
"0.36","208","Cisticola juncidis","0","0","1","0"
"0.36","208","Hieraaetus pennatus","0","0","1","0"
"0.36","208","Circaetus gallicus","0","0","1","0"
"0.36","208","Egretta garzetta","0","0","1","0"
"0.36","208","Oenanthe oenanthe","0","0","1","0"
"0.36","208","Gallinula chloropus","0","0","1","0"
"0.36","208","Lanius collurio","0","0","1","0"
"0.36","208","Carduelis citrinella","0","0","1","0"
"0.36","208","Lanius senator","0","0","1","0"
"0.36","208","Phalacrocorax carbo","0","0","1","0"
"0.36","208","Phylloscopus collybita","0","0","1","0"
"0.36","208","Curruca communis","0","0","1","0"
"0.36","208","Milvus milvus","0","0","1","0"
"0.36","208","Himantopus himantopus","0","0","1","0"
"0.36","208","Ciconia ciconia","0","0","1","0"
"0.36","208","Alectoris rufa","0","0","1","0"
"0.36","208","Phoenicurus phoenicurus","0","0","1","0"
"0.36","208","Corvus monedula","0","0","1","0"
"0.36","208","Chroicocephalus ridibundus","0","0","1","0"
"0.36","208","Motacilla cinerea","0","0","1","0"
"0.36","208","Acrocephalus scirpaceus","0","0","1","0"
"0.36","208","Curruca iberiae","0","0","1","0"
"0.36","208","Circus aeruginosus","0","0","1","0"
"0.36","208","Coturnix coturnix","0","0","1","0"
"0.36","208","Bubulcus ibis","0","0","1","0"
"0.36","208","Emberiza cia","0","0","1","0"
"0.36","208","Muscicapa striata","0","0","1","0"
"0.36","208","Motacilla flava","0","0","1","0"
"0.36","208","Acrocephalus arundinaceus","0","0","1","0"
"0.36","208","Passer montanus","0","0","1","0"
"0.36","208","Prunella modularis","0","0","1","0"
"0.36","208","Pernis apivorus","0","0","1","0"
"0.36","208","Sterna hirundo","0","0","1","0"
"0.36","208","Emberiza citrinella","0","0","1","0"
"0.36","208","Ardea purpurea","0","0","1","0"
"0.36","208","Anthus trivialis","0","0","1","0"
"0.36","208","Podiceps cristatus","0","0","1","0"
"0.36","208","Curruca undata","0","0","1","0"
"0.36","208","Charadrius dubius","0","0","1","0"
"0.36","208","Tachybaptus ruficollis","0","0","1","0"
"0.36","208","Galerida theklae","0","0","1","0"
"0.36","208","Sylvia borin","0","0","1","0"
"0.36","208","Anthus campestris","0","0","1","0"
"0.36","208","Apus melba","0","0","1","0"
"0.36","208","Falco subbuteo","0","0","1","0"
"0.36","208","Recurvirostra avosetta","0","0","1","0"
"0.36","208","Circus pygargus","0","0","1","0"
"0.36","208","Tadorna tadorna","0","0","1","0"
"0.36","208","Riparia riparia","0","0","1","0"
"0.36","208","Aquila chrysaetos","0","0","1","0"
"0.36","208","Netta rufina","0","0","1","0"
"0.36","208","Cinclus cinclus","0","0","1","0"
"0.36","208","Pyrrhula pyrrhula","0","0","1","0"
"0.36","208","Burhinus oedicnemus","0","0","1","0"
"0.36","208","Actitis hypoleucos","0","0","1","0"
"0.36","208","Aythya ferina","0","0","1","0"
"0.36","208","Melanocorypha calandra","0","0","1","0"
"0.36","208","Sternula albifrons","0","0","1","0"
"0.36","208","Alcedo atthis","0","0","1","0"
"0.36","208","Phoenicopterus roseus","0","0","1","0"
"0.36","208","Nycticorax nycticorax","0","0","1","0"
"0.36","208","Coccothraustes coccothraustes","0","0","1","0"
"0.36","208","Accipiter nisus","0","0","1","0"
"0.36","208","Poecile palustris","0","0","1","0"
"0.36","208","Cecropis daurica","0","0","1","0"
"0.36","208","Vanellus vanellus","0","0","1","0"
"0.36","208","Mareca strepera","0","0","1","0"
"0.36","208","Loxia curvirostra","0","0","1","0"
"0.36","208","Coracias garrulus","0","0","1","0"
"0.36","208","Tringa ochropus","0","0","1","0"
"0.36","208","Saxicola rubetra","0","0","1","0"
"0.36","208","Pyrrhocorax graculus","0","0","1","0"
"0.36","208","Phasianus colchicus","0","0","1","0"
"0.36","208","Anthus spinoletta","0","0","1","0"
"0.36","208","Plegadis falcinellus","0","0","1","0"
"0.36","208","Passer hispaniolensis","0","0","1","0"
"0.36","208","Athene noctua","0","0","1","0"
"0.36","208","Tringa totanus","0","0","1","0"
"0.36","208","Lanius meridionalis","0","0","1","0"
"0.36","208","Emberiza schoeniclus","0","0","1","0"
"0.36","208","Ichthyaetus melanocephalus","0","0","1","0"
"0.36","208","Falco naumanni","0","0","1","0"
"0.36","208","Columba oenas","0","0","1","0"
"0.36","208","Ardea alba","0","0","1","0"
"0.36","208","Regulus regulus","0","0","1","0"
"0.36","208","Platalea leucorodia","0","0","1","0"
"0.36","208","Rallus aquaticus","0","0","1","0"
"0.36","208","Psittacula krameri","0","0","1","0"
"0.36","208","Oenanthe hispanica","0","0","1","0"
"0.36","208","Strix aluco","0","0","1","0"
"0.36","208","Phylloscopus ibericus","0","0","1","0"
"0.36","208","Spatula clypeata","0","0","1","0"
"0.36","208","Charadrius alexandrinus","0","0","1","0"
"0.36","208","Chlidonias niger","0","0","1","0"
"0.36","208","Monticola solitarius","0","0","1","0"
"0.36","208","Ardeola ralloides","0","0","1","0"
"0.36","208","Aegypius monachus","0","0","1","0"
"0.36","208","Otus scops","0","0","1","0"
"0.36","208","Jynx torquilla","0","0","1","0"
"0.36","208","Dendrocoptes medius","0","0","1","0"
"0.36","208","Asio otus","0","0","1","0"
"0.36","208","Monticola saxatilis","0","0","1","0"
"0.36","209","Turdus merula","0","0","1","0"
"0.36","209","Apus apus","0","0","1","0"
"0.36","209","Columba palumbus","0","0","1","0"
"0.36","209","Hirundo rustica","0","0","1","0"
"0.36","209","Fringilla coelebs","0","0","0","1"
"0.36","209","Passer domesticus","0","0","1","0"
"0.36","209","Sylvia atricapilla","0","0","1","0"
"0.36","209","Carduelis carduelis","0","0","1","0"
"0.36","209","Pica pica","0","0","1","0"
"0.36","209","Corvus corone","1","0","0","0"
"0.36","209","Serinus serinus","0","0","1","0"
"0.36","209","Streptopelia decaocto","0","0","1","0"
"0.36","209","Delichon urbicum","0","0","1","0"
"0.36","209","Parus major","0","0","1","0"
"0.36","209","Milvus migrans","0","0","1","0"
"0.36","209","Gyps fulvus","0","0","1","0"
"0.36","209","Phoenicurus ochruros","0","0","1","0"
"0.36","209","Motacilla alba","0","0","1","0"
"0.36","209","Erithacus rubecula","0","0","1","0"
"0.36","209","Garrulus glandarius","0","0","1","0"
"0.36","209","Cyanistes caeruleus","0","0","1","0"
"0.36","209","Chloris chloris","0","0","1","0"
"0.36","209","Columba livia","0","0","1","0"
"0.36","209","Oriolus oriolus","0","0","1","0"
"0.36","209","Luscinia megarhynchos","0","0","1","0"
"0.36","209","Emberiza cirlus","0","0","1","0"
"0.36","209","Falco tinnunculus","0","0","1","0"
"0.36","209","Troglodytes troglodytes","0","0","1","0"
"0.36","209","Cuculus canorus","0","0","1","0"
"0.36","209","Buteo buteo","0","0","1","0"
"0.36","209","Phylloscopus bonelli","0","0","1","0"
"0.36","209","Linaria cannabina","0","0","1","0"
"0.36","209","Merops apiaster","0","0","1","0"
"0.36","209","Periparus ater","0","0","1","0"
"0.36","209","Hippolais polyglotta","0","0","1","0"
"0.36","209","Anas platyrhynchos","0","0","1","0"
"0.36","209","Sturnus vulgaris","0","0","1","0"
"0.36","209","Larus michahellis","0","0","1","0"
"0.36","209","Ptyonoprogne rupestris","0","0","1","0"
"0.36","209","Upupa epops","0","0","1","0"
"0.36","209","Certhia brachydactyla","0","0","1","0"
"0.36","209","Saxicola rubicola","0","0","1","0"
"0.36","209","Streptopelia turtur","0","0","1","0"
"0.36","209","Dendrocopos major","0","0","1","0"
"0.36","209","Ardea cinerea","0","0","1","0"
"0.36","209","Emberiza calandra","0","0","1","0"
"0.36","209","Corvus corax","0","0","1","0"
"0.36","209","Aegithalos caudatus","0","0","1","0"
"0.36","209","Galerida cristata","0","0","1","0"
"0.36","209","Regulus ignicapilla","0","0","1","0"
"0.36","209","Curruca melanocephala","0","0","1","0"
"0.36","209","Turdus viscivorus","0","0","1","0"
"0.36","209","Lullula arborea","0","0","0","1"
"0.36","209","Lophophanes cristatus","0","0","1","0"
"0.36","209","Petronia petronia","0","0","1","0"
"0.36","209","Sitta europaea","0","0","1","0"
"0.36","209","Cettia cetti","0","0","1","0"
"0.36","209","Pyrrhocorax pyrrhocorax","0","0","1","0"
"0.36","209","Alauda arvensis","0","0","1","0"
"0.36","209","Turdus philomelos","0","0","1","0"
"0.36","209","Picus viridis","0","0","1","0"
"0.36","209","Fulica atra","0","0","1","0"
"0.36","209","Sturnus unicolor","0","0","1","0"
"0.36","209","Picus sharpei","0","0","1","0"
"0.36","209","Cisticola juncidis","0","0","1","0"
"0.36","209","Hieraaetus pennatus","0","0","1","0"
"0.36","209","Circaetus gallicus","0","0","1","0"
"0.36","209","Egretta garzetta","0","0","1","0"
"0.36","209","Oenanthe oenanthe","0","0","1","0"
"0.36","209","Gallinula chloropus","0","0","1","0"
"0.36","209","Lanius collurio","0","0","1","0"
"0.36","209","Carduelis citrinella","0","0","1","0"
"0.36","209","Lanius senator","0","0","1","0"
"0.36","209","Phalacrocorax carbo","0","0","1","0"
"0.36","209","Phylloscopus collybita","0","0","1","0"
"0.36","209","Curruca communis","0","0","1","0"
"0.36","209","Milvus milvus","0","0","1","0"
"0.36","209","Himantopus himantopus","0","0","1","0"
"0.36","209","Ciconia ciconia","0","0","1","0"
"0.36","209","Alectoris rufa","0","0","1","0"
"0.36","209","Phoenicurus phoenicurus","0","0","1","0"
"0.36","209","Corvus monedula","0","0","1","0"
"0.36","209","Chroicocephalus ridibundus","0","0","1","0"
"0.36","209","Motacilla cinerea","0","0","1","0"
"0.36","209","Acrocephalus scirpaceus","0","0","1","0"
"0.36","209","Curruca iberiae","0","0","1","0"
"0.36","209","Circus aeruginosus","0","0","1","0"
"0.36","209","Coturnix coturnix","0","0","1","0"
"0.36","209","Bubulcus ibis","0","0","1","0"
"0.36","209","Emberiza cia","0","0","1","0"
"0.36","209","Muscicapa striata","0","0","1","0"
"0.36","209","Motacilla flava","0","0","1","0"
"0.36","209","Acrocephalus arundinaceus","0","0","1","0"
"0.36","209","Passer montanus","0","0","1","0"
"0.36","209","Prunella modularis","0","0","1","0"
"0.36","209","Pernis apivorus","0","0","1","0"
"0.36","209","Sterna hirundo","0","0","1","0"
"0.36","209","Emberiza citrinella","0","0","1","0"
"0.36","209","Ardea purpurea","0","0","1","0"
"0.36","209","Anthus trivialis","0","0","1","0"
"0.36","209","Podiceps cristatus","0","0","1","0"
"0.36","209","Curruca undata","0","0","1","0"
"0.36","209","Charadrius dubius","0","0","1","0"
"0.36","209","Tachybaptus ruficollis","0","0","1","0"
"0.36","209","Galerida theklae","0","0","1","0"
"0.36","209","Sylvia borin","0","0","1","0"
"0.36","209","Anthus campestris","0","0","1","0"
"0.36","209","Apus melba","0","0","1","0"
"0.36","209","Falco subbuteo","0","0","1","0"
"0.36","209","Recurvirostra avosetta","0","0","1","0"
"0.36","209","Circus pygargus","0","0","1","0"
"0.36","209","Tadorna tadorna","0","0","1","0"
"0.36","209","Riparia riparia","0","0","1","0"
"0.36","209","Aquila chrysaetos","0","0","1","0"
"0.36","209","Netta rufina","0","0","1","0"
"0.36","209","Cinclus cinclus","0","0","1","0"
"0.36","209","Pyrrhula pyrrhula","0","0","1","0"
"0.36","209","Burhinus oedicnemus","0","0","1","0"
"0.36","209","Actitis hypoleucos","0","0","1","0"
"0.36","209","Aythya ferina","0","0","1","0"
"0.36","209","Melanocorypha calandra","0","0","1","0"
"0.36","209","Sternula albifrons","0","0","1","0"
"0.36","209","Alcedo atthis","0","0","1","0"
"0.36","209","Phoenicopterus roseus","0","0","1","0"
"0.36","209","Nycticorax nycticorax","0","0","1","0"
"0.36","209","Coccothraustes coccothraustes","0","0","1","0"
"0.36","209","Accipiter nisus","0","0","1","0"
"0.36","209","Poecile palustris","0","0","0","1"
"0.36","209","Cecropis daurica","0","0","1","0"
"0.36","209","Vanellus vanellus","0","0","1","0"
"0.36","209","Mareca strepera","0","0","1","0"
"0.36","209","Loxia curvirostra","0","0","1","0"
"0.36","209","Coracias garrulus","0","0","1","0"
"0.36","209","Tringa ochropus","0","0","1","0"
"0.36","209","Saxicola rubetra","0","0","1","0"
"0.36","209","Pyrrhocorax graculus","0","0","1","0"
"0.36","209","Phasianus colchicus","0","0","1","0"
"0.36","209","Anthus spinoletta","0","0","1","0"
"0.36","209","Plegadis falcinellus","0","0","1","0"
"0.36","209","Passer hispaniolensis","0","0","1","0"
"0.36","209","Athene noctua","0","0","1","0"
"0.36","209","Tringa totanus","0","0","1","0"
"0.36","209","Lanius meridionalis","0","0","1","0"
"0.36","209","Emberiza schoeniclus","0","0","1","0"
"0.36","209","Ichthyaetus melanocephalus","0","0","1","0"
"0.36","209","Falco naumanni","0","0","1","0"
"0.36","209","Columba oenas","0","0","1","0"
"0.36","209","Ardea alba","0","0","1","0"
"0.36","209","Regulus regulus","0","0","1","0"
"0.36","209","Platalea leucorodia","0","0","1","0"
"0.36","209","Rallus aquaticus","0","0","1","0"
"0.36","209","Psittacula krameri","0","0","1","0"
"0.36","209","Oenanthe hispanica","0","0","1","0"
"0.36","209","Strix aluco","0","0","1","0"
"0.36","209","Phylloscopus ibericus","0","0","1","0"
"0.36","209","Spatula clypeata","0","0","1","0"
"0.36","209","Charadrius alexandrinus","0","0","1","0"
"0.36","209","Chlidonias niger","0","0","1","0"
"0.36","209","Monticola solitarius","0","0","1","0"
"0.36","209","Ardeola ralloides","0","0","1","0"
"0.36","209","Aegypius monachus","0","0","1","0"
"0.36","209","Otus scops","0","0","1","0"
"0.36","209","Jynx torquilla","0","0","1","0"
"0.36","209","Dendrocoptes medius","0","0","1","0"
"0.36","209","Asio otus","0","0","1","0"
"0.36","209","Monticola saxatilis","0","0","1","0"
"0.36","210","Turdus merula","0","0","1","0"
"0.36","210","Apus apus","0","0","1","0"
"0.36","210","Columba palumbus","0","0","1","0"
"0.36","210","Hirundo rustica","0","0","1","0"
"0.36","210","Fringilla coelebs","0","0","0","1"
"0.36","210","Passer domesticus","0","0","1","0"
"0.36","210","Sylvia atricapilla","0","0","1","0"
"0.36","210","Carduelis carduelis","0","0","1","0"
"0.36","210","Pica pica","0","0","1","0"
"0.36","210","Corvus corone","0","0","1","0"
"0.36","210","Serinus serinus","0","0","1","0"
"0.36","210","Streptopelia decaocto","0","0","1","0"
"0.36","210","Delichon urbicum","0","0","1","0"
"0.36","210","Parus major","0","0","1","0"
"0.36","210","Milvus migrans","0","0","1","0"
"0.36","210","Gyps fulvus","0","0","1","0"
"0.36","210","Phoenicurus ochruros","0","0","1","0"
"0.36","210","Motacilla alba","0","0","1","0"
"0.36","210","Erithacus rubecula","0","0","1","0"
"0.36","210","Garrulus glandarius","0","0","1","0"
"0.36","210","Cyanistes caeruleus","0","0","1","0"
"0.36","210","Chloris chloris","0","0","1","0"
"0.36","210","Columba livia","0","0","1","0"
"0.36","210","Oriolus oriolus","0","0","1","0"
"0.36","210","Luscinia megarhynchos","0","0","1","0"
"0.36","210","Emberiza cirlus","0","0","1","0"
"0.36","210","Falco tinnunculus","0","0","1","0"
"0.36","210","Troglodytes troglodytes","0","0","1","0"
"0.36","210","Cuculus canorus","0","0","1","0"
"0.36","210","Buteo buteo","0","0","1","0"
"0.36","210","Phylloscopus bonelli","0","0","1","0"
"0.36","210","Linaria cannabina","0","0","1","0"
"0.36","210","Merops apiaster","0","0","1","0"
"0.36","210","Periparus ater","0","0","1","0"
"0.36","210","Hippolais polyglotta","0","0","1","0"
"0.36","210","Anas platyrhynchos","0","0","1","0"
"0.36","210","Sturnus vulgaris","0","0","1","0"
"0.36","210","Larus michahellis","0","0","1","0"
"0.36","210","Ptyonoprogne rupestris","0","0","1","0"
"0.36","210","Upupa epops","0","0","1","0"
"0.36","210","Certhia brachydactyla","0","0","1","0"
"0.36","210","Saxicola rubicola","0","0","1","0"
"0.36","210","Streptopelia turtur","0","0","1","0"
"0.36","210","Dendrocopos major","0","0","1","0"
"0.36","210","Ardea cinerea","0","0","1","0"
"0.36","210","Emberiza calandra","0","0","1","0"
"0.36","210","Corvus corax","0","0","1","0"
"0.36","210","Aegithalos caudatus","0","0","1","0"
"0.36","210","Galerida cristata","0","0","1","0"
"0.36","210","Regulus ignicapilla","0","0","1","0"
"0.36","210","Curruca melanocephala","0","0","1","0"
"0.36","210","Turdus viscivorus","0","0","1","0"
"0.36","210","Lullula arborea","0","0","0","1"
"0.36","210","Lophophanes cristatus","0","0","1","0"
"0.36","210","Petronia petronia","0","0","1","0"
"0.36","210","Sitta europaea","0","0","1","0"
"0.36","210","Cettia cetti","0","0","1","0"
"0.36","210","Pyrrhocorax pyrrhocorax","0","0","1","0"
"0.36","210","Alauda arvensis","0","0","1","0"
"0.36","210","Turdus philomelos","0","0","1","0"
"0.36","210","Picus viridis","0","0","1","0"
"0.36","210","Fulica atra","0","0","1","0"
"0.36","210","Sturnus unicolor","0","0","1","0"
"0.36","210","Picus sharpei","0","0","1","0"
"0.36","210","Cisticola juncidis","0","0","1","0"
"0.36","210","Hieraaetus pennatus","0","0","1","0"
"0.36","210","Circaetus gallicus","0","0","1","0"
"0.36","210","Egretta garzetta","0","0","1","0"
"0.36","210","Oenanthe oenanthe","0","0","1","0"
"0.36","210","Gallinula chloropus","0","0","1","0"
"0.36","210","Lanius collurio","0","0","1","0"
"0.36","210","Carduelis citrinella","0","0","1","0"
"0.36","210","Lanius senator","0","0","1","0"
"0.36","210","Phalacrocorax carbo","0","0","1","0"
"0.36","210","Phylloscopus collybita","0","0","1","0"
"0.36","210","Curruca communis","0","0","1","0"
"0.36","210","Milvus milvus","0","0","1","0"
"0.36","210","Himantopus himantopus","0","0","1","0"
"0.36","210","Ciconia ciconia","0","0","1","0"
"0.36","210","Alectoris rufa","0","0","1","0"
"0.36","210","Phoenicurus phoenicurus","0","0","1","0"
"0.36","210","Corvus monedula","0","0","1","0"
"0.36","210","Chroicocephalus ridibundus","0","0","1","0"
"0.36","210","Motacilla cinerea","0","0","1","0"
"0.36","210","Acrocephalus scirpaceus","0","0","1","0"
"0.36","210","Curruca iberiae","0","0","1","0"
"0.36","210","Circus aeruginosus","0","0","1","0"
"0.36","210","Coturnix coturnix","0","0","1","0"
"0.36","210","Bubulcus ibis","0","0","1","0"
"0.36","210","Emberiza cia","0","0","1","0"
"0.36","210","Muscicapa striata","0","0","1","0"
"0.36","210","Motacilla flava","0","0","1","0"
"0.36","210","Acrocephalus arundinaceus","0","0","1","0"
"0.36","210","Passer montanus","0","0","1","0"
"0.36","210","Prunella modularis","0","0","1","0"
"0.36","210","Pernis apivorus","0","0","1","0"
"0.36","210","Sterna hirundo","0","0","1","0"
"0.36","210","Emberiza citrinella","0","0","1","0"
"0.36","210","Ardea purpurea","0","0","1","0"
"0.36","210","Anthus trivialis","0","0","0","1"
"0.36","210","Podiceps cristatus","0","0","1","0"
"0.36","210","Curruca undata","0","0","1","0"
"0.36","210","Charadrius dubius","0","0","1","0"
"0.36","210","Tachybaptus ruficollis","0","0","1","0"
"0.36","210","Galerida theklae","0","0","1","0"
"0.36","210","Sylvia borin","0","0","1","0"
"0.36","210","Anthus campestris","0","0","1","0"
"0.36","210","Apus melba","0","0","1","0"
"0.36","210","Falco subbuteo","0","0","1","0"
"0.36","210","Recurvirostra avosetta","0","0","1","0"
"0.36","210","Circus pygargus","0","0","1","0"
"0.36","210","Tadorna tadorna","0","0","1","0"
"0.36","210","Riparia riparia","0","0","1","0"
"0.36","210","Aquila chrysaetos","0","0","1","0"
"0.36","210","Netta rufina","0","0","1","0"
"0.36","210","Cinclus cinclus","0","0","1","0"
"0.36","210","Pyrrhula pyrrhula","0","0","1","0"
"0.36","210","Burhinus oedicnemus","0","0","1","0"
"0.36","210","Actitis hypoleucos","0","0","1","0"
"0.36","210","Aythya ferina","0","0","1","0"
"0.36","210","Melanocorypha calandra","0","0","1","0"
"0.36","210","Sternula albifrons","0","0","1","0"
"0.36","210","Alcedo atthis","0","0","1","0"
"0.36","210","Phoenicopterus roseus","0","0","1","0"
"0.36","210","Nycticorax nycticorax","0","0","1","0"
"0.36","210","Coccothraustes coccothraustes","0","0","1","0"
"0.36","210","Accipiter nisus","0","0","1","0"
"0.36","210","Poecile palustris","0","0","1","0"
"0.36","210","Cecropis daurica","0","0","1","0"
"0.36","210","Vanellus vanellus","0","0","1","0"
"0.36","210","Mareca strepera","0","0","1","0"
"0.36","210","Loxia curvirostra","0","0","1","0"
"0.36","210","Coracias garrulus","0","0","1","0"
"0.36","210","Tringa ochropus","0","0","1","0"
"0.36","210","Saxicola rubetra","0","0","1","0"
"0.36","210","Pyrrhocorax graculus","0","0","1","0"
"0.36","210","Phasianus colchicus","0","0","1","0"
"0.36","210","Anthus spinoletta","0","0","1","0"
"0.36","210","Plegadis falcinellus","0","0","1","0"
"0.36","210","Passer hispaniolensis","0","0","1","0"
"0.36","210","Athene noctua","0","0","1","0"
"0.36","210","Tringa totanus","0","0","1","0"
"0.36","210","Lanius meridionalis","0","0","1","0"
"0.36","210","Emberiza schoeniclus","0","0","1","0"
"0.36","210","Ichthyaetus melanocephalus","0","0","1","0"
"0.36","210","Falco naumanni","0","0","1","0"
"0.36","210","Columba oenas","0","0","1","0"
"0.36","210","Ardea alba","0","0","1","0"
"0.36","210","Regulus regulus","0","0","1","0"
"0.36","210","Platalea leucorodia","0","0","1","0"
"0.36","210","Rallus aquaticus","0","0","1","0"
"0.36","210","Psittacula krameri","0","0","1","0"
"0.36","210","Oenanthe hispanica","0","0","1","0"
"0.36","210","Strix aluco","0","0","1","0"
"0.36","210","Phylloscopus ibericus","0","0","1","0"
"0.36","210","Spatula clypeata","0","0","1","0"
"0.36","210","Charadrius alexandrinus","0","0","1","0"
"0.36","210","Chlidonias niger","0","0","1","0"
"0.36","210","Monticola solitarius","0","0","1","0"
"0.36","210","Ardeola ralloides","0","0","1","0"
"0.36","210","Aegypius monachus","0","0","1","0"
"0.36","210","Otus scops","0","0","1","0"
"0.36","210","Jynx torquilla","0","0","1","0"
"0.36","210","Dendrocoptes medius","0","0","1","0"
"0.36","210","Asio otus","0","0","1","0"
"0.36","210","Monticola saxatilis","0","0","1","0"
"0.36","211","Turdus merula","0","0","1","0"
"0.36","211","Columba palumbus","0","0","1","0"
"0.36","211","Apus apus","0","0","1","0"
"0.36","211","Hirundo rustica","0","0","1","0"
"0.36","211","Passer domesticus","0","0","1","0"
"0.36","211","Delichon urbicum","0","0","1","0"
"0.36","211","Streptopelia decaocto","0","0","1","0"
"0.36","211","Carduelis carduelis","0","0","1","0"
"0.36","211","Fringilla coelebs","0","0","1","0"
"0.36","211","Pica pica","0","0","1","0"
"0.36","211","Corvus corone","0","0","1","0"
"0.36","211","Sylvia atricapilla","0","0","1","0"
"0.36","211","Parus major","0","0","1","0"
"0.36","211","Phoenicurus ochruros","0","0","1","0"
"0.36","211","Serinus serinus","0","0","1","0"
"0.36","211","Gyps fulvus","0","0","1","0"
"0.36","211","Columba livia","0","0","1","0"
"0.36","211","Garrulus glandarius","0","0","1","0"
"0.36","211","Cyanistes caeruleus","0","0","1","0"
"0.36","211","Motacilla alba","0","0","1","0"
"0.36","211","Falco tinnunculus","0","0","1","0"
"0.36","211","Milvus migrans","0","0","1","0"
"0.36","211","Erithacus rubecula","0","0","1","0"
"0.36","211","Buteo buteo","0","0","1","0"
"0.36","211","Chloris chloris","0","0","1","0"
"0.36","211","Emberiza cirlus","0","0","1","0"
"0.36","211","Periparus ater","0","0","1","0"
"0.36","211","Merops apiaster","0","0","1","0"
"0.36","211","Larus michahellis","0","0","1","0"
"0.36","211","Anas platyrhynchos","0","0","1","0"
"0.36","211","Oriolus oriolus","0","0","1","0"
"0.36","211","Ptyonoprogne rupestris","0","0","1","0"
"0.36","211","Ardea cinerea","0","0","1","0"
"0.36","211","Linaria cannabina","0","0","1","0"
"0.36","211","Dendrocopos major","0","0","1","0"
"0.36","211","Phylloscopus bonelli","0","0","1","0"
"0.36","211","Certhia brachydactyla","0","0","1","0"
"0.36","211","Troglodytes troglodytes","0","0","1","0"
"0.36","211","Corvus corax","0","0","1","0"
"0.36","211","Aegithalos caudatus","0","0","1","0"
"0.36","211","Sturnus vulgaris","0","0","1","0"
"0.36","211","Lophophanes cristatus","0","0","1","0"
"0.36","211","Sitta europaea","0","0","1","0"
"0.36","211","Upupa epops","0","0","1","0"
"0.36","211","Curruca melanocephala","0","0","1","0"
"0.36","211","Fulica atra","0","0","1","0"
"0.36","211","Egretta garzetta","0","0","1","0"
"0.36","211","Saxicola rubicola","0","0","1","0"
"0.36","211","Streptopelia turtur","0","0","1","0"
"0.36","211","Gallinula chloropus","0","0","1","0"
"0.36","211","Chroicocephalus ridibundus","0","0","1","0"
"0.36","211","Picus viridis","0","0","1","0"
"0.36","211","Galerida cristata","0","0","1","0"
"0.36","211","Turdus viscivorus","0","0","1","0"
"0.36","211","Circaetus gallicus","0","0","1","0"
"0.36","211","Bubulcus ibis","0","0","1","0"
"0.36","211","Regulus ignicapilla","0","0","1","0"
"0.36","211","Muscicapa striata","0","0","1","0"
"0.36","211","Hieraaetus pennatus","0","0","1","0"
"0.36","211","Phalacrocorax carbo","0","0","1","0"
"0.36","211","Cettia cetti","0","0","1","0"
"0.36","211","Hippolais polyglotta","0","0","1","0"
"0.36","211","Himantopus himantopus","0","0","1","0"
"0.36","211","Oenanthe oenanthe","0","0","1","0"
"0.36","211","Lanius collurio","0","0","1","0"
"0.36","211","Carduelis citrinella","0","0","1","0"
"0.36","211","Cisticola juncidis","0","0","1","0"
"0.36","211","Lanius senator","0","0","1","0"
"0.36","211","Pyrrhocorax pyrrhocorax","0","0","1","0"
"0.36","211","Motacilla cinerea","0","0","1","0"
"0.36","211","Luscinia megarhynchos","0","0","1","0"
"0.36","211","Milvus milvus","0","0","1","0"
"0.36","211","Pernis apivorus","0","0","1","0"
"0.36","211","Phylloscopus collybita","0","0","1","0"
"0.36","211","Lullula arborea","0","0","1","0"
"0.36","211","Circus aeruginosus","0","0","1","0"
"0.36","211","Petronia petronia","0","0","1","0"
"0.36","211","Acrocephalus scirpaceus","0","0","1","0"
"0.36","211","Picus sharpei","0","0","1","0"
"0.36","211","Corvus monedula","0","0","1","0"
"0.36","211","Emberiza calandra","0","0","1","0"
"0.36","211","Turdus philomelos","0","0","1","0"
"0.36","211","Alauda arvensis","0","0","1","0"
"0.36","211","Actitis hypoleucos","0","0","1","0"
"0.36","211","Tachybaptus ruficollis","0","0","1","0"
"0.36","211","Phoenicurus phoenicurus","0","0","1","0"
"0.36","211","Ciconia ciconia","0","0","1","0"
"0.36","211","Alcedo atthis","0","0","1","0"
"0.36","211","Motacilla flava","0","0","1","0"
"0.36","211","Podiceps cristatus","0","0","1","0"
"0.36","211","Sturnus unicolor","0","0","1","0"
"0.36","211","Alectoris rufa","0","0","1","0"
"0.36","211","Coturnix coturnix","0","0","1","0"
"0.36","211","Curruca communis","0","0","1","0"
"0.36","211","Passer montanus","0","0","1","0"
"0.36","211","Cuculus canorus","0","0","1","0"
"0.36","211","Tringa ochropus","0","0","1","0"
"0.36","211","Charadrius dubius","0","0","1","0"
"0.36","211","Sterna hirundo","0","0","1","0"
"0.36","211","Ardea purpurea","0","0","1","0"
"0.36","211","Curruca iberiae","0","0","1","0"
"0.36","211","Anthus trivialis","0","0","1","0"
"0.36","211","Emberiza cia","0","0","1","0"
"0.36","211","Apus melba","0","0","1","0"
"0.36","211","Cinclus cinclus","0","0","1","0"
"0.36","211","Prunella modularis","0","0","1","0"
"0.36","211","Falco subbuteo","0","0","1","0"
"0.36","211","Anthus campestris","0","0","1","0"
"0.36","211","Recurvirostra avosetta","0","0","1","0"
"0.36","211","Anthus spinoletta","0","0","1","0"
"0.36","211","Vanellus vanellus","0","0","1","0"
"0.36","211","Riparia riparia","0","0","1","0"
"0.36","211","Phoenicopterus roseus","0","0","1","0"
"0.36","211","Aquila chrysaetos","0","0","1","0"
"0.36","211","Ardea alba","0","0","1","0"
"0.36","211","Tadorna tadorna","0","0","1","0"
"0.36","211","Curruca undata","0","0","1","0"
"0.36","211","Aythya ferina","0","0","1","0"
"0.36","211","Ficedula hypoleuca","0","0","1","0"
"0.36","211","Sylvia borin","0","0","1","0"
"0.36","211","Nycticorax nycticorax","0","0","1","0"
"0.36","211","Circus pygargus","0","0","1","0"
"0.36","211","Accipiter nisus","0","0","1","0"
"0.36","211","Netta rufina","0","0","1","0"
"0.36","211","Poecile palustris","0","0","1","0"
"0.36","211","Pyrrhula pyrrhula","0","0","1","0"
"0.36","211","Plegadis falcinellus","0","0","1","0"
"0.36","211","Cecropis daurica","0","0","1","0"
"0.36","211","Rallus aquaticus","0","0","1","0"
"0.36","211","Emberiza citrinella","0","0","1","0"
"0.36","211","Acrocephalus arundinaceus","0","0","1","0"
"0.36","211","Loxia curvirostra","0","0","1","0"
"0.36","211","Columba oenas","0","0","1","0"
"0.36","211","Burhinus oedicnemus","0","0","1","0"
"0.36","211","Chlidonias niger","0","0","1","0"
"0.36","211","Sternula albifrons","0","0","1","0"
"0.36","211","Platalea leucorodia","0","0","1","0"
"0.36","211","Saxicola rubetra","0","0","1","0"
"0.36","211","Ichthyaetus melanocephalus","0","0","1","0"
"0.36","211","Passer italiae","0","0","1","0"
"0.36","211","Pyrrhocorax graculus","0","0","1","0"
"0.36","211","Mareca strepera","0","0","1","0"
"0.36","211","Coccothraustes coccothraustes","0","0","1","0"
"0.36","211","Thalasseus sandvicensis","0","0","1","0"
"0.36","211","Tringa totanus","0","0","1","0"
"0.36","211","Coracias garrulus","0","0","1","0"
"0.36","211","Galerida theklae","0","0","1","0"
"0.36","211","Athene noctua","0","0","1","0"
"0.36","211","Spatula clypeata","0","0","1","0"
"0.36","211","Lanius meridionalis","0","0","1","0"
"0.36","211","Tringa glareola","0","0","1","0"
"0.36","211","Melanocorypha calandra","0","0","1","0"
"0.36","211","Podiceps nigricollis","0","0","1","0"
"0.36","211","Charadrius alexandrinus","0","0","1","0"
"0.36","211","Emberiza schoeniclus","0","0","1","0"
"0.36","211","Tyto alba","0","0","1","0"
"0.36","211","Strix aluco","0","0","1","0"
"0.36","211","Numenius arquata","0","0","1","0"
"0.36","211","Charadrius hiaticula","0","0","1","0"
"0.36","211","Ichthyaetus audouinii","0","0","1","0"
"0.36","211","Passer hispaniolensis","0","0","1","0"
"0.36","211","Falco naumanni","0","0","1","0"
"0.36","211","Limosa limosa","0","0","1","0"
"0.36","211","Ardeola ralloides","0","0","1","0"
"0.36","211","Phasianus colchicus","0","0","1","0"
"0.36","211","Psittacula krameri","0","0","1","0"
"0.36","211","Regulus regulus","0","0","1","0"
"0.36","211","Tringa nebularia","0","0","1","0"
"0.36","211","Chlidonias hybrida","0","0","1","0"
"0.36","211","Falco peregrinus","0","0","1","0"
"0.36","211","Calidris alpina","0","0","1","0"
"0.36","211","Calidris minuta","0","0","1","0"
"0.36","211","Ixobrychus minutus","0","0","1","0"
"0.36","211","Phylloscopus trochilus","0","0","1","0"
"0.36","211","Apus pallidus","0","0","1","0"
"0.36","211","Cygnus olor","0","0","1","0"
"0.36","211","Hydroprogne caspia","0","0","1","0"
"0.36","211","Morus bassanus","0","0","1","0"
"0.36","211","Monticola solitarius","0","0","1","0"
"0.36","211","Porphyrio porphyrio","0","0","1","0"
"0.36","211","Larus fuscus","0","0","1","0"
"0.36","211","Calidris ferruginea","0","0","1","0"
"0.36","211","Hippolais icterina","0","0","1","0"
"0.36","211","Otus scops","0","0","1","0"
"0.36","211","Jynx torquilla","0","0","1","0"
"0.36","211","Dendrocoptes medius","0","0","1","0"
"0.36","211","Asio otus","0","0","1","0"
"0.36","211","Monticola saxatilis","0","0","1","0"
"0.36","212","Turdus merula","0","0","0","1"
"0.36","212","Columba palumbus","0","0","1","0"
"0.36","212","Apus apus","0","0","1","0"
"0.36","212","Hirundo rustica","0","0","1","0"
"0.36","212","Passer domesticus","0","0","1","0"
"0.36","212","Delichon urbicum","0","0","1","0"
"0.36","212","Streptopelia decaocto","0","0","1","0"
"0.36","212","Carduelis carduelis","0","0","1","0"
"0.36","212","Fringilla coelebs","0","0","0","1"
"0.36","212","Pica pica","0","0","1","0"
"0.36","212","Corvus corone","0","0","1","0"
"0.36","212","Sylvia atricapilla","0","0","0","1"
"0.36","212","Parus major","0","0","1","0"
"0.36","212","Phoenicurus ochruros","0","0","1","0"
"0.36","212","Serinus serinus","0","0","1","0"
"0.36","212","Gyps fulvus","0","0","1","0"
"0.36","212","Columba livia","0","0","1","0"
"0.36","212","Garrulus glandarius","0","0","1","0"
"0.36","212","Cyanistes caeruleus","0","0","1","0"
"0.36","212","Motacilla alba","0","0","1","0"
"0.36","212","Falco tinnunculus","0","0","1","0"
"0.36","212","Milvus migrans","0","0","1","0"
"0.36","212","Erithacus rubecula","0","0","1","0"
"0.36","212","Buteo buteo","0","0","1","0"
"0.36","212","Chloris chloris","0","0","1","0"
"0.36","212","Emberiza cirlus","0","0","1","0"
"0.36","212","Periparus ater","0","0","1","0"
"0.36","212","Merops apiaster","0","0","1","0"
"0.36","212","Larus michahellis","0","0","1","0"
"0.36","212","Anas platyrhynchos","0","0","1","0"
"0.36","212","Oriolus oriolus","0","0","1","0"
"0.36","212","Ptyonoprogne rupestris","0","0","1","0"
"0.36","212","Ardea cinerea","0","0","1","0"
"0.36","212","Linaria cannabina","0","0","1","0"
"0.36","212","Dendrocopos major","0","0","1","0"
"0.36","212","Phylloscopus bonelli","0","0","1","0"
"0.36","212","Certhia brachydactyla","0","0","1","0"
"0.36","212","Troglodytes troglodytes","0","0","1","0"
"0.36","212","Corvus corax","0","0","1","0"
"0.36","212","Aegithalos caudatus","0","0","1","0"
"0.36","212","Sturnus vulgaris","0","0","1","0"
"0.36","212","Lophophanes cristatus","0","0","1","0"
"0.36","212","Sitta europaea","0","0","1","0"
"0.36","212","Upupa epops","0","0","1","0"
"0.36","212","Curruca melanocephala","0","0","1","0"
"0.36","212","Fulica atra","0","0","1","0"
"0.36","212","Egretta garzetta","0","0","1","0"
"0.36","212","Saxicola rubicola","0","0","1","0"
"0.36","212","Streptopelia turtur","0","0","1","0"
"0.36","212","Gallinula chloropus","0","0","1","0"
"0.36","212","Chroicocephalus ridibundus","0","0","1","0"
"0.36","212","Picus viridis","0","0","1","0"
"0.36","212","Galerida cristata","0","0","1","0"
"0.36","212","Turdus viscivorus","0","0","1","0"
"0.36","212","Circaetus gallicus","0","0","1","0"
"0.36","212","Bubulcus ibis","0","0","1","0"
"0.36","212","Regulus ignicapilla","0","0","1","0"
"0.36","212","Muscicapa striata","0","0","1","0"
"0.36","212","Hieraaetus pennatus","0","0","1","0"
"0.36","212","Phalacrocorax carbo","0","0","1","0"
"0.36","212","Cettia cetti","0","0","1","0"
"0.36","212","Hippolais polyglotta","0","0","1","0"
"0.36","212","Himantopus himantopus","0","0","1","0"
"0.36","212","Oenanthe oenanthe","0","0","1","0"
"0.36","212","Lanius collurio","0","0","1","0"
"0.36","212","Carduelis citrinella","0","0","1","0"
"0.36","212","Cisticola juncidis","0","0","1","0"
"0.36","212","Lanius senator","0","0","1","0"
"0.36","212","Pyrrhocorax pyrrhocorax","0","0","1","0"
"0.36","212","Motacilla cinerea","0","0","1","0"
"0.36","212","Luscinia megarhynchos","0","0","1","0"
"0.36","212","Milvus milvus","0","0","1","0"
"0.36","212","Pernis apivorus","0","0","1","0"
"0.36","212","Phylloscopus collybita","0","0","1","0"
"0.36","212","Lullula arborea","0","0","1","0"
"0.36","212","Circus aeruginosus","0","0","1","0"
"0.36","212","Petronia petronia","0","0","1","0"
"0.36","212","Acrocephalus scirpaceus","0","0","1","0"
"0.36","212","Picus sharpei","0","0","1","0"
"0.36","212","Corvus monedula","0","0","1","0"
"0.36","212","Emberiza calandra","0","0","1","0"
"0.36","212","Turdus philomelos","0","0","1","0"
"0.36","212","Alauda arvensis","1","0","0","0"
"0.36","212","Actitis hypoleucos","0","0","1","0"
"0.36","212","Tachybaptus ruficollis","0","0","1","0"
"0.36","212","Phoenicurus phoenicurus","0","0","1","0"
"0.36","212","Ciconia ciconia","0","0","1","0"
"0.36","212","Alcedo atthis","0","0","1","0"
"0.36","212","Motacilla flava","0","0","1","0"
"0.36","212","Podiceps cristatus","0","0","1","0"
"0.36","212","Sturnus unicolor","0","0","1","0"
"0.36","212","Alectoris rufa","0","0","1","0"
"0.36","212","Coturnix coturnix","0","0","1","0"
"0.36","212","Curruca communis","0","0","1","0"
"0.36","212","Passer montanus","0","0","1","0"
"0.36","212","Cuculus canorus","0","0","1","0"
"0.36","212","Tringa ochropus","0","0","1","0"
"0.36","212","Charadrius dubius","0","0","1","0"
"0.36","212","Sterna hirundo","0","0","1","0"
"0.36","212","Ardea purpurea","0","0","1","0"
"0.36","212","Curruca iberiae","0","0","1","0"
"0.36","212","Anthus trivialis","0","0","1","0"
"0.36","212","Emberiza cia","0","0","1","0"
"0.36","212","Apus melba","0","0","1","0"
"0.36","212","Cinclus cinclus","0","0","1","0"
"0.36","212","Prunella modularis","0","0","1","0"
"0.36","212","Falco subbuteo","0","0","1","0"
"0.36","212","Anthus campestris","0","0","1","0"
"0.36","212","Recurvirostra avosetta","0","0","1","0"
"0.36","212","Anthus spinoletta","0","0","1","0"
"0.36","212","Vanellus vanellus","0","0","1","0"
"0.36","212","Riparia riparia","0","0","1","0"
"0.36","212","Phoenicopterus roseus","0","0","1","0"
"0.36","212","Aquila chrysaetos","0","0","1","0"
"0.36","212","Ardea alba","0","0","1","0"
"0.36","212","Tadorna tadorna","0","0","1","0"
"0.36","212","Curruca undata","0","0","1","0"
"0.36","212","Aythya ferina","0","0","1","0"
"0.36","212","Ficedula hypoleuca","0","0","1","0"
"0.36","212","Sylvia borin","0","0","1","0"
"0.36","212","Nycticorax nycticorax","0","0","1","0"
"0.36","212","Circus pygargus","0","0","1","0"
"0.36","212","Accipiter nisus","0","0","1","0"
"0.36","212","Netta rufina","0","0","1","0"
"0.36","212","Poecile palustris","0","0","1","0"
"0.36","212","Pyrrhula pyrrhula","0","0","1","0"
"0.36","212","Plegadis falcinellus","0","0","1","0"
"0.36","212","Cecropis daurica","0","0","1","0"
"0.36","212","Rallus aquaticus","0","0","1","0"
"0.36","212","Emberiza citrinella","0","0","1","0"
"0.36","212","Acrocephalus arundinaceus","0","0","1","0"
"0.36","212","Loxia curvirostra","0","0","1","0"
"0.36","212","Columba oenas","0","0","1","0"
"0.36","212","Burhinus oedicnemus","0","0","1","0"
"0.36","212","Chlidonias niger","0","0","1","0"
"0.36","212","Sternula albifrons","0","0","1","0"
"0.36","212","Platalea leucorodia","0","0","1","0"
"0.36","212","Saxicola rubetra","0","0","1","0"
"0.36","212","Ichthyaetus melanocephalus","0","0","1","0"
"0.36","212","Passer italiae","0","0","1","0"
"0.36","212","Pyrrhocorax graculus","0","0","1","0"
"0.36","212","Mareca strepera","0","0","1","0"
"0.36","212","Coccothraustes coccothraustes","0","0","1","0"
"0.36","212","Thalasseus sandvicensis","0","0","1","0"
"0.36","212","Tringa totanus","0","0","1","0"
"0.36","212","Coracias garrulus","0","0","1","0"
"0.36","212","Galerida theklae","0","0","1","0"
"0.36","212","Athene noctua","0","0","1","0"
"0.36","212","Spatula clypeata","0","0","1","0"
"0.36","212","Lanius meridionalis","0","0","1","0"
"0.36","212","Tringa glareola","0","0","1","0"
"0.36","212","Melanocorypha calandra","0","0","1","0"
"0.36","212","Podiceps nigricollis","0","0","1","0"
"0.36","212","Charadrius alexandrinus","0","0","1","0"
"0.36","212","Emberiza schoeniclus","0","0","1","0"
"0.36","212","Tyto alba","0","0","1","0"
"0.36","212","Strix aluco","0","0","1","0"
"0.36","212","Numenius arquata","0","0","1","0"
"0.36","212","Charadrius hiaticula","0","0","1","0"
"0.36","212","Ichthyaetus audouinii","0","0","1","0"
"0.36","212","Passer hispaniolensis","0","0","1","0"
"0.36","212","Falco naumanni","0","0","1","0"
"0.36","212","Limosa limosa","0","0","1","0"
"0.36","212","Ardeola ralloides","0","0","1","0"
"0.36","212","Phasianus colchicus","0","0","1","0"
"0.36","212","Psittacula krameri","0","0","1","0"
"0.36","212","Regulus regulus","0","0","1","0"
"0.36","212","Tringa nebularia","0","0","1","0"
"0.36","212","Chlidonias hybrida","0","0","1","0"
"0.36","212","Falco peregrinus","0","0","1","0"
"0.36","212","Calidris alpina","0","0","1","0"
"0.36","212","Calidris minuta","0","0","1","0"
"0.36","212","Ixobrychus minutus","0","0","1","0"
"0.36","212","Phylloscopus trochilus","0","0","1","0"
"0.36","212","Apus pallidus","0","0","1","0"
"0.36","212","Cygnus olor","0","0","1","0"
"0.36","212","Hydroprogne caspia","0","0","1","0"
"0.36","212","Morus bassanus","0","0","1","0"
"0.36","212","Monticola solitarius","0","0","1","0"
"0.36","212","Porphyrio porphyrio","0","0","1","0"
"0.36","212","Larus fuscus","0","0","1","0"
"0.36","212","Calidris ferruginea","0","0","1","0"
"0.36","212","Hippolais icterina","0","0","1","0"
"0.36","212","Otus scops","0","0","1","0"
"0.36","212","Jynx torquilla","0","0","1","0"
"0.36","212","Dendrocoptes medius","0","0","1","0"
"0.36","212","Asio otus","0","0","1","0"
"0.36","212","Monticola saxatilis","0","0","1","0"
"0.36","213","Turdus merula","0","0","1","0"
"0.36","213","Columba palumbus","0","0","1","0"
"0.36","213","Apus apus","0","0","1","0"
"0.36","213","Hirundo rustica","0","0","1","0"
"0.36","213","Passer domesticus","0","0","1","0"
"0.36","213","Delichon urbicum","0","0","1","0"
"0.36","213","Streptopelia decaocto","0","0","1","0"
"0.36","213","Carduelis carduelis","0","0","1","0"
"0.36","213","Fringilla coelebs","0","0","0","1"
"0.36","213","Pica pica","0","0","1","0"
"0.36","213","Corvus corone","0","0","1","0"
"0.36","213","Sylvia atricapilla","0","0","0","1"
"0.36","213","Parus major","0","0","1","0"
"0.36","213","Phoenicurus ochruros","0","0","1","0"
"0.36","213","Serinus serinus","0","0","1","0"
"0.36","213","Gyps fulvus","0","0","1","0"
"0.36","213","Columba livia","0","0","1","0"
"0.36","213","Garrulus glandarius","0","0","1","0"
"0.36","213","Cyanistes caeruleus","0","0","1","0"
"0.36","213","Motacilla alba","0","0","1","0"
"0.36","213","Falco tinnunculus","0","0","1","0"
"0.36","213","Milvus migrans","0","0","1","0"
"0.36","213","Erithacus rubecula","0","0","1","0"
"0.36","213","Buteo buteo","0","0","1","0"
"0.36","213","Chloris chloris","0","0","1","0"
"0.36","213","Emberiza cirlus","0","0","1","0"
"0.36","213","Periparus ater","0","0","1","0"
"0.36","213","Merops apiaster","0","0","1","0"
"0.36","213","Larus michahellis","0","0","1","0"
"0.36","213","Anas platyrhynchos","0","0","1","0"
"0.36","213","Oriolus oriolus","0","0","1","0"
"0.36","213","Ptyonoprogne rupestris","0","0","1","0"
"0.36","213","Ardea cinerea","0","0","1","0"
"0.36","213","Linaria cannabina","0","0","1","0"
"0.36","213","Dendrocopos major","0","0","1","0"
"0.36","213","Phylloscopus bonelli","0","0","1","0"
"0.36","213","Certhia brachydactyla","0","0","1","0"
"0.36","213","Troglodytes troglodytes","0","0","1","0"
"0.36","213","Corvus corax","0","0","1","0"
"0.36","213","Aegithalos caudatus","0","0","1","0"
"0.36","213","Sturnus vulgaris","0","0","1","0"
"0.36","213","Lophophanes cristatus","0","0","1","0"
"0.36","213","Sitta europaea","0","0","1","0"
"0.36","213","Upupa epops","0","0","1","0"
"0.36","213","Curruca melanocephala","0","0","1","0"
"0.36","213","Fulica atra","0","0","1","0"
"0.36","213","Egretta garzetta","0","0","1","0"
"0.36","213","Saxicola rubicola","0","0","1","0"
"0.36","213","Streptopelia turtur","0","0","1","0"
"0.36","213","Gallinula chloropus","0","0","1","0"
"0.36","213","Chroicocephalus ridibundus","0","0","1","0"
"0.36","213","Picus viridis","0","0","1","0"
"0.36","213","Galerida cristata","0","0","1","0"
"0.36","213","Turdus viscivorus","0","0","1","0"
"0.36","213","Circaetus gallicus","0","0","1","0"
"0.36","213","Bubulcus ibis","0","0","1","0"
"0.36","213","Regulus ignicapilla","0","0","1","0"
"0.36","213","Muscicapa striata","0","0","1","0"
"0.36","213","Hieraaetus pennatus","0","0","1","0"
"0.36","213","Phalacrocorax carbo","0","0","1","0"
"0.36","213","Cettia cetti","0","0","1","0"
"0.36","213","Hippolais polyglotta","0","0","1","0"
"0.36","213","Himantopus himantopus","0","0","1","0"
"0.36","213","Oenanthe oenanthe","0","0","1","0"
"0.36","213","Lanius collurio","0","0","1","0"
"0.36","213","Carduelis citrinella","0","0","1","0"
"0.36","213","Cisticola juncidis","0","0","1","0"
"0.36","213","Lanius senator","0","0","1","0"
"0.36","213","Pyrrhocorax pyrrhocorax","0","0","1","0"
"0.36","213","Motacilla cinerea","0","0","1","0"
"0.36","213","Luscinia megarhynchos","0","0","1","0"
"0.36","213","Milvus milvus","0","0","1","0"
"0.36","213","Pernis apivorus","0","0","1","0"
"0.36","213","Phylloscopus collybita","0","0","1","0"
"0.36","213","Lullula arborea","0","0","1","0"
"0.36","213","Circus aeruginosus","0","0","1","0"
"0.36","213","Petronia petronia","0","0","1","0"
"0.36","213","Acrocephalus scirpaceus","0","0","1","0"
"0.36","213","Picus sharpei","0","0","1","0"
"0.36","213","Corvus monedula","0","0","1","0"
"0.36","213","Emberiza calandra","0","0","1","0"
"0.36","213","Turdus philomelos","0","0","1","0"
"0.36","213","Alauda arvensis","0","0","1","0"
"0.36","213","Actitis hypoleucos","0","0","1","0"
"0.36","213","Tachybaptus ruficollis","0","0","1","0"
"0.36","213","Phoenicurus phoenicurus","0","0","1","0"
"0.36","213","Ciconia ciconia","0","0","1","0"
"0.36","213","Alcedo atthis","0","0","1","0"
"0.36","213","Motacilla flava","0","0","1","0"
"0.36","213","Podiceps cristatus","0","0","1","0"
"0.36","213","Sturnus unicolor","0","0","1","0"
"0.36","213","Alectoris rufa","0","0","1","0"
"0.36","213","Coturnix coturnix","0","0","1","0"
"0.36","213","Curruca communis","0","0","1","0"
"0.36","213","Passer montanus","0","0","1","0"
"0.36","213","Cuculus canorus","0","0","1","0"
"0.36","213","Tringa ochropus","0","0","1","0"
"0.36","213","Charadrius dubius","0","0","1","0"
"0.36","213","Sterna hirundo","0","0","1","0"
"0.36","213","Ardea purpurea","0","0","1","0"
"0.36","213","Curruca iberiae","0","0","1","0"
"0.36","213","Anthus trivialis","0","0","1","0"
"0.36","213","Emberiza cia","0","0","1","0"
"0.36","213","Apus melba","0","0","1","0"
"0.36","213","Cinclus cinclus","0","0","1","0"
"0.36","213","Prunella modularis","0","0","1","0"
"0.36","213","Falco subbuteo","0","0","1","0"
"0.36","213","Anthus campestris","0","0","1","0"
"0.36","213","Recurvirostra avosetta","0","0","1","0"
"0.36","213","Anthus spinoletta","0","0","1","0"
"0.36","213","Vanellus vanellus","0","0","1","0"
"0.36","213","Riparia riparia","0","0","1","0"
"0.36","213","Phoenicopterus roseus","0","0","1","0"
"0.36","213","Aquila chrysaetos","0","0","1","0"
"0.36","213","Ardea alba","0","0","1","0"
"0.36","213","Tadorna tadorna","0","0","1","0"
"0.36","213","Curruca undata","0","0","1","0"
"0.36","213","Aythya ferina","0","0","1","0"
"0.36","213","Ficedula hypoleuca","0","0","1","0"
"0.36","213","Sylvia borin","0","0","1","0"
"0.36","213","Nycticorax nycticorax","0","0","1","0"
"0.36","213","Circus pygargus","0","0","1","0"
"0.36","213","Accipiter nisus","0","0","1","0"
"0.36","213","Netta rufina","0","0","1","0"
"0.36","213","Poecile palustris","0","0","1","0"
"0.36","213","Pyrrhula pyrrhula","0","0","1","0"
"0.36","213","Plegadis falcinellus","0","0","1","0"
"0.36","213","Cecropis daurica","0","0","1","0"
"0.36","213","Rallus aquaticus","0","0","1","0"
"0.36","213","Emberiza citrinella","0","0","0","1"
"0.36","213","Acrocephalus arundinaceus","0","0","1","0"
"0.36","213","Loxia curvirostra","0","0","1","0"
"0.36","213","Columba oenas","0","0","1","0"
"0.36","213","Burhinus oedicnemus","0","0","1","0"
"0.36","213","Chlidonias niger","0","0","1","0"
"0.36","213","Sternula albifrons","0","0","1","0"
"0.36","213","Platalea leucorodia","0","0","1","0"
"0.36","213","Saxicola rubetra","0","0","1","0"
"0.36","213","Ichthyaetus melanocephalus","0","0","1","0"
"0.36","213","Passer italiae","0","0","1","0"
"0.36","213","Pyrrhocorax graculus","0","0","1","0"
"0.36","213","Mareca strepera","0","0","1","0"
"0.36","213","Coccothraustes coccothraustes","0","0","1","0"
"0.36","213","Thalasseus sandvicensis","0","0","1","0"
"0.36","213","Tringa totanus","0","0","1","0"
"0.36","213","Coracias garrulus","0","0","1","0"
"0.36","213","Galerida theklae","0","0","1","0"
"0.36","213","Athene noctua","0","0","1","0"
"0.36","213","Spatula clypeata","0","0","1","0"
"0.36","213","Lanius meridionalis","0","0","1","0"
"0.36","213","Tringa glareola","0","0","1","0"
"0.36","213","Melanocorypha calandra","0","0","1","0"
"0.36","213","Podiceps nigricollis","0","0","1","0"
"0.36","213","Charadrius alexandrinus","0","0","1","0"
"0.36","213","Emberiza schoeniclus","0","0","1","0"
"0.36","213","Tyto alba","0","0","1","0"
"0.36","213","Strix aluco","0","0","1","0"
"0.36","213","Numenius arquata","0","0","1","0"
"0.36","213","Charadrius hiaticula","0","0","1","0"
"0.36","213","Ichthyaetus audouinii","0","0","1","0"
"0.36","213","Passer hispaniolensis","0","0","1","0"
"0.36","213","Falco naumanni","0","0","1","0"
"0.36","213","Limosa limosa","0","0","1","0"
"0.36","213","Ardeola ralloides","0","0","1","0"
"0.36","213","Phasianus colchicus","0","0","1","0"
"0.36","213","Psittacula krameri","0","0","1","0"
"0.36","213","Regulus regulus","0","0","1","0"
"0.36","213","Tringa nebularia","0","0","1","0"
"0.36","213","Chlidonias hybrida","0","0","1","0"
"0.36","213","Falco peregrinus","0","0","1","0"
"0.36","213","Calidris alpina","0","0","1","0"
"0.36","213","Calidris minuta","0","0","1","0"
"0.36","213","Ixobrychus minutus","0","0","1","0"
"0.36","213","Phylloscopus trochilus","0","0","1","0"
"0.36","213","Apus pallidus","0","0","1","0"
"0.36","213","Cygnus olor","0","0","1","0"
"0.36","213","Hydroprogne caspia","0","0","1","0"
"0.36","213","Morus bassanus","0","0","1","0"
"0.36","213","Monticola solitarius","0","0","1","0"
"0.36","213","Porphyrio porphyrio","0","0","1","0"
"0.36","213","Larus fuscus","0","0","1","0"
"0.36","213","Calidris ferruginea","0","0","1","0"
"0.36","213","Hippolais icterina","0","0","1","0"
"0.36","213","Otus scops","0","0","1","0"
"0.36","213","Jynx torquilla","0","0","1","0"
"0.36","213","Dendrocoptes medius","0","0","1","0"
"0.36","213","Asio otus","0","0","1","0"
"0.36","213","Monticola saxatilis","0","0","1","0"
"0.36","214","Turdus merula","0","0","1","0"
"0.36","214","Apus apus","0","0","1","0"
"0.36","214","Hirundo rustica","0","0","1","0"
"0.36","214","Columba palumbus","0","0","1","0"
"0.36","214","Fringilla coelebs","0","0","1","0"
"0.36","214","Passer domesticus","0","0","1","0"
"0.36","214","Carduelis carduelis","0","0","1","0"
"0.36","214","Sylvia atricapilla","0","0","1","0"
"0.36","214","Pica pica","0","0","1","0"
"0.36","214","Streptopelia decaocto","0","0","1","0"
"0.36","214","Delichon urbicum","0","0","1","0"
"0.36","214","Serinus serinus","0","0","1","0"
"0.36","214","Parus major","0","0","1","0"
"0.36","214","Corvus corone","0","0","1","0"
"0.36","214","Milvus migrans","0","0","1","0"
"0.36","214","Phoenicurus ochruros","0","0","1","0"
"0.36","214","Gyps fulvus","0","0","1","0"
"0.36","214","Motacilla alba","0","0","1","0"
"0.36","214","Garrulus glandarius","0","0","1","0"
"0.36","214","Columba livia","0","0","1","0"
"0.36","214","Erithacus rubecula","0","0","1","0"
"0.36","214","Cyanistes caeruleus","0","0","1","0"
"0.36","214","Chloris chloris","0","0","1","0"
"0.36","214","Falco tinnunculus","0","0","1","0"
"0.36","214","Oriolus oriolus","0","0","1","0"
"0.36","214","Emberiza cirlus","0","0","1","0"
"0.36","214","Luscinia megarhynchos","0","0","1","0"
"0.36","214","Periparus ater","0","0","1","0"
"0.36","214","Merops apiaster","0","0","1","0"
"0.36","214","Buteo buteo","0","0","1","0"
"0.36","214","Phylloscopus bonelli","0","0","1","0"
"0.36","214","Troglodytes troglodytes","0","0","1","0"
"0.36","214","Larus michahellis","0","0","1","0"
"0.36","214","Linaria cannabina","0","0","1","0"
"0.36","214","Anas platyrhynchos","0","0","1","0"
"0.36","214","Ptyonoprogne rupestris","0","0","1","0"
"0.36","214","Cuculus canorus","0","0","1","0"
"0.36","214","Upupa epops","0","0","1","0"
"0.36","214","Sturnus vulgaris","0","0","1","0"
"0.36","214","Streptopelia turtur","0","0","1","0"
"0.36","214","Dendrocopos major","0","0","1","0"
"0.36","214","Ardea cinerea","0","0","1","0"
"0.36","214","Certhia brachydactyla","0","0","1","0"
"0.36","214","Hippolais polyglotta","0","0","1","0"
"0.36","214","Saxicola rubicola","0","0","1","0"
"0.36","214","Corvus corax","0","0","1","0"
"0.36","214","Curruca melanocephala","0","0","1","0"
"0.36","214","Aegithalos caudatus","0","0","1","0"
"0.36","214","Lophophanes cristatus","0","0","1","0"
"0.36","214","Emberiza calandra","0","0","1","0"
"0.36","214","Turdus viscivorus","0","0","1","0"
"0.36","214","Galerida cristata","0","0","1","0"
"0.36","214","Regulus ignicapilla","0","0","1","0"
"0.36","214","Sitta europaea","0","0","1","0"
"0.36","214","Fulica atra","0","0","1","0"
"0.36","214","Lullula arborea","0","0","1","0"
"0.36","214","Cettia cetti","0","0","1","0"
"0.36","214","Picus viridis","0","0","1","0"
"0.36","214","Egretta garzetta","0","0","1","0"
"0.36","214","Petronia petronia","0","0","1","0"
"0.36","214","Pyrrhocorax pyrrhocorax","0","0","1","0"
"0.36","214","Gallinula chloropus","0","0","1","0"
"0.36","214","Circaetus gallicus","0","0","1","0"
"0.36","214","Cisticola juncidis","0","0","1","0"
"0.36","214","Turdus philomelos","0","0","1","0"
"0.36","214","Alauda arvensis","0","0","1","0"
"0.36","214","Himantopus himantopus","0","0","1","0"
"0.36","214","Carduelis citrinella","0","0","1","0"
"0.36","214","Hieraaetus pennatus","0","0","1","0"
"0.36","214","Lanius collurio","0","0","1","0"
"0.36","214","Oenanthe oenanthe","0","0","1","0"
"0.36","214","Chroicocephalus ridibundus","0","0","1","0"
"0.36","214","Corvus monedula","0","0","1","0"
"0.36","214","Lanius senator","0","0","1","0"
"0.36","214","Phalacrocorax carbo","0","0","1","0"
"0.36","214","Phylloscopus collybita","0","0","1","0"
"0.36","214","Phoenicurus phoenicurus","0","0","1","0"
"0.36","214","Picus sharpei","0","0","1","0"
"0.36","214","Bubulcus ibis","0","0","1","0"
"0.36","214","Motacilla cinerea","0","0","1","0"
"0.36","214","Muscicapa striata","0","0","1","0"
"0.36","214","Milvus milvus","0","0","1","0"
"0.36","214","Curruca communis","0","0","1","0"
"0.36","214","Sturnus unicolor","0","0","1","0"
"0.36","214","Acrocephalus scirpaceus","0","0","1","0"
"0.36","214","Circus aeruginosus","0","0","1","0"
"0.36","214","Ciconia ciconia","0","0","1","0"
"0.36","214","Alectoris rufa","0","0","1","0"
"0.36","214","Coturnix coturnix","0","0","1","0"
"0.36","214","Pernis apivorus","0","0","1","0"
"0.36","214","Acrocephalus arundinaceus","0","0","1","0"
"0.36","214","Emberiza cia","0","0","1","0"
"0.36","214","Passer montanus","0","0","1","0"
"0.36","214","Curruca iberiae","0","0","1","0"
"0.36","214","Motacilla flava","0","0","1","0"
"0.36","214","Ardea purpurea","0","0","1","0"
"0.36","214","Prunella modularis","0","0","1","0"
"0.36","214","Sterna hirundo","0","0","1","0"
"0.36","214","Podiceps cristatus","0","0","1","0"
"0.36","214","Tachybaptus ruficollis","0","0","1","0"
"0.36","214","Anthus trivialis","0","0","1","0"
"0.36","214","Charadrius dubius","0","0","1","0"
"0.36","214","Anthus campestris","0","0","1","0"
"0.36","214","Apus melba","0","0","1","0"
"0.36","214","Falco subbuteo","0","0","1","0"
"0.36","214","Emberiza citrinella","0","0","1","0"
"0.36","214","Sylvia borin","0","0","1","0"
"0.36","214","Recurvirostra avosetta","0","0","1","0"
"0.36","214","Tadorna tadorna","0","0","1","0"
"0.36","214","Cinclus cinclus","0","0","1","0"
"0.36","214","Circus pygargus","0","0","1","0"
"0.36","214","Aquila chrysaetos","0","0","1","0"
"0.36","214","Curruca undata","0","0","1","0"
"0.36","214","Netta rufina","0","0","1","0"
"0.36","214","Riparia riparia","0","0","1","0"
"0.36","214","Burhinus oedicnemus","0","0","1","0"
"0.36","214","Aythya ferina","0","0","1","0"
"0.36","214","Alcedo atthis","0","0","1","0"
"0.36","214","Actitis hypoleucos","0","0","1","0"
"0.36","214","Phoenicopterus roseus","0","0","1","0"
"0.36","214","Galerida theklae","0","0","1","0"
"0.36","214","Sternula albifrons","0","0","1","0"
"0.36","214","Pyrrhula pyrrhula","0","0","1","0"
"0.36","214","Nycticorax nycticorax","0","0","1","0"
"0.36","214","Coccothraustes coccothraustes","0","0","1","0"
"0.36","214","Melanocorypha calandra","0","0","1","0"
"0.36","214","Accipiter nisus","0","0","1","0"
"0.36","214","Anthus spinoletta","0","0","1","0"
"0.36","214","Tringa ochropus","0","0","1","0"
"0.36","214","Coracias garrulus","0","0","1","0"
"0.36","214","Loxia curvirostra","0","0","1","0"
"0.36","214","Poecile palustris","0","0","1","0"
"0.36","214","Columba oenas","0","0","1","0"
"0.36","214","Phasianus colchicus","0","0","1","0"
"0.36","214","Cecropis daurica","0","0","1","0"
"0.36","214","Vanellus vanellus","0","0","1","0"
"0.36","214","Ichthyaetus melanocephalus","0","0","1","0"
"0.36","214","Plegadis falcinellus","0","0","1","0"
"0.36","214","Mareca strepera","0","0","1","0"
"0.36","214","Athene noctua","0","0","1","0"
"0.36","214","Pyrrhocorax graculus","0","0","1","0"
"0.36","214","Saxicola rubetra","0","0","1","0"
"0.36","214","Ardea alba","0","0","1","0"
"0.36","214","Passer italiae","0","0","1","0"
"0.36","214","Emberiza schoeniclus","0","0","1","0"
"0.36","214","Passer hispaniolensis","0","0","1","0"
"0.36","214","Rallus aquaticus","0","0","1","0"
"0.36","214","Platalea leucorodia","0","0","1","0"
"0.36","214","Tringa totanus","0","0","1","0"
"0.36","214","Falco naumanni","0","0","1","0"
"0.36","214","Chlidonias niger","0","0","1","0"
"0.36","214","Ardeola ralloides","0","0","1","0"
"0.36","214","Charadrius alexandrinus","0","0","1","0"
"0.36","214","Regulus regulus","0","0","1","0"
"0.36","214","Psittacula krameri","0","0","1","0"
"0.36","214","Strix aluco","0","0","1","0"
"0.36","214","Ichthyaetus audouinii","0","0","1","0"
"0.36","214","Lanius meridionalis","0","0","1","0"
"0.36","214","Tyto alba","0","0","1","0"
"0.36","214","Monticola solitarius","0","0","1","0"
"0.36","214","Spatula clypeata","0","0","1","0"
"0.36","214","Thalasseus sandvicensis","0","0","1","0"
"0.36","214","Podiceps nigricollis","0","0","1","0"
"0.36","214","Chlidonias hybrida","0","0","1","0"
"0.36","214","Corvus cornix","0","0","1","0"
"0.36","214","Oenanthe hispanica","0","0","1","0"
"0.36","214","Hippolais icterina","0","0","1","0"
"0.36","214","Ixobrychus minutus","0","0","1","0"
"0.36","214","Otus scops","0","0","1","0"
"0.36","214","Jynx torquilla","0","0","1","0"
"0.36","214","Dendrocoptes medius","0","0","1","0"
"0.36","214","Asio otus","0","0","1","0"
"0.36","214","Monticola saxatilis","0","0","1","0"
"0.36","215","Turdus merula","0","0","1","0"
"0.36","215","Apus apus","0","0","1","0"
"0.36","215","Hirundo rustica","0","0","1","0"
"0.36","215","Columba palumbus","0","0","1","0"
"0.36","215","Fringilla coelebs","0","0","0","1"
"0.36","215","Passer domesticus","0","0","1","0"
"0.36","215","Carduelis carduelis","0","0","1","0"
"0.36","215","Sylvia atricapilla","0","0","0","1"
"0.36","215","Pica pica","0","0","1","0"
"0.36","215","Streptopelia decaocto","0","0","1","0"
"0.36","215","Delichon urbicum","0","0","1","0"
"0.36","215","Serinus serinus","0","0","1","0"
"0.36","215","Parus major","0","0","1","0"
"0.36","215","Corvus corone","0","0","1","0"
"0.36","215","Milvus migrans","0","0","1","0"
"0.36","215","Phoenicurus ochruros","0","0","1","0"
"0.36","215","Gyps fulvus","0","0","1","0"
"0.36","215","Motacilla alba","0","0","1","0"
"0.36","215","Garrulus glandarius","0","0","1","0"
"0.36","215","Columba livia","0","0","1","0"
"0.36","215","Erithacus rubecula","0","0","1","0"
"0.36","215","Cyanistes caeruleus","0","0","1","0"
"0.36","215","Chloris chloris","0","0","1","0"
"0.36","215","Falco tinnunculus","0","0","1","0"
"0.36","215","Oriolus oriolus","0","0","1","0"
"0.36","215","Emberiza cirlus","0","0","1","0"
"0.36","215","Luscinia megarhynchos","0","0","1","0"
"0.36","215","Periparus ater","0","0","0","1"
"0.36","215","Merops apiaster","0","0","1","0"
"0.36","215","Buteo buteo","0","0","1","0"
"0.36","215","Phylloscopus bonelli","0","0","1","0"
"0.36","215","Troglodytes troglodytes","0","0","1","0"
"0.36","215","Larus michahellis","0","0","1","0"
"0.36","215","Linaria cannabina","0","0","1","0"
"0.36","215","Anas platyrhynchos","0","0","1","0"
"0.36","215","Ptyonoprogne rupestris","0","0","1","0"
"0.36","215","Cuculus canorus","0","0","1","0"
"0.36","215","Upupa epops","0","0","1","0"
"0.36","215","Sturnus vulgaris","0","0","1","0"
"0.36","215","Streptopelia turtur","0","0","1","0"
"0.36","215","Dendrocopos major","0","0","1","0"
"0.36","215","Ardea cinerea","0","0","1","0"
"0.36","215","Certhia brachydactyla","0","0","1","0"
"0.36","215","Hippolais polyglotta","0","0","1","0"
"0.36","215","Saxicola rubicola","0","0","1","0"
"0.36","215","Corvus corax","0","0","1","0"
"0.36","215","Curruca melanocephala","0","0","1","0"
"0.36","215","Aegithalos caudatus","0","0","1","0"
"0.36","215","Lophophanes cristatus","0","0","1","0"
"0.36","215","Emberiza calandra","0","0","1","0"
"0.36","215","Turdus viscivorus","0","0","1","0"
"0.36","215","Galerida cristata","0","0","1","0"
"0.36","215","Regulus ignicapilla","0","0","1","0"
"0.36","215","Sitta europaea","0","0","1","0"
"0.36","215","Fulica atra","0","0","1","0"
"0.36","215","Lullula arborea","0","0","1","0"
"0.36","215","Cettia cetti","0","0","1","0"
"0.36","215","Picus viridis","0","0","1","0"
"0.36","215","Egretta garzetta","0","0","1","0"
"0.36","215","Petronia petronia","0","0","1","0"
"0.36","215","Pyrrhocorax pyrrhocorax","0","0","1","0"
"0.36","215","Gallinula chloropus","0","0","1","0"
"0.36","215","Circaetus gallicus","0","0","1","0"
"0.36","215","Cisticola juncidis","0","0","1","0"
"0.36","215","Turdus philomelos","0","0","0","1"
"0.36","215","Alauda arvensis","0","0","1","0"
"0.36","215","Himantopus himantopus","0","0","1","0"
"0.36","215","Carduelis citrinella","0","0","1","0"
"0.36","215","Hieraaetus pennatus","0","0","1","0"
"0.36","215","Lanius collurio","0","0","1","0"
"0.36","215","Oenanthe oenanthe","0","0","1","0"
"0.36","215","Chroicocephalus ridibundus","0","0","1","0"
"0.36","215","Corvus monedula","0","0","1","0"
"0.36","215","Lanius senator","0","0","1","0"
"0.36","215","Phalacrocorax carbo","0","0","1","0"
"0.36","215","Phylloscopus collybita","0","0","0","1"
"0.36","215","Phoenicurus phoenicurus","0","0","1","0"
"0.36","215","Picus sharpei","0","0","1","0"
"0.36","215","Bubulcus ibis","0","0","1","0"
"0.36","215","Motacilla cinerea","0","0","1","0"
"0.36","215","Muscicapa striata","0","0","1","0"
"0.36","215","Milvus milvus","0","0","1","0"
"0.36","215","Curruca communis","0","0","1","0"
"0.36","215","Sturnus unicolor","0","0","1","0"
"0.36","215","Acrocephalus scirpaceus","0","0","1","0"
"0.36","215","Circus aeruginosus","0","0","1","0"
"0.36","215","Ciconia ciconia","0","0","1","0"
"0.36","215","Alectoris rufa","0","0","1","0"
"0.36","215","Coturnix coturnix","0","0","1","0"
"0.36","215","Pernis apivorus","0","0","1","0"
"0.36","215","Acrocephalus arundinaceus","0","0","1","0"
"0.36","215","Emberiza cia","0","0","0","1"
"0.36","215","Passer montanus","0","0","1","0"
"0.36","215","Curruca iberiae","0","0","1","0"
"0.36","215","Motacilla flava","0","0","1","0"
"0.36","215","Ardea purpurea","0","0","1","0"
"0.36","215","Prunella modularis","1","0","0","0"
"0.36","215","Sterna hirundo","0","0","1","0"
"0.36","215","Podiceps cristatus","0","0","1","0"
"0.36","215","Tachybaptus ruficollis","0","0","1","0"
"0.36","215","Anthus trivialis","1","0","0","0"
"0.36","215","Charadrius dubius","0","0","1","0"
"0.36","215","Anthus campestris","0","0","1","0"
"0.36","215","Apus melba","0","0","1","0"
"0.36","215","Falco subbuteo","0","0","1","0"
"0.36","215","Emberiza citrinella","0","0","1","0"
"0.36","215","Sylvia borin","0","0","1","0"
"0.36","215","Recurvirostra avosetta","0","0","1","0"
"0.36","215","Tadorna tadorna","0","0","1","0"
"0.36","215","Cinclus cinclus","0","0","1","0"
"0.36","215","Circus pygargus","0","0","1","0"
"0.36","215","Aquila chrysaetos","0","0","1","0"
"0.36","215","Curruca undata","0","0","1","0"
"0.36","215","Netta rufina","0","0","1","0"
"0.36","215","Riparia riparia","0","0","1","0"
"0.36","215","Burhinus oedicnemus","0","0","1","0"
"0.36","215","Aythya ferina","0","0","1","0"
"0.36","215","Alcedo atthis","0","0","1","0"
"0.36","215","Actitis hypoleucos","0","0","1","0"
"0.36","215","Phoenicopterus roseus","0","0","1","0"
"0.36","215","Galerida theklae","0","0","1","0"
"0.36","215","Sternula albifrons","0","0","1","0"
"0.36","215","Pyrrhula pyrrhula","0","0","1","0"
"0.36","215","Nycticorax nycticorax","0","0","1","0"
"0.36","215","Coccothraustes coccothraustes","0","0","1","0"
"0.36","215","Melanocorypha calandra","0","0","1","0"
"0.36","215","Accipiter nisus","0","0","1","0"
"0.36","215","Anthus spinoletta","0","0","1","0"
"0.36","215","Tringa ochropus","0","0","1","0"
"0.36","215","Coracias garrulus","0","0","1","0"
"0.36","215","Loxia curvirostra","0","0","0","1"
"0.36","215","Poecile palustris","0","0","1","0"
"0.36","215","Columba oenas","0","0","1","0"
"0.36","215","Phasianus colchicus","0","0","1","0"
"0.36","215","Cecropis daurica","0","0","1","0"
"0.36","215","Vanellus vanellus","0","0","1","0"
"0.36","215","Ichthyaetus melanocephalus","0","0","1","0"
"0.36","215","Plegadis falcinellus","0","0","1","0"
"0.36","215","Mareca strepera","0","0","1","0"
"0.36","215","Athene noctua","0","0","1","0"
"0.36","215","Pyrrhocorax graculus","0","0","1","0"
"0.36","215","Saxicola rubetra","0","0","1","0"
"0.36","215","Ardea alba","0","0","1","0"
"0.36","215","Passer italiae","0","0","1","0"
"0.36","215","Emberiza schoeniclus","0","0","1","0"
"0.36","215","Passer hispaniolensis","0","0","1","0"
"0.36","215","Rallus aquaticus","0","0","1","0"
"0.36","215","Platalea leucorodia","0","0","1","0"
"0.36","215","Tringa totanus","0","0","1","0"
"0.36","215","Falco naumanni","0","0","1","0"
"0.36","215","Chlidonias niger","0","0","1","0"
"0.36","215","Ardeola ralloides","0","0","1","0"
"0.36","215","Charadrius alexandrinus","0","0","1","0"
"0.36","215","Regulus regulus","0","0","1","0"
"0.36","215","Psittacula krameri","0","0","1","0"
"0.36","215","Strix aluco","0","0","1","0"
"0.36","215","Ichthyaetus audouinii","0","0","1","0"
"0.36","215","Lanius meridionalis","0","0","1","0"
"0.36","215","Tyto alba","0","0","1","0"
"0.36","215","Monticola solitarius","0","0","1","0"
"0.36","215","Spatula clypeata","0","0","1","0"
"0.36","215","Thalasseus sandvicensis","0","0","1","0"
"0.36","215","Podiceps nigricollis","0","0","1","0"
"0.36","215","Chlidonias hybrida","0","0","1","0"
"0.36","215","Corvus cornix","0","0","1","0"
"0.36","215","Oenanthe hispanica","0","0","1","0"
"0.36","215","Hippolais icterina","0","0","1","0"
"0.36","215","Ixobrychus minutus","0","0","1","0"
"0.36","215","Otus scops","0","0","1","0"
"0.36","215","Jynx torquilla","0","0","1","0"
"0.36","215","Dendrocoptes medius","0","0","1","0"
"0.36","215","Asio otus","0","0","1","0"
"0.36","215","Monticola saxatilis","0","0","1","0"
"0.36","216","Turdus merula","0","0","1","0"
"0.36","216","Apus apus","0","0","1","0"
"0.36","216","Hirundo rustica","0","0","1","0"
"0.36","216","Columba palumbus","0","0","1","0"
"0.36","216","Fringilla coelebs","0","0","1","0"
"0.36","216","Passer domesticus","0","0","1","0"
"0.36","216","Carduelis carduelis","0","0","1","0"
"0.36","216","Sylvia atricapilla","0","0","0","1"
"0.36","216","Pica pica","0","0","1","0"
"0.36","216","Streptopelia decaocto","0","0","1","0"
"0.36","216","Delichon urbicum","0","0","1","0"
"0.36","216","Serinus serinus","0","0","1","0"
"0.36","216","Parus major","0","0","1","0"
"0.36","216","Corvus corone","0","0","1","0"
"0.36","216","Milvus migrans","0","0","1","0"
"0.36","216","Phoenicurus ochruros","0","0","1","0"
"0.36","216","Gyps fulvus","0","0","1","0"
"0.36","216","Motacilla alba","0","0","1","0"
"0.36","216","Garrulus glandarius","0","0","1","0"
"0.36","216","Columba livia","0","0","1","0"
"0.36","216","Erithacus rubecula","0","0","1","0"
"0.36","216","Cyanistes caeruleus","0","0","1","0"
"0.36","216","Chloris chloris","0","0","1","0"
"0.36","216","Falco tinnunculus","0","0","1","0"
"0.36","216","Oriolus oriolus","0","0","1","0"
"0.36","216","Emberiza cirlus","0","0","1","0"
"0.36","216","Luscinia megarhynchos","0","0","1","0"
"0.36","216","Periparus ater","0","0","1","0"
"0.36","216","Merops apiaster","0","0","1","0"
"0.36","216","Buteo buteo","0","0","1","0"
"0.36","216","Phylloscopus bonelli","0","0","1","0"
"0.36","216","Troglodytes troglodytes","0","0","1","0"
"0.36","216","Larus michahellis","0","0","1","0"
"0.36","216","Linaria cannabina","0","0","1","0"
"0.36","216","Anas platyrhynchos","0","0","1","0"
"0.36","216","Ptyonoprogne rupestris","0","0","1","0"
"0.36","216","Cuculus canorus","0","0","1","0"
"0.36","216","Upupa epops","0","0","1","0"
"0.36","216","Sturnus vulgaris","0","0","1","0"
"0.36","216","Streptopelia turtur","0","0","1","0"
"0.36","216","Dendrocopos major","0","0","1","0"
"0.36","216","Ardea cinerea","0","0","1","0"
"0.36","216","Certhia brachydactyla","0","0","1","0"
"0.36","216","Hippolais polyglotta","0","0","1","0"
"0.36","216","Saxicola rubicola","0","0","1","0"
"0.36","216","Corvus corax","0","0","1","0"
"0.36","216","Curruca melanocephala","0","0","1","0"
"0.36","216","Aegithalos caudatus","0","0","1","0"
"0.36","216","Lophophanes cristatus","0","0","1","0"
"0.36","216","Emberiza calandra","0","0","1","0"
"0.36","216","Turdus viscivorus","0","0","1","0"
"0.36","216","Galerida cristata","0","0","1","0"
"0.36","216","Regulus ignicapilla","0","0","1","0"
"0.36","216","Sitta europaea","0","0","1","0"
"0.36","216","Fulica atra","0","0","1","0"
"0.36","216","Lullula arborea","0","0","1","0"
"0.36","216","Cettia cetti","0","0","1","0"
"0.36","216","Picus viridis","0","0","1","0"
"0.36","216","Egretta garzetta","0","0","1","0"
"0.36","216","Petronia petronia","0","0","1","0"
"0.36","216","Pyrrhocorax pyrrhocorax","0","0","1","0"
"0.36","216","Gallinula chloropus","0","0","1","0"
"0.36","216","Circaetus gallicus","0","0","1","0"
"0.36","216","Cisticola juncidis","0","0","1","0"
"0.36","216","Turdus philomelos","0","0","1","0"
"0.36","216","Alauda arvensis","0","0","1","0"
"0.36","216","Himantopus himantopus","0","0","1","0"
"0.36","216","Carduelis citrinella","0","0","1","0"
"0.36","216","Hieraaetus pennatus","0","0","1","0"
"0.36","216","Lanius collurio","0","0","1","0"
"0.36","216","Oenanthe oenanthe","0","0","1","0"
"0.36","216","Chroicocephalus ridibundus","0","0","1","0"
"0.36","216","Corvus monedula","0","0","1","0"
"0.36","216","Lanius senator","0","0","1","0"
"0.36","216","Phalacrocorax carbo","0","0","1","0"
"0.36","216","Phylloscopus collybita","0","0","0","1"
"0.36","216","Phoenicurus phoenicurus","0","0","1","0"
"0.36","216","Picus sharpei","0","0","1","0"
"0.36","216","Bubulcus ibis","0","0","1","0"
"0.36","216","Motacilla cinerea","0","0","1","0"
"0.36","216","Muscicapa striata","0","0","1","0"
"0.36","216","Milvus milvus","0","0","1","0"
"0.36","216","Curruca communis","0","0","1","0"
"0.36","216","Sturnus unicolor","0","0","1","0"
"0.36","216","Acrocephalus scirpaceus","0","0","1","0"
"0.36","216","Circus aeruginosus","0","0","1","0"
"0.36","216","Ciconia ciconia","0","0","1","0"
"0.36","216","Alectoris rufa","0","0","1","0"
"0.36","216","Coturnix coturnix","0","0","1","0"
"0.36","216","Pernis apivorus","0","0","1","0"
"0.36","216","Acrocephalus arundinaceus","0","0","1","0"
"0.36","216","Emberiza cia","0","0","1","0"
"0.36","216","Passer montanus","0","0","1","0"
"0.36","216","Curruca iberiae","0","0","1","0"
"0.36","216","Motacilla flava","0","0","1","0"
"0.36","216","Ardea purpurea","0","0","1","0"
"0.36","216","Prunella modularis","0","0","1","0"
"0.36","216","Sterna hirundo","0","0","1","0"
"0.36","216","Podiceps cristatus","0","0","1","0"
"0.36","216","Tachybaptus ruficollis","0","0","1","0"
"0.36","216","Anthus trivialis","1","0","0","0"
"0.36","216","Charadrius dubius","0","0","1","0"
"0.36","216","Anthus campestris","0","0","1","0"
"0.36","216","Apus melba","0","0","1","0"
"0.36","216","Falco subbuteo","0","0","1","0"
"0.36","216","Emberiza citrinella","0","0","1","0"
"0.36","216","Sylvia borin","0","0","1","0"
"0.36","216","Recurvirostra avosetta","0","0","1","0"
"0.36","216","Tadorna tadorna","0","0","1","0"
"0.36","216","Cinclus cinclus","0","0","1","0"
"0.36","216","Circus pygargus","0","0","1","0"
"0.36","216","Aquila chrysaetos","0","0","1","0"
"0.36","216","Curruca undata","0","0","1","0"
"0.36","216","Netta rufina","0","0","1","0"
"0.36","216","Riparia riparia","0","0","1","0"
"0.36","216","Burhinus oedicnemus","0","0","1","0"
"0.36","216","Aythya ferina","0","0","1","0"
"0.36","216","Alcedo atthis","0","0","1","0"
"0.36","216","Actitis hypoleucos","0","0","1","0"
"0.36","216","Phoenicopterus roseus","0","0","1","0"
"0.36","216","Galerida theklae","0","0","1","0"
"0.36","216","Sternula albifrons","0","0","1","0"
"0.36","216","Pyrrhula pyrrhula","0","0","1","0"
"0.36","216","Nycticorax nycticorax","0","0","1","0"
"0.36","216","Coccothraustes coccothraustes","0","0","1","0"
"0.36","216","Melanocorypha calandra","0","0","1","0"
"0.36","216","Accipiter nisus","0","0","1","0"
"0.36","216","Anthus spinoletta","0","0","1","0"
"0.36","216","Tringa ochropus","0","0","1","0"
"0.36","216","Coracias garrulus","0","0","1","0"
"0.36","216","Loxia curvirostra","0","0","1","0"
"0.36","216","Poecile palustris","0","0","1","0"
"0.36","216","Columba oenas","0","0","1","0"
"0.36","216","Phasianus colchicus","0","0","1","0"
"0.36","216","Cecropis daurica","0","0","1","0"
"0.36","216","Vanellus vanellus","0","0","1","0"
"0.36","216","Ichthyaetus melanocephalus","0","0","1","0"
"0.36","216","Plegadis falcinellus","0","0","1","0"
"0.36","216","Mareca strepera","0","0","1","0"
"0.36","216","Athene noctua","0","0","1","0"
"0.36","216","Pyrrhocorax graculus","0","0","1","0"
"0.36","216","Saxicola rubetra","0","0","1","0"
"0.36","216","Ardea alba","0","0","1","0"
"0.36","216","Passer italiae","0","0","1","0"
"0.36","216","Emberiza schoeniclus","0","0","1","0"
"0.36","216","Passer hispaniolensis","0","0","1","0"
"0.36","216","Rallus aquaticus","0","0","1","0"
"0.36","216","Platalea leucorodia","0","0","1","0"
"0.36","216","Tringa totanus","0","0","1","0"
"0.36","216","Falco naumanni","0","0","1","0"
"0.36","216","Chlidonias niger","0","0","1","0"
"0.36","216","Ardeola ralloides","0","0","1","0"
"0.36","216","Charadrius alexandrinus","0","0","1","0"
"0.36","216","Regulus regulus","0","0","1","0"
"0.36","216","Psittacula krameri","0","0","1","0"
"0.36","216","Strix aluco","0","0","1","0"
"0.36","216","Ichthyaetus audouinii","0","0","1","0"
"0.36","216","Lanius meridionalis","0","0","1","0"
"0.36","216","Tyto alba","0","0","1","0"
"0.36","216","Monticola solitarius","0","0","1","0"
"0.36","216","Spatula clypeata","0","0","1","0"
"0.36","216","Thalasseus sandvicensis","0","0","1","0"
"0.36","216","Podiceps nigricollis","0","0","1","0"
"0.36","216","Chlidonias hybrida","0","0","1","0"
"0.36","216","Corvus cornix","0","0","1","0"
"0.36","216","Oenanthe hispanica","0","0","1","0"
"0.36","216","Hippolais icterina","0","0","1","0"
"0.36","216","Ixobrychus minutus","0","0","1","0"
"0.36","216","Otus scops","0","0","1","0"
"0.36","216","Jynx torquilla","0","0","1","0"
"0.36","216","Dendrocoptes medius","0","0","1","0"
"0.36","216","Asio otus","0","0","1","0"
"0.36","216","Monticola saxatilis","0","0","1","0"
"0.36","217","Turdus merula","0","0","1","0"
"0.36","217","Apus apus","0","0","1","0"
"0.36","217","Columba palumbus","0","0","1","0"
"0.36","217","Passer domesticus","0","0","1","0"
"0.36","217","Hirundo rustica","0","0","1","0"
"0.36","217","Fringilla coelebs","0","0","1","0"
"0.36","217","Delichon urbicum","0","0","1","0"
"0.36","217","Carduelis carduelis","0","0","1","0"
"0.36","217","Streptopelia decaocto","0","0","1","0"
"0.36","217","Corvus corone","0","0","1","0"
"0.36","217","Pica pica","0","0","1","0"
"0.36","217","Sylvia atricapilla","0","0","1","0"
"0.36","217","Parus major","0","0","1","0"
"0.36","217","Phoenicurus ochruros","0","0","1","0"
"0.36","217","Gyps fulvus","0","0","1","0"
"0.36","217","Serinus serinus","0","0","1","0"
"0.36","217","Milvus migrans","0","0","1","0"
"0.36","217","Motacilla alba","0","0","1","0"
"0.36","217","Garrulus glandarius","0","0","1","0"
"0.36","217","Cyanistes caeruleus","0","0","1","0"
"0.36","217","Columba livia","0","0","1","0"
"0.36","217","Erithacus rubecula","0","0","1","0"
"0.36","217","Falco tinnunculus","0","0","1","0"
"0.36","217","Buteo buteo","0","0","1","0"
"0.36","217","Chloris chloris","0","0","1","0"
"0.36","217","Emberiza cirlus","0","0","1","0"
"0.36","217","Oriolus oriolus","0","0","1","0"
"0.36","217","Periparus ater","0","0","1","0"
"0.36","217","Merops apiaster","0","0","1","0"
"0.36","217","Linaria cannabina","0","0","1","0"
"0.36","217","Ptyonoprogne rupestris","0","0","1","0"
"0.36","217","Anas platyrhynchos","0","0","1","0"
"0.36","217","Troglodytes troglodytes","0","0","1","0"
"0.36","217","Larus michahellis","0","0","1","0"
"0.36","217","Ardea cinerea","0","0","1","0"
"0.36","217","Dendrocopos major","0","0","1","0"
"0.36","217","Certhia brachydactyla","0","0","1","0"
"0.36","217","Phylloscopus bonelli","0","0","1","0"
"0.36","217","Sturnus vulgaris","0","0","1","0"
"0.36","217","Saxicola rubicola","0","0","1","0"
"0.36","217","Corvus corax","0","0","1","0"
"0.36","217","Upupa epops","0","0","1","0"
"0.36","217","Aegithalos caudatus","0","0","1","0"
"0.36","217","Streptopelia turtur","0","0","1","0"
"0.36","217","Sitta europaea","0","0","1","0"
"0.36","217","Lophophanes cristatus","0","0","1","0"
"0.36","217","Galerida cristata","0","0","1","0"
"0.36","217","Hippolais polyglotta","0","0","1","0"
"0.36","217","Fulica atra","0","0","1","0"
"0.36","217","Curruca melanocephala","0","0","1","0"
"0.36","217","Egretta garzetta","0","0","1","0"
"0.36","217","Chroicocephalus ridibundus","0","0","1","0"
"0.36","217","Picus viridis","0","0","1","0"
"0.36","217","Regulus ignicapilla","0","0","1","0"
"0.36","217","Turdus viscivorus","0","0","1","0"
"0.36","217","Gallinula chloropus","0","0","1","0"
"0.36","217","Hieraaetus pennatus","0","0","1","0"
"0.36","217","Luscinia megarhynchos","0","0","1","0"
"0.36","217","Circaetus gallicus","0","0","1","0"
"0.36","217","Cettia cetti","0","0","1","0"
"0.36","217","Lanius collurio","0","0","1","0"
"0.36","217","Pyrrhocorax pyrrhocorax","0","0","1","0"
"0.36","217","Phalacrocorax carbo","0","0","1","0"
"0.36","217","Lanius senator","0","0","1","0"
"0.36","217","Cisticola juncidis","0","0","1","0"
"0.36","217","Oenanthe oenanthe","0","0","1","0"
"0.36","217","Bubulcus ibis","0","0","1","0"
"0.36","217","Lullula arborea","0","0","1","0"
"0.36","217","Picus sharpei","0","0","1","0"
"0.36","217","Phylloscopus collybita","0","0","1","0"
"0.36","217","Milvus milvus","0","0","1","0"
"0.36","217","Motacilla cinerea","0","0","1","0"
"0.36","217","Carduelis citrinella","0","0","1","0"
"0.36","217","Muscicapa striata","0","0","1","0"
"0.36","217","Emberiza calandra","0","0","1","0"
"0.36","217","Turdus philomelos","0","0","1","0"
"0.36","217","Petronia petronia","0","0","1","0"
"0.36","217","Himantopus himantopus","0","0","1","0"
"0.36","217","Alauda arvensis","0","0","1","0"
"0.36","217","Circus aeruginosus","0","0","1","0"
"0.36","217","Sturnus unicolor","0","0","1","0"
"0.36","217","Ciconia ciconia","0","0","1","0"
"0.36","217","Acrocephalus scirpaceus","0","0","1","0"
"0.36","217","Pernis apivorus","0","0","1","0"
"0.36","217","Cuculus canorus","0","0","1","0"
"0.36","217","Alectoris rufa","0","0","1","0"
"0.36","217","Coturnix coturnix","0","0","1","0"
"0.36","217","Corvus monedula","0","0","1","0"
"0.36","217","Phoenicurus phoenicurus","0","0","1","0"
"0.36","217","Curruca communis","0","0","1","0"
"0.36","217","Motacilla flava","0","0","1","0"
"0.36","217","Tachybaptus ruficollis","0","0","1","0"
"0.36","217","Actitis hypoleucos","0","0","1","0"
"0.36","217","Curruca iberiae","0","0","1","0"
"0.36","217","Passer montanus","0","0","1","0"
"0.36","217","Alcedo atthis","0","0","1","0"
"0.36","217","Emberiza cia","0","0","1","0"
"0.36","217","Podiceps cristatus","0","0","1","0"
"0.36","217","Sterna hirundo","0","0","1","0"
"0.36","217","Charadrius dubius","0","0","1","0"
"0.36","217","Prunella modularis","0","0","1","0"
"0.36","217","Ardea purpurea","0","0","1","0"
"0.36","217","Anthus trivialis","0","0","1","0"
"0.36","217","Tringa ochropus","0","0","1","0"
"0.36","217","Curruca undata","0","0","1","0"
"0.36","217","Apus melba","0","0","1","0"
"0.36","217","Recurvirostra avosetta","0","0","1","0"
"0.36","217","Anthus campestris","0","0","1","0"
"0.36","217","Vanellus vanellus","0","0","1","0"
"0.36","217","Riparia riparia","0","0","1","0"
"0.36","217","Cinclus cinclus","0","0","1","0"
"0.36","217","Falco subbuteo","0","0","1","0"
"0.36","217","Emberiza citrinella","0","0","1","0"
"0.36","217","Aquila chrysaetos","0","0","1","0"
"0.36","217","Anthus spinoletta","0","0","1","0"
"0.36","217","Circus pygargus","0","0","1","0"
"0.36","217","Tadorna tadorna","0","0","1","0"
"0.36","217","Sylvia borin","0","0","1","0"
"0.36","217","Galerida theklae","0","0","1","0"
"0.36","217","Aythya ferina","0","0","1","0"
"0.36","217","Pyrrhula pyrrhula","0","0","1","0"
"0.36","217","Phoenicopterus roseus","0","0","1","0"
"0.36","217","Netta rufina","0","0","1","0"
"0.36","217","Acrocephalus arundinaceus","0","0","1","0"
"0.36","217","Accipiter nisus","0","0","1","0"
"0.36","217","Nycticorax nycticorax","0","0","1","0"
"0.36","217","Cecropis daurica","0","0","1","0"
"0.36","217","Ardea alba","0","0","1","0"
"0.36","217","Burhinus oedicnemus","0","0","1","0"
"0.36","217","Poecile palustris","0","0","1","0"
"0.36","217","Loxia curvirostra","0","0","1","0"
"0.36","217","Ficedula hypoleuca","0","0","1","0"
"0.36","217","Plegadis falcinellus","0","0","1","0"
"0.36","217","Lanius meridionalis","0","0","1","0"
"0.36","217","Rallus aquaticus","0","0","1","0"
"0.36","217","Sternula albifrons","0","0","1","0"
"0.36","217","Coccothraustes coccothraustes","0","0","1","0"
"0.36","217","Platalea leucorodia","0","0","1","0"
"0.36","217","Pyrrhocorax graculus","0","0","1","0"
"0.36","217","Columba oenas","0","0","1","0"
"0.36","217","Mareca strepera","0","0","1","0"
"0.36","217","Saxicola rubetra","0","0","1","0"
"0.36","217","Athene noctua","0","0","1","0"
"0.36","217","Coracias garrulus","0","0","1","0"
"0.36","217","Tringa totanus","0","0","1","0"
"0.36","217","Melanocorypha calandra","0","0","1","0"
"0.36","217","Ichthyaetus melanocephalus","0","0","1","0"
"0.36","217","Thalasseus sandvicensis","0","0","1","0"
"0.36","217","Chlidonias niger","0","0","1","0"
"0.36","217","Emberiza schoeniclus","0","0","1","0"
"0.36","217","Spatula clypeata","0","0","1","0"
"0.36","217","Passer hispaniolensis","0","0","1","0"
"0.36","217","Strix aluco","0","0","1","0"
"0.36","217","Charadrius alexandrinus","0","0","1","0"
"0.36","217","Falco naumanni","0","0","1","0"
"0.36","217","Charadrius hiaticula","0","0","1","0"
"0.36","217","Tyto alba","0","0","1","0"
"0.36","217","Podiceps nigricollis","0","0","1","0"
"0.36","217","Numenius arquata","0","0","1","0"
"0.36","217","Limosa limosa","0","0","1","0"
"0.36","217","Regulus regulus","0","0","1","0"
"0.36","217","Cygnus olor","0","0","1","0"
"0.36","217","Tringa glareola","0","0","1","0"
"0.36","217","Larus fuscus","0","0","1","0"
"0.36","217","Psittacula krameri","0","0","1","0"
"0.36","217","Phylloscopus trochilus","0","0","1","0"
"0.36","217","Ichthyaetus audouinii","0","0","1","0"
"0.36","217","Phasianus colchicus","0","0","1","0"
"0.36","217","Chlidonias hybrida","0","0","1","0"
"0.36","217","Ardeola ralloides","0","0","1","0"
"0.36","217","Morus bassanus","0","0","1","0"
"0.36","217","Monticola solitarius","0","0","1","0"
"0.36","217","Porphyrio porphyrio","0","0","1","0"
"0.36","217","Ixobrychus minutus","0","0","1","0"
"0.36","217","Tringa nebularia","0","0","1","0"
"0.36","217","Calidris alpina","0","0","1","0"
"0.36","217","Oenanthe hispanica","0","0","1","0"
"0.36","217","Spinus spinus","0","0","1","0"
"0.36","217","Pandion haliaetus","0","0","1","0"
"0.36","217","Otus scops","0","0","1","0"
"0.36","217","Jynx torquilla","0","0","1","0"
"0.36","217","Dendrocoptes medius","0","0","1","0"
"0.36","217","Asio otus","0","0","1","0"
"0.36","217","Monticola saxatilis","0","0","1","0"
"0.36","218","Turdus merula","0","0","1","0"
"0.36","218","Apus apus","0","0","1","0"
"0.36","218","Columba palumbus","0","0","1","0"
"0.36","218","Passer domesticus","0","0","1","0"
"0.36","218","Hirundo rustica","0","0","1","0"
"0.36","218","Fringilla coelebs","1","0","0","0"
"0.36","218","Delichon urbicum","0","0","1","0"
"0.36","218","Carduelis carduelis","0","0","1","0"
"0.36","218","Streptopelia decaocto","0","0","1","0"
"0.36","218","Corvus corone","0","0","1","0"
"0.36","218","Pica pica","0","0","1","0"
"0.36","218","Sylvia atricapilla","0","0","1","0"
"0.36","218","Parus major","0","0","0","1"
"0.36","218","Phoenicurus ochruros","0","0","1","0"
"0.36","218","Gyps fulvus","0","0","1","0"
"0.36","218","Serinus serinus","0","0","1","0"
"0.36","218","Milvus migrans","0","0","1","0"
"0.36","218","Motacilla alba","0","0","1","0"
"0.36","218","Garrulus glandarius","0","0","1","0"
"0.36","218","Cyanistes caeruleus","0","0","1","0"
"0.36","218","Columba livia","0","0","1","0"
"0.36","218","Erithacus rubecula","0","0","1","0"
"0.36","218","Falco tinnunculus","0","0","1","0"
"0.36","218","Buteo buteo","0","0","1","0"
"0.36","218","Chloris chloris","0","0","1","0"
"0.36","218","Emberiza cirlus","0","0","1","0"
"0.36","218","Oriolus oriolus","0","0","1","0"
"0.36","218","Periparus ater","0","0","1","0"
"0.36","218","Merops apiaster","0","0","1","0"
"0.36","218","Linaria cannabina","0","0","1","0"
"0.36","218","Ptyonoprogne rupestris","0","0","1","0"
"0.36","218","Anas platyrhynchos","0","0","1","0"
"0.36","218","Troglodytes troglodytes","0","0","1","0"
"0.36","218","Larus michahellis","0","0","1","0"
"0.36","218","Ardea cinerea","0","0","1","0"
"0.36","218","Dendrocopos major","0","0","1","0"
"0.36","218","Certhia brachydactyla","0","0","1","0"
"0.36","218","Phylloscopus bonelli","0","0","1","0"
"0.36","218","Sturnus vulgaris","0","0","1","0"
"0.36","218","Saxicola rubicola","0","0","1","0"
"0.36","218","Corvus corax","0","0","1","0"
"0.36","218","Upupa epops","0","0","1","0"
"0.36","218","Aegithalos caudatus","0","0","1","0"
"0.36","218","Streptopelia turtur","0","0","1","0"
"0.36","218","Sitta europaea","0","0","1","0"
"0.36","218","Lophophanes cristatus","1","0","0","0"
"0.36","218","Galerida cristata","0","0","1","0"
"0.36","218","Hippolais polyglotta","0","0","1","0"
"0.36","218","Fulica atra","0","0","1","0"
"0.36","218","Curruca melanocephala","0","0","1","0"
"0.36","218","Egretta garzetta","0","0","1","0"
"0.36","218","Chroicocephalus ridibundus","0","0","1","0"
"0.36","218","Picus viridis","0","0","1","0"
"0.36","218","Regulus ignicapilla","0","0","1","0"
"0.36","218","Turdus viscivorus","0","0","1","0"
"0.36","218","Gallinula chloropus","0","0","1","0"
"0.36","218","Hieraaetus pennatus","0","0","1","0"
"0.36","218","Luscinia megarhynchos","0","0","1","0"
"0.36","218","Circaetus gallicus","0","0","1","0"
"0.36","218","Cettia cetti","0","0","1","0"
"0.36","218","Lanius collurio","0","0","1","0"
"0.36","218","Pyrrhocorax pyrrhocorax","0","0","1","0"
"0.36","218","Phalacrocorax carbo","0","0","1","0"
"0.36","218","Lanius senator","0","0","1","0"
"0.36","218","Cisticola juncidis","0","0","1","0"
"0.36","218","Oenanthe oenanthe","0","0","1","0"
"0.36","218","Bubulcus ibis","0","0","1","0"
"0.36","218","Lullula arborea","0","0","1","0"
"0.36","218","Picus sharpei","0","0","0","1"
"0.36","218","Phylloscopus collybita","0","0","1","0"
"0.36","218","Milvus milvus","0","0","1","0"
"0.36","218","Motacilla cinerea","0","0","1","0"
"0.36","218","Carduelis citrinella","0","0","1","0"
"0.36","218","Muscicapa striata","0","0","1","0"
"0.36","218","Emberiza calandra","0","0","1","0"
"0.36","218","Turdus philomelos","0","0","1","0"
"0.36","218","Petronia petronia","0","0","1","0"
"0.36","218","Himantopus himantopus","0","0","1","0"
"0.36","218","Alauda arvensis","0","0","1","0"
"0.36","218","Circus aeruginosus","0","0","1","0"
"0.36","218","Sturnus unicolor","0","0","1","0"
"0.36","218","Ciconia ciconia","0","0","1","0"
"0.36","218","Acrocephalus scirpaceus","0","0","1","0"
"0.36","218","Pernis apivorus","0","0","1","0"
"0.36","218","Cuculus canorus","0","0","1","0"
"0.36","218","Alectoris rufa","0","0","1","0"
"0.36","218","Coturnix coturnix","0","0","1","0"
"0.36","218","Corvus monedula","0","0","1","0"
"0.36","218","Phoenicurus phoenicurus","0","0","1","0"
"0.36","218","Curruca communis","0","0","1","0"
"0.36","218","Motacilla flava","0","0","1","0"
"0.36","218","Tachybaptus ruficollis","0","0","1","0"
"0.36","218","Actitis hypoleucos","0","0","1","0"
"0.36","218","Curruca iberiae","0","0","1","0"
"0.36","218","Passer montanus","0","0","1","0"
"0.36","218","Alcedo atthis","0","0","1","0"
"0.36","218","Emberiza cia","0","0","1","0"
"0.36","218","Podiceps cristatus","0","0","1","0"
"0.36","218","Sterna hirundo","0","0","1","0"
"0.36","218","Charadrius dubius","0","0","1","0"
"0.36","218","Prunella modularis","0","0","1","0"
"0.36","218","Ardea purpurea","0","0","1","0"
"0.36","218","Anthus trivialis","1","0","0","0"
"0.36","218","Tringa ochropus","0","0","1","0"
"0.36","218","Curruca undata","0","0","1","0"
"0.36","218","Apus melba","0","0","1","0"
"0.36","218","Recurvirostra avosetta","0","0","1","0"
"0.36","218","Anthus campestris","0","0","1","0"
"0.36","218","Vanellus vanellus","0","0","1","0"
"0.36","218","Riparia riparia","0","0","1","0"
"0.36","218","Cinclus cinclus","0","0","1","0"
"0.36","218","Falco subbuteo","0","0","1","0"
"0.36","218","Emberiza citrinella","0","0","1","0"
"0.36","218","Aquila chrysaetos","0","0","1","0"
"0.36","218","Anthus spinoletta","0","0","1","0"
"0.36","218","Circus pygargus","0","0","1","0"
"0.36","218","Tadorna tadorna","0","0","1","0"
"0.36","218","Sylvia borin","0","0","1","0"
"0.36","218","Galerida theklae","0","0","1","0"
"0.36","218","Aythya ferina","0","0","1","0"
"0.36","218","Pyrrhula pyrrhula","0","0","1","0"
"0.36","218","Phoenicopterus roseus","0","0","1","0"
"0.36","218","Netta rufina","0","0","1","0"
"0.36","218","Acrocephalus arundinaceus","0","0","1","0"
"0.36","218","Accipiter nisus","0","0","1","0"
"0.36","218","Nycticorax nycticorax","0","0","1","0"
"0.36","218","Cecropis daurica","0","0","1","0"
"0.36","218","Ardea alba","0","0","1","0"
"0.36","218","Burhinus oedicnemus","0","0","1","0"
"0.36","218","Poecile palustris","0","0","1","0"
"0.36","218","Loxia curvirostra","0","0","1","0"
"0.36","218","Ficedula hypoleuca","0","0","1","0"
"0.36","218","Plegadis falcinellus","0","0","1","0"
"0.36","218","Lanius meridionalis","0","0","1","0"
"0.36","218","Rallus aquaticus","0","0","1","0"
"0.36","218","Sternula albifrons","0","0","1","0"
"0.36","218","Coccothraustes coccothraustes","0","0","1","0"
"0.36","218","Platalea leucorodia","0","0","1","0"
"0.36","218","Pyrrhocorax graculus","0","0","1","0"
"0.36","218","Columba oenas","0","0","1","0"
"0.36","218","Mareca strepera","0","0","1","0"
"0.36","218","Saxicola rubetra","0","0","1","0"
"0.36","218","Athene noctua","0","0","1","0"
"0.36","218","Coracias garrulus","0","0","1","0"
"0.36","218","Tringa totanus","0","0","1","0"
"0.36","218","Melanocorypha calandra","0","0","1","0"
"0.36","218","Ichthyaetus melanocephalus","0","0","1","0"
"0.36","218","Thalasseus sandvicensis","0","0","1","0"
"0.36","218","Chlidonias niger","0","0","1","0"
"0.36","218","Emberiza schoeniclus","0","0","1","0"
"0.36","218","Spatula clypeata","0","0","1","0"
"0.36","218","Passer hispaniolensis","0","0","1","0"
"0.36","218","Strix aluco","0","0","1","0"
"0.36","218","Charadrius alexandrinus","0","0","1","0"
"0.36","218","Falco naumanni","0","0","1","0"
"0.36","218","Charadrius hiaticula","0","0","1","0"
"0.36","218","Tyto alba","0","0","1","0"
"0.36","218","Podiceps nigricollis","0","0","1","0"
"0.36","218","Numenius arquata","0","0","1","0"
"0.36","218","Limosa limosa","0","0","1","0"
"0.36","218","Regulus regulus","0","0","1","0"
"0.36","218","Cygnus olor","0","0","1","0"
"0.36","218","Tringa glareola","0","0","1","0"
"0.36","218","Larus fuscus","0","0","1","0"
"0.36","218","Psittacula krameri","0","0","1","0"
"0.36","218","Phylloscopus trochilus","0","0","1","0"
"0.36","218","Ichthyaetus audouinii","0","0","1","0"
"0.36","218","Phasianus colchicus","0","0","1","0"
"0.36","218","Chlidonias hybrida","0","0","1","0"
"0.36","218","Ardeola ralloides","0","0","1","0"
"0.36","218","Morus bassanus","0","0","1","0"
"0.36","218","Monticola solitarius","0","0","1","0"
"0.36","218","Porphyrio porphyrio","0","0","1","0"
"0.36","218","Ixobrychus minutus","0","0","1","0"
"0.36","218","Tringa nebularia","0","0","1","0"
"0.36","218","Calidris alpina","0","0","1","0"
"0.36","218","Oenanthe hispanica","0","0","1","0"
"0.36","218","Spinus spinus","0","0","1","0"
"0.36","218","Pandion haliaetus","0","0","1","0"
"0.36","218","Otus scops","0","0","1","0"
"0.36","218","Jynx torquilla","0","0","1","0"
"0.36","218","Dendrocoptes medius","0","0","1","0"
"0.36","218","Asio otus","0","0","1","0"
"0.36","218","Monticola saxatilis","0","0","1","0"
"0.36","219","Turdus merula","0","0","1","0"
"0.36","219","Apus apus","0","0","1","0"
"0.36","219","Columba palumbus","0","0","1","0"
"0.36","219","Passer domesticus","0","0","1","0"
"0.36","219","Hirundo rustica","0","0","1","0"
"0.36","219","Fringilla coelebs","1","0","0","0"
"0.36","219","Delichon urbicum","0","0","1","0"
"0.36","219","Carduelis carduelis","0","0","1","0"
"0.36","219","Streptopelia decaocto","0","0","1","0"
"0.36","219","Corvus corone","0","0","1","0"
"0.36","219","Pica pica","0","0","1","0"
"0.36","219","Sylvia atricapilla","0","0","1","0"
"0.36","219","Parus major","0","0","1","0"
"0.36","219","Phoenicurus ochruros","0","0","1","0"
"0.36","219","Gyps fulvus","0","0","1","0"
"0.36","219","Serinus serinus","0","0","1","0"
"0.36","219","Milvus migrans","0","0","1","0"
"0.36","219","Motacilla alba","0","0","1","0"
"0.36","219","Garrulus glandarius","0","0","1","0"
"0.36","219","Cyanistes caeruleus","0","0","1","0"
"0.36","219","Columba livia","0","0","1","0"
"0.36","219","Erithacus rubecula","0","0","1","0"
"0.36","219","Falco tinnunculus","0","0","1","0"
"0.36","219","Buteo buteo","0","0","1","0"
"0.36","219","Chloris chloris","0","1","0","0"
"0.36","219","Emberiza cirlus","0","0","1","0"
"0.36","219","Oriolus oriolus","0","0","1","0"
"0.36","219","Periparus ater","0","0","1","0"
"0.36","219","Merops apiaster","0","0","1","0"
"0.36","219","Linaria cannabina","0","0","1","0"
"0.36","219","Ptyonoprogne rupestris","0","0","1","0"
"0.36","219","Anas platyrhynchos","0","0","1","0"
"0.36","219","Troglodytes troglodytes","0","0","1","0"
"0.36","219","Larus michahellis","0","0","1","0"
"0.36","219","Ardea cinerea","0","0","1","0"
"0.36","219","Dendrocopos major","0","0","1","0"
"0.36","219","Certhia brachydactyla","0","0","1","0"
"0.36","219","Phylloscopus bonelli","0","0","1","0"
"0.36","219","Sturnus vulgaris","0","0","1","0"
"0.36","219","Saxicola rubicola","0","0","1","0"
"0.36","219","Corvus corax","0","0","0","1"
"0.36","219","Upupa epops","0","0","1","0"
"0.36","219","Aegithalos caudatus","0","0","1","0"
"0.36","219","Streptopelia turtur","0","0","1","0"
"0.36","219","Sitta europaea","0","0","1","0"
"0.36","219","Lophophanes cristatus","0","0","1","0"
"0.36","219","Galerida cristata","0","0","1","0"
"0.36","219","Hippolais polyglotta","0","0","1","0"
"0.36","219","Fulica atra","0","0","1","0"
"0.36","219","Curruca melanocephala","0","0","1","0"
"0.36","219","Egretta garzetta","0","0","1","0"
"0.36","219","Chroicocephalus ridibundus","0","0","1","0"
"0.36","219","Picus viridis","0","0","1","0"
"0.36","219","Regulus ignicapilla","0","0","1","0"
"0.36","219","Turdus viscivorus","0","0","1","0"
"0.36","219","Gallinula chloropus","0","0","1","0"
"0.36","219","Hieraaetus pennatus","0","0","1","0"
"0.36","219","Luscinia megarhynchos","0","0","1","0"
"0.36","219","Circaetus gallicus","0","0","1","0"
"0.36","219","Cettia cetti","0","0","1","0"
"0.36","219","Lanius collurio","0","0","1","0"
"0.36","219","Pyrrhocorax pyrrhocorax","0","0","1","0"
"0.36","219","Phalacrocorax carbo","0","0","1","0"
"0.36","219","Lanius senator","0","0","1","0"
"0.36","219","Cisticola juncidis","0","0","1","0"
"0.36","219","Oenanthe oenanthe","0","0","1","0"
"0.36","219","Bubulcus ibis","0","0","1","0"
"0.36","219","Lullula arborea","0","0","1","0"
"0.36","219","Picus sharpei","0","0","1","0"
"0.36","219","Phylloscopus collybita","0","0","1","0"
"0.36","219","Milvus milvus","0","0","1","0"
"0.36","219","Motacilla cinerea","0","0","1","0"
"0.36","219","Carduelis citrinella","0","0","1","0"
"0.36","219","Muscicapa striata","0","0","1","0"
"0.36","219","Emberiza calandra","0","0","1","0"
"0.36","219","Turdus philomelos","0","0","1","0"
"0.36","219","Petronia petronia","0","0","1","0"
"0.36","219","Himantopus himantopus","0","0","1","0"
"0.36","219","Alauda arvensis","0","0","1","0"
"0.36","219","Circus aeruginosus","0","0","1","0"
"0.36","219","Sturnus unicolor","0","0","1","0"
"0.36","219","Ciconia ciconia","0","0","1","0"
"0.36","219","Acrocephalus scirpaceus","0","0","1","0"
"0.36","219","Pernis apivorus","0","0","1","0"
"0.36","219","Cuculus canorus","0","0","1","0"
"0.36","219","Alectoris rufa","0","0","1","0"
"0.36","219","Coturnix coturnix","0","0","1","0"
"0.36","219","Corvus monedula","0","0","1","0"
"0.36","219","Phoenicurus phoenicurus","0","0","1","0"
"0.36","219","Curruca communis","0","0","1","0"
"0.36","219","Motacilla flava","0","0","1","0"
"0.36","219","Tachybaptus ruficollis","0","0","1","0"
"0.36","219","Actitis hypoleucos","0","0","1","0"
"0.36","219","Curruca iberiae","0","0","1","0"
"0.36","219","Passer montanus","0","0","1","0"
"0.36","219","Alcedo atthis","0","0","1","0"
"0.36","219","Emberiza cia","0","0","1","0"
"0.36","219","Podiceps cristatus","0","0","1","0"
"0.36","219","Sterna hirundo","0","0","1","0"
"0.36","219","Charadrius dubius","0","0","1","0"
"0.36","219","Prunella modularis","0","0","1","0"
"0.36","219","Ardea purpurea","0","0","1","0"
"0.36","219","Anthus trivialis","1","0","0","0"
"0.36","219","Tringa ochropus","0","0","1","0"
"0.36","219","Curruca undata","0","0","1","0"
"0.36","219","Apus melba","0","0","1","0"
"0.36","219","Recurvirostra avosetta","0","0","1","0"
"0.36","219","Anthus campestris","0","0","1","0"
"0.36","219","Vanellus vanellus","0","0","1","0"
"0.36","219","Riparia riparia","0","0","1","0"
"0.36","219","Cinclus cinclus","0","0","1","0"
"0.36","219","Falco subbuteo","0","0","1","0"
"0.36","219","Emberiza citrinella","0","0","1","0"
"0.36","219","Aquila chrysaetos","0","0","1","0"
"0.36","219","Anthus spinoletta","0","0","1","0"
"0.36","219","Circus pygargus","0","0","1","0"
"0.36","219","Tadorna tadorna","0","0","1","0"
"0.36","219","Sylvia borin","0","0","1","0"
"0.36","219","Galerida theklae","0","0","1","0"
"0.36","219","Aythya ferina","0","0","1","0"
"0.36","219","Pyrrhula pyrrhula","0","0","1","0"
"0.36","219","Phoenicopterus roseus","0","0","1","0"
"0.36","219","Netta rufina","0","0","1","0"
"0.36","219","Acrocephalus arundinaceus","0","0","1","0"
"0.36","219","Accipiter nisus","0","0","1","0"
"0.36","219","Nycticorax nycticorax","0","0","1","0"
"0.36","219","Cecropis daurica","0","0","1","0"
"0.36","219","Ardea alba","0","0","1","0"
"0.36","219","Burhinus oedicnemus","0","0","1","0"
"0.36","219","Poecile palustris","0","0","1","0"
"0.36","219","Loxia curvirostra","0","0","1","0"
"0.36","219","Ficedula hypoleuca","0","0","1","0"
"0.36","219","Plegadis falcinellus","0","0","1","0"
"0.36","219","Lanius meridionalis","0","0","1","0"
"0.36","219","Rallus aquaticus","0","0","1","0"
"0.36","219","Sternula albifrons","0","0","1","0"
"0.36","219","Coccothraustes coccothraustes","0","0","1","0"
"0.36","219","Platalea leucorodia","0","0","1","0"
"0.36","219","Pyrrhocorax graculus","0","0","1","0"
"0.36","219","Columba oenas","0","0","1","0"
"0.36","219","Mareca strepera","0","0","1","0"
"0.36","219","Saxicola rubetra","0","0","1","0"
"0.36","219","Athene noctua","0","0","1","0"
"0.36","219","Coracias garrulus","0","0","1","0"
"0.36","219","Tringa totanus","0","0","1","0"
"0.36","219","Melanocorypha calandra","0","0","1","0"
"0.36","219","Ichthyaetus melanocephalus","0","0","1","0"
"0.36","219","Thalasseus sandvicensis","0","0","1","0"
"0.36","219","Chlidonias niger","0","0","1","0"
"0.36","219","Emberiza schoeniclus","0","0","1","0"
"0.36","219","Spatula clypeata","0","0","1","0"
"0.36","219","Passer hispaniolensis","0","0","1","0"
"0.36","219","Strix aluco","0","0","1","0"
"0.36","219","Charadrius alexandrinus","0","0","1","0"
"0.36","219","Falco naumanni","0","0","1","0"
"0.36","219","Charadrius hiaticula","0","0","1","0"
"0.36","219","Tyto alba","0","0","1","0"
"0.36","219","Podiceps nigricollis","0","0","1","0"
"0.36","219","Numenius arquata","0","0","1","0"
"0.36","219","Limosa limosa","0","0","1","0"
"0.36","219","Regulus regulus","0","0","1","0"
"0.36","219","Cygnus olor","0","0","1","0"
"0.36","219","Tringa glareola","0","0","1","0"
"0.36","219","Larus fuscus","0","0","1","0"
"0.36","219","Psittacula krameri","0","0","1","0"
"0.36","219","Phylloscopus trochilus","0","0","1","0"
"0.36","219","Ichthyaetus audouinii","0","0","1","0"
"0.36","219","Phasianus colchicus","0","0","1","0"
"0.36","219","Chlidonias hybrida","0","0","1","0"
"0.36","219","Ardeola ralloides","0","0","1","0"
"0.36","219","Morus bassanus","0","0","1","0"
"0.36","219","Monticola solitarius","0","0","1","0"
"0.36","219","Porphyrio porphyrio","0","0","1","0"
"0.36","219","Ixobrychus minutus","0","0","1","0"
"0.36","219","Tringa nebularia","0","0","1","0"
"0.36","219","Calidris alpina","0","0","1","0"
"0.36","219","Oenanthe hispanica","0","0","1","0"
"0.36","219","Spinus spinus","0","0","1","0"
"0.36","219","Pandion haliaetus","0","0","1","0"
"0.36","219","Otus scops","0","0","1","0"
"0.36","219","Jynx torquilla","0","0","1","0"
"0.36","219","Dendrocoptes medius","0","0","1","0"
"0.36","219","Asio otus","0","0","1","0"
"0.36","219","Monticola saxatilis","0","0","1","0"
"0.36","220","Turdus merula","0","0","1","0"
"0.36","220","Apus apus","0","0","1","0"
"0.36","220","Columba palumbus","0","0","1","0"
"0.36","220","Hirundo rustica","0","0","1","0"
"0.36","220","Passer domesticus","0","0","1","0"
"0.36","220","Fringilla coelebs","0","0","1","0"
"0.36","220","Carduelis carduelis","0","0","1","0"
"0.36","220","Pica pica","0","0","1","0"
"0.36","220","Streptopelia decaocto","0","0","1","0"
"0.36","220","Sylvia atricapilla","0","0","1","0"
"0.36","220","Delichon urbicum","0","0","1","0"
"0.36","220","Serinus serinus","0","0","1","0"
"0.36","220","Corvus corone","0","0","1","0"
"0.36","220","Parus major","0","0","1","0"
"0.36","220","Phoenicurus ochruros","0","0","1","0"
"0.36","220","Milvus migrans","0","0","1","0"
"0.36","220","Gyps fulvus","0","0","1","0"
"0.36","220","Motacilla alba","0","0","1","0"
"0.36","220","Columba livia","0","0","1","0"
"0.36","220","Garrulus glandarius","0","0","1","0"
"0.36","220","Erithacus rubecula","0","0","1","0"
"0.36","220","Cyanistes caeruleus","0","0","1","0"
"0.36","220","Falco tinnunculus","0","0","1","0"
"0.36","220","Chloris chloris","0","0","1","0"
"0.36","220","Emberiza cirlus","0","0","1","0"
"0.36","220","Oriolus oriolus","0","0","1","0"
"0.36","220","Buteo buteo","0","0","1","0"
"0.36","220","Periparus ater","0","0","1","0"
"0.36","220","Merops apiaster","0","0","1","0"
"0.36","220","Larus michahellis","0","0","1","0"
"0.36","220","Linaria cannabina","0","0","1","0"
"0.36","220","Phylloscopus bonelli","0","0","1","0"
"0.36","220","Troglodytes troglodytes","0","0","1","0"
"0.36","220","Ptyonoprogne rupestris","0","0","1","0"
"0.36","220","Anas platyrhynchos","0","0","1","0"
"0.36","220","Luscinia megarhynchos","0","0","1","0"
"0.36","220","Dendrocopos major","0","0","1","0"
"0.36","220","Ardea cinerea","0","0","1","0"
"0.36","220","Sturnus vulgaris","0","0","1","0"
"0.36","220","Streptopelia turtur","0","0","1","0"
"0.36","220","Upupa epops","0","0","1","0"
"0.36","220","Certhia brachydactyla","0","0","1","0"
"0.36","220","Corvus corax","0","0","1","0"
"0.36","220","Saxicola rubicola","0","0","1","0"
"0.36","220","Aegithalos caudatus","0","0","1","0"
"0.36","220","Curruca melanocephala","0","0","1","0"
"0.36","220","Lophophanes cristatus","0","0","1","0"
"0.36","220","Hippolais polyglotta","0","0","1","0"
"0.36","220","Cuculus canorus","0","0","1","0"
"0.36","220","Turdus viscivorus","0","0","1","0"
"0.36","220","Sitta europaea","0","0","1","0"
"0.36","220","Galerida cristata","0","0","1","0"
"0.36","220","Fulica atra","0","0","1","0"
"0.36","220","Regulus ignicapilla","0","0","1","0"
"0.36","220","Picus viridis","0","0","1","0"
"0.36","220","Egretta garzetta","0","0","1","0"
"0.36","220","Emberiza calandra","0","0","1","0"
"0.36","220","Gallinula chloropus","0","0","1","0"
"0.36","220","Lullula arborea","0","0","1","0"
"0.36","220","Cettia cetti","0","0","1","0"
"0.36","220","Circaetus gallicus","0","0","1","0"
"0.36","220","Chroicocephalus ridibundus","0","0","1","0"
"0.36","220","Cisticola juncidis","0","0","1","0"
"0.36","220","Pyrrhocorax pyrrhocorax","0","0","1","0"
"0.36","220","Turdus philomelos","0","0","1","0"
"0.36","220","Petronia petronia","0","0","1","0"
"0.36","220","Lanius collurio","0","0","1","0"
"0.36","220","Carduelis citrinella","0","0","1","0"
"0.36","220","Himantopus himantopus","0","0","1","0"
"0.36","220","Alauda arvensis","0","0","1","0"
"0.36","220","Hieraaetus pennatus","0","0","1","0"
"0.36","220","Phalacrocorax carbo","0","0","1","0"
"0.36","220","Oenanthe oenanthe","0","0","1","0"
"0.36","220","Phylloscopus collybita","0","0","1","0"
"0.36","220","Lanius senator","0","0","1","0"
"0.36","220","Bubulcus ibis","0","0","1","0"
"0.36","220","Muscicapa striata","0","0","1","0"
"0.36","220","Motacilla cinerea","0","0","1","0"
"0.36","220","Corvus monedula","0","0","1","0"
"0.36","220","Milvus milvus","0","0","1","0"
"0.36","220","Phoenicurus phoenicurus","0","0","1","0"
"0.36","220","Picus sharpei","0","0","1","0"
"0.36","220","Acrocephalus scirpaceus","0","0","1","0"
"0.36","220","Circus aeruginosus","0","0","1","0"
"0.36","220","Pernis apivorus","0","0","1","0"
"0.36","220","Ciconia ciconia","0","0","1","0"
"0.36","220","Curruca communis","0","0","1","0"
"0.36","220","Coturnix coturnix","0","0","1","0"
"0.36","220","Sturnus unicolor","0","0","1","0"
"0.36","220","Alectoris rufa","0","0","1","0"
"0.36","220","Passer montanus","0","0","1","0"
"0.36","220","Emberiza cia","0","0","1","0"
"0.36","220","Curruca iberiae","0","0","1","0"
"0.36","220","Motacilla flava","0","0","1","0"
"0.36","220","Sterna hirundo","0","0","1","0"
"0.36","220","Tachybaptus ruficollis","0","0","1","0"
"0.36","220","Ardea purpurea","0","0","1","0"
"0.36","220","Acrocephalus arundinaceus","0","0","1","0"
"0.36","220","Podiceps cristatus","0","0","1","0"
"0.36","220","Prunella modularis","0","0","1","0"
"0.36","220","Charadrius dubius","0","0","1","0"
"0.36","220","Anthus trivialis","0","0","1","0"
"0.36","220","Anthus campestris","0","0","1","0"
"0.36","220","Apus melba","0","0","1","0"
"0.36","220","Falco subbuteo","0","0","1","0"
"0.36","220","Cinclus cinclus","0","0","1","0"
"0.36","220","Recurvirostra avosetta","0","0","1","0"
"0.36","220","Emberiza citrinella","0","0","1","0"
"0.36","220","Sylvia borin","0","0","1","0"
"0.36","220","Aquila chrysaetos","0","0","1","0"
"0.36","220","Alcedo atthis","0","0","1","0"
"0.36","220","Tadorna tadorna","0","0","1","0"
"0.36","220","Curruca undata","0","0","1","0"
"0.36","220","Circus pygargus","0","0","1","0"
"0.36","220","Netta rufina","0","0","1","0"
"0.36","220","Actitis hypoleucos","0","0","1","0"
"0.36","220","Riparia riparia","0","0","1","0"
"0.36","220","Burhinus oedicnemus","0","0","1","0"
"0.36","220","Aythya ferina","0","0","1","0"
"0.36","220","Tringa ochropus","0","0","1","0"
"0.36","220","Phoenicopterus roseus","0","0","1","0"
"0.36","220","Nycticorax nycticorax","0","0","1","0"
"0.36","220","Anthus spinoletta","0","0","1","0"
"0.36","220","Pyrrhula pyrrhula","0","0","1","0"
"0.36","220","Sternula albifrons","0","0","1","0"
"0.36","220","Accipiter nisus","0","0","1","0"
"0.36","220","Coccothraustes coccothraustes","0","0","1","0"
"0.36","220","Vanellus vanellus","0","0","1","0"
"0.36","220","Galerida theklae","0","0","1","0"
"0.36","220","Loxia curvirostra","0","0","1","0"
"0.36","220","Columba oenas","0","0","1","0"
"0.36","220","Poecile palustris","0","0","1","0"
"0.36","220","Coracias garrulus","0","0","1","0"
"0.36","220","Melanocorypha calandra","0","0","1","0"
"0.36","220","Cecropis daurica","0","0","1","0"
"0.36","220","Ichthyaetus melanocephalus","0","0","1","0"
"0.36","220","Ardea alba","0","0","1","0"
"0.36","220","Plegadis falcinellus","0","0","1","0"
"0.36","220","Athene noctua","0","0","1","0"
"0.36","220","Rallus aquaticus","0","0","1","0"
"0.36","220","Pyrrhocorax graculus","0","0","1","0"
"0.36","220","Passer italiae","0","0","1","0"
"0.36","220","Mareca strepera","0","0","1","0"
"0.36","220","Platalea leucorodia","0","0","1","0"
"0.36","220","Phasianus colchicus","0","0","1","0"
"0.36","220","Saxicola rubetra","0","0","1","0"
"0.36","220","Chlidonias niger","0","0","1","0"
"0.36","220","Emberiza schoeniclus","0","0","1","0"
"0.36","220","Tringa totanus","0","0","1","0"
"0.36","220","Passer hispaniolensis","0","0","1","0"
"0.36","220","Charadrius alexandrinus","0","0","1","0"
"0.36","220","Falco naumanni","0","0","1","0"
"0.36","220","Strix aluco","0","0","1","0"
"0.36","220","Ardeola ralloides","0","0","1","0"
"0.36","220","Regulus regulus","0","0","1","0"
"0.36","220","Lanius meridionalis","0","0","1","0"
"0.36","220","Tyto alba","0","0","1","0"
"0.36","220","Psittacula krameri","0","0","1","0"
"0.36","220","Thalasseus sandvicensis","0","0","1","0"
"0.36","220","Ichthyaetus audouinii","0","0","1","0"
"0.36","220","Podiceps nigricollis","0","0","1","0"
"0.36","220","Spatula clypeata","0","0","1","0"
"0.36","220","Monticola solitarius","0","0","1","0"
"0.36","220","Ixobrychus minutus","0","0","1","0"
"0.36","220","Chlidonias hybrida","0","0","1","0"
"0.36","220","Hippolais icterina","0","0","1","0"
"0.36","220","Limosa limosa","0","0","1","0"
"0.36","220","Corvus cornix","0","0","1","0"
"0.36","220","Ficedula hypoleuca","0","0","1","0"
"0.36","220","Oenanthe hispanica","0","0","1","0"
"0.36","220","Otus scops","0","0","1","0"
"0.36","220","Jynx torquilla","0","0","1","0"
"0.36","220","Dendrocoptes medius","0","0","1","0"
"0.36","220","Asio otus","0","0","1","0"
"0.36","220","Monticola saxatilis","0","0","1","0"
"0.36","221","Turdus merula","0","0","1","0"
"0.36","221","Apus apus","0","0","1","0"
"0.36","221","Columba palumbus","0","0","1","0"
"0.36","221","Hirundo rustica","0","0","1","0"
"0.36","221","Passer domesticus","0","0","1","0"
"0.36","221","Fringilla coelebs","0","0","0","1"
"0.36","221","Carduelis carduelis","0","0","1","0"
"0.36","221","Pica pica","0","0","1","0"
"0.36","221","Streptopelia decaocto","0","0","1","0"
"0.36","221","Sylvia atricapilla","0","0","0","1"
"0.36","221","Delichon urbicum","0","0","1","0"
"0.36","221","Serinus serinus","0","0","1","0"
"0.36","221","Corvus corone","0","0","1","0"
"0.36","221","Parus major","0","0","0","1"
"0.36","221","Phoenicurus ochruros","0","0","1","0"
"0.36","221","Milvus migrans","0","0","1","0"
"0.36","221","Gyps fulvus","0","0","1","0"
"0.36","221","Motacilla alba","0","0","1","0"
"0.36","221","Columba livia","0","0","1","0"
"0.36","221","Garrulus glandarius","0","0","1","0"
"0.36","221","Erithacus rubecula","0","0","0","1"
"0.36","221","Cyanistes caeruleus","0","0","1","0"
"0.36","221","Falco tinnunculus","0","0","1","0"
"0.36","221","Chloris chloris","0","0","1","0"
"0.36","221","Emberiza cirlus","0","0","1","0"
"0.36","221","Oriolus oriolus","0","0","1","0"
"0.36","221","Buteo buteo","0","0","1","0"
"0.36","221","Periparus ater","0","0","1","0"
"0.36","221","Merops apiaster","0","0","1","0"
"0.36","221","Larus michahellis","0","0","1","0"
"0.36","221","Linaria cannabina","0","0","1","0"
"0.36","221","Phylloscopus bonelli","0","0","1","0"
"0.36","221","Troglodytes troglodytes","1","0","0","0"
"0.36","221","Ptyonoprogne rupestris","0","0","1","0"
"0.36","221","Anas platyrhynchos","0","0","1","0"
"0.36","221","Luscinia megarhynchos","0","0","1","0"
"0.36","221","Dendrocopos major","0","0","1","0"
"0.36","221","Ardea cinerea","0","0","1","0"
"0.36","221","Sturnus vulgaris","0","0","1","0"
"0.36","221","Streptopelia turtur","0","0","1","0"
"0.36","221","Upupa epops","0","0","1","0"
"0.36","221","Certhia brachydactyla","0","0","1","0"
"0.36","221","Corvus corax","0","0","1","0"
"0.36","221","Saxicola rubicola","0","0","1","0"
"0.36","221","Aegithalos caudatus","0","0","1","0"
"0.36","221","Curruca melanocephala","0","0","1","0"
"0.36","221","Lophophanes cristatus","0","0","1","0"
"0.36","221","Hippolais polyglotta","0","0","1","0"
"0.36","221","Cuculus canorus","0","0","1","0"
"0.36","221","Turdus viscivorus","0","0","1","0"
"0.36","221","Sitta europaea","0","0","1","0"
"0.36","221","Galerida cristata","0","0","1","0"
"0.36","221","Fulica atra","0","0","1","0"
"0.36","221","Regulus ignicapilla","0","0","1","0"
"0.36","221","Picus viridis","0","0","1","0"
"0.36","221","Egretta garzetta","0","0","1","0"
"0.36","221","Emberiza calandra","0","0","1","0"
"0.36","221","Gallinula chloropus","0","0","1","0"
"0.36","221","Lullula arborea","0","0","1","0"
"0.36","221","Cettia cetti","0","0","1","0"
"0.36","221","Circaetus gallicus","0","0","1","0"
"0.36","221","Chroicocephalus ridibundus","0","0","1","0"
"0.36","221","Cisticola juncidis","0","0","1","0"
"0.36","221","Pyrrhocorax pyrrhocorax","0","0","1","0"
"0.36","221","Turdus philomelos","0","0","1","0"
"0.36","221","Petronia petronia","0","0","1","0"
"0.36","221","Lanius collurio","0","0","1","0"
"0.36","221","Carduelis citrinella","0","0","1","0"
"0.36","221","Himantopus himantopus","0","0","1","0"
"0.36","221","Alauda arvensis","0","0","1","0"
"0.36","221","Hieraaetus pennatus","0","0","1","0"
"0.36","221","Phalacrocorax carbo","0","0","1","0"
"0.36","221","Oenanthe oenanthe","0","0","1","0"
"0.36","221","Phylloscopus collybita","0","0","0","1"
"0.36","221","Lanius senator","0","0","1","0"
"0.36","221","Bubulcus ibis","0","0","1","0"
"0.36","221","Muscicapa striata","0","0","1","0"
"0.36","221","Motacilla cinerea","0","0","1","0"
"0.36","221","Corvus monedula","0","0","1","0"
"0.36","221","Milvus milvus","0","0","1","0"
"0.36","221","Phoenicurus phoenicurus","0","0","1","0"
"0.36","221","Picus sharpei","0","0","1","0"
"0.36","221","Acrocephalus scirpaceus","0","0","1","0"
"0.36","221","Circus aeruginosus","0","0","1","0"
"0.36","221","Pernis apivorus","0","0","1","0"
"0.36","221","Ciconia ciconia","0","0","1","0"
"0.36","221","Curruca communis","0","0","1","0"
"0.36","221","Coturnix coturnix","0","0","1","0"
"0.36","221","Sturnus unicolor","0","0","1","0"
"0.36","221","Alectoris rufa","0","0","1","0"
"0.36","221","Passer montanus","0","0","1","0"
"0.36","221","Emberiza cia","0","0","1","0"
"0.36","221","Curruca iberiae","0","0","1","0"
"0.36","221","Motacilla flava","0","0","1","0"
"0.36","221","Sterna hirundo","0","0","1","0"
"0.36","221","Tachybaptus ruficollis","0","0","1","0"
"0.36","221","Ardea purpurea","0","0","1","0"
"0.36","221","Acrocephalus arundinaceus","0","0","1","0"
"0.36","221","Podiceps cristatus","0","0","1","0"
"0.36","221","Prunella modularis","0","0","0","1"
"0.36","221","Charadrius dubius","0","0","1","0"
"0.36","221","Anthus trivialis","0","0","1","0"
"0.36","221","Anthus campestris","0","0","1","0"
"0.36","221","Apus melba","0","0","1","0"
"0.36","221","Falco subbuteo","0","0","1","0"
"0.36","221","Cinclus cinclus","0","0","1","0"
"0.36","221","Recurvirostra avosetta","0","0","1","0"
"0.36","221","Emberiza citrinella","0","0","1","0"
"0.36","221","Sylvia borin","0","0","1","0"
"0.36","221","Aquila chrysaetos","0","0","1","0"
"0.36","221","Alcedo atthis","0","0","1","0"
"0.36","221","Tadorna tadorna","0","0","1","0"
"0.36","221","Curruca undata","0","0","1","0"
"0.36","221","Circus pygargus","0","0","1","0"
"0.36","221","Netta rufina","0","0","1","0"
"0.36","221","Actitis hypoleucos","0","0","1","0"
"0.36","221","Riparia riparia","0","0","1","0"
"0.36","221","Burhinus oedicnemus","0","0","1","0"
"0.36","221","Aythya ferina","0","0","1","0"
"0.36","221","Tringa ochropus","0","0","1","0"
"0.36","221","Phoenicopterus roseus","0","0","1","0"
"0.36","221","Nycticorax nycticorax","0","0","1","0"
"0.36","221","Anthus spinoletta","0","0","1","0"
"0.36","221","Pyrrhula pyrrhula","0","0","1","0"
"0.36","221","Sternula albifrons","0","0","1","0"
"0.36","221","Accipiter nisus","0","0","1","0"
"0.36","221","Coccothraustes coccothraustes","0","0","1","0"
"0.36","221","Vanellus vanellus","0","0","1","0"
"0.36","221","Galerida theklae","0","0","1","0"
"0.36","221","Loxia curvirostra","0","0","1","0"
"0.36","221","Columba oenas","0","0","1","0"
"0.36","221","Poecile palustris","0","0","1","0"
"0.36","221","Coracias garrulus","0","0","1","0"
"0.36","221","Melanocorypha calandra","0","0","1","0"
"0.36","221","Cecropis daurica","0","0","1","0"
"0.36","221","Ichthyaetus melanocephalus","0","0","1","0"
"0.36","221","Ardea alba","0","0","1","0"
"0.36","221","Plegadis falcinellus","0","0","1","0"
"0.36","221","Athene noctua","0","0","1","0"
"0.36","221","Rallus aquaticus","0","0","1","0"
"0.36","221","Pyrrhocorax graculus","0","0","1","0"
"0.36","221","Passer italiae","0","0","1","0"
"0.36","221","Mareca strepera","0","0","1","0"
"0.36","221","Platalea leucorodia","0","0","1","0"
"0.36","221","Phasianus colchicus","0","0","1","0"
"0.36","221","Saxicola rubetra","0","0","1","0"
"0.36","221","Chlidonias niger","0","0","1","0"
"0.36","221","Emberiza schoeniclus","0","0","1","0"
"0.36","221","Tringa totanus","0","0","1","0"
"0.36","221","Passer hispaniolensis","0","0","1","0"
"0.36","221","Charadrius alexandrinus","0","0","1","0"
"0.36","221","Falco naumanni","0","0","1","0"
"0.36","221","Strix aluco","0","0","1","0"
"0.36","221","Ardeola ralloides","0","0","1","0"
"0.36","221","Regulus regulus","1","0","0","0"
"0.36","221","Lanius meridionalis","0","0","1","0"
"0.36","221","Tyto alba","0","0","1","0"
"0.36","221","Psittacula krameri","0","0","1","0"
"0.36","221","Thalasseus sandvicensis","0","0","1","0"
"0.36","221","Ichthyaetus audouinii","0","0","1","0"
"0.36","221","Podiceps nigricollis","0","0","1","0"
"0.36","221","Spatula clypeata","0","0","1","0"
"0.36","221","Monticola solitarius","0","0","1","0"
"0.36","221","Ixobrychus minutus","0","0","1","0"
"0.36","221","Chlidonias hybrida","0","0","1","0"
"0.36","221","Hippolais icterina","0","0","1","0"
"0.36","221","Limosa limosa","0","0","1","0"
"0.36","221","Corvus cornix","0","0","1","0"
"0.36","221","Ficedula hypoleuca","0","0","1","0"
"0.36","221","Oenanthe hispanica","0","0","1","0"
"0.36","221","Otus scops","0","0","1","0"
"0.36","221","Jynx torquilla","0","0","1","0"
"0.36","221","Dendrocoptes medius","0","0","1","0"
"0.36","221","Asio otus","0","0","1","0"
"0.36","221","Monticola saxatilis","0","0","1","0"
"0.36","222","Turdus merula","0","0","1","0"
"0.36","222","Apus apus","0","0","1","0"
"0.36","222","Columba palumbus","0","0","1","0"
"0.36","222","Hirundo rustica","0","0","1","0"
"0.36","222","Passer domesticus","0","0","1","0"
"0.36","222","Fringilla coelebs","0","0","0","1"
"0.36","222","Carduelis carduelis","0","0","1","0"
"0.36","222","Pica pica","0","0","1","0"
"0.36","222","Streptopelia decaocto","0","0","1","0"
"0.36","222","Sylvia atricapilla","0","0","0","1"
"0.36","222","Delichon urbicum","0","0","1","0"
"0.36","222","Serinus serinus","0","0","1","0"
"0.36","222","Corvus corone","0","0","1","0"
"0.36","222","Parus major","0","0","1","0"
"0.36","222","Phoenicurus ochruros","0","0","1","0"
"0.36","222","Milvus migrans","0","0","1","0"
"0.36","222","Gyps fulvus","0","0","1","0"
"0.36","222","Motacilla alba","0","0","1","0"
"0.36","222","Columba livia","0","0","1","0"
"0.36","222","Garrulus glandarius","0","0","1","0"
"0.36","222","Erithacus rubecula","0","0","0","1"
"0.36","222","Cyanistes caeruleus","0","0","1","0"
"0.36","222","Falco tinnunculus","0","0","1","0"
"0.36","222","Chloris chloris","0","0","1","0"
"0.36","222","Emberiza cirlus","0","0","1","0"
"0.36","222","Oriolus oriolus","0","0","1","0"
"0.36","222","Buteo buteo","0","0","1","0"
"0.36","222","Periparus ater","1","0","0","0"
"0.36","222","Merops apiaster","0","0","1","0"
"0.36","222","Larus michahellis","0","0","1","0"
"0.36","222","Linaria cannabina","0","0","1","0"
"0.36","222","Phylloscopus bonelli","0","0","1","0"
"0.36","222","Troglodytes troglodytes","0","0","1","0"
"0.36","222","Ptyonoprogne rupestris","0","0","1","0"
"0.36","222","Anas platyrhynchos","0","0","1","0"
"0.36","222","Luscinia megarhynchos","0","0","1","0"
"0.36","222","Dendrocopos major","0","0","1","0"
"0.36","222","Ardea cinerea","0","0","1","0"
"0.36","222","Sturnus vulgaris","0","0","1","0"
"0.36","222","Streptopelia turtur","0","0","1","0"
"0.36","222","Upupa epops","0","0","1","0"
"0.36","222","Certhia brachydactyla","0","0","1","0"
"0.36","222","Corvus corax","0","0","1","0"
"0.36","222","Saxicola rubicola","0","0","1","0"
"0.36","222","Aegithalos caudatus","0","0","1","0"
"0.36","222","Curruca melanocephala","0","0","1","0"
"0.36","222","Lophophanes cristatus","0","0","1","0"
"0.36","222","Hippolais polyglotta","0","0","1","0"
"0.36","222","Cuculus canorus","0","0","1","0"
"0.36","222","Turdus viscivorus","0","0","1","0"
"0.36","222","Sitta europaea","0","0","1","0"
"0.36","222","Galerida cristata","0","0","1","0"
"0.36","222","Fulica atra","0","0","1","0"
"0.36","222","Regulus ignicapilla","0","0","1","0"
"0.36","222","Picus viridis","0","0","1","0"
"0.36","222","Egretta garzetta","0","0","1","0"
"0.36","222","Emberiza calandra","0","0","1","0"
"0.36","222","Gallinula chloropus","0","0","1","0"
"0.36","222","Lullula arborea","0","0","1","0"
"0.36","222","Cettia cetti","0","0","1","0"
"0.36","222","Circaetus gallicus","0","0","1","0"
"0.36","222","Chroicocephalus ridibundus","0","0","1","0"
"0.36","222","Cisticola juncidis","0","0","1","0"
"0.36","222","Pyrrhocorax pyrrhocorax","0","0","1","0"
"0.36","222","Turdus philomelos","0","0","1","0"
"0.36","222","Petronia petronia","0","0","1","0"
"0.36","222","Lanius collurio","0","0","1","0"
"0.36","222","Carduelis citrinella","0","0","1","0"
"0.36","222","Himantopus himantopus","0","0","1","0"
"0.36","222","Alauda arvensis","0","0","1","0"
"0.36","222","Hieraaetus pennatus","0","0","1","0"
"0.36","222","Phalacrocorax carbo","0","0","1","0"
"0.36","222","Oenanthe oenanthe","0","0","1","0"
"0.36","222","Phylloscopus collybita","0","0","0","1"
"0.36","222","Lanius senator","0","0","1","0"
"0.36","222","Bubulcus ibis","0","0","1","0"
"0.36","222","Muscicapa striata","0","0","1","0"
"0.36","222","Motacilla cinerea","0","0","1","0"
"0.36","222","Corvus monedula","0","0","1","0"
"0.36","222","Milvus milvus","0","0","1","0"
"0.36","222","Phoenicurus phoenicurus","0","0","1","0"
"0.36","222","Picus sharpei","0","0","1","0"
"0.36","222","Acrocephalus scirpaceus","0","0","1","0"
"0.36","222","Circus aeruginosus","0","0","1","0"
"0.36","222","Pernis apivorus","0","0","1","0"
"0.36","222","Ciconia ciconia","0","0","1","0"
"0.36","222","Curruca communis","0","0","1","0"
"0.36","222","Coturnix coturnix","0","0","1","0"
"0.36","222","Sturnus unicolor","0","0","1","0"
"0.36","222","Alectoris rufa","0","0","1","0"
"0.36","222","Passer montanus","0","0","1","0"
"0.36","222","Emberiza cia","0","0","1","0"
"0.36","222","Curruca iberiae","0","0","1","0"
"0.36","222","Motacilla flava","0","0","1","0"
"0.36","222","Sterna hirundo","0","0","1","0"
"0.36","222","Tachybaptus ruficollis","0","0","1","0"
"0.36","222","Ardea purpurea","0","0","1","0"
"0.36","222","Acrocephalus arundinaceus","0","0","1","0"
"0.36","222","Podiceps cristatus","0","0","1","0"
"0.36","222","Prunella modularis","1","0","0","0"
"0.36","222","Charadrius dubius","0","0","1","0"
"0.36","222","Anthus trivialis","1","0","0","0"
"0.36","222","Anthus campestris","0","0","1","0"
"0.36","222","Apus melba","0","0","1","0"
"0.36","222","Falco subbuteo","0","0","1","0"
"0.36","222","Cinclus cinclus","0","0","1","0"
"0.36","222","Recurvirostra avosetta","0","0","1","0"
"0.36","222","Emberiza citrinella","0","0","1","0"
"0.36","222","Sylvia borin","0","0","1","0"
"0.36","222","Aquila chrysaetos","0","0","1","0"
"0.36","222","Alcedo atthis","0","0","1","0"
"0.36","222","Tadorna tadorna","0","0","1","0"
"0.36","222","Curruca undata","0","0","1","0"
"0.36","222","Circus pygargus","0","0","1","0"
"0.36","222","Netta rufina","0","0","1","0"
"0.36","222","Actitis hypoleucos","0","0","1","0"
"0.36","222","Riparia riparia","0","0","1","0"
"0.36","222","Burhinus oedicnemus","0","0","1","0"
"0.36","222","Aythya ferina","0","0","1","0"
"0.36","222","Tringa ochropus","0","0","1","0"
"0.36","222","Phoenicopterus roseus","0","0","1","0"
"0.36","222","Nycticorax nycticorax","0","0","1","0"
"0.36","222","Anthus spinoletta","0","0","1","0"
"0.36","222","Pyrrhula pyrrhula","0","0","1","0"
"0.36","222","Sternula albifrons","0","0","1","0"
"0.36","222","Accipiter nisus","0","0","1","0"
"0.36","222","Coccothraustes coccothraustes","0","0","1","0"
"0.36","222","Vanellus vanellus","0","0","1","0"
"0.36","222","Galerida theklae","0","0","1","0"
"0.36","222","Loxia curvirostra","0","0","1","0"
"0.36","222","Columba oenas","0","0","1","0"
"0.36","222","Poecile palustris","0","0","1","0"
"0.36","222","Coracias garrulus","0","0","1","0"
"0.36","222","Melanocorypha calandra","0","0","1","0"
"0.36","222","Cecropis daurica","0","0","1","0"
"0.36","222","Ichthyaetus melanocephalus","0","0","1","0"
"0.36","222","Ardea alba","0","0","1","0"
"0.36","222","Plegadis falcinellus","0","0","1","0"
"0.36","222","Athene noctua","0","0","1","0"
"0.36","222","Rallus aquaticus","0","0","1","0"
"0.36","222","Pyrrhocorax graculus","0","0","1","0"
"0.36","222","Passer italiae","0","0","1","0"
"0.36","222","Mareca strepera","0","0","1","0"
"0.36","222","Platalea leucorodia","0","0","1","0"
"0.36","222","Phasianus colchicus","0","0","1","0"
"0.36","222","Saxicola rubetra","0","0","1","0"
"0.36","222","Chlidonias niger","0","0","1","0"
"0.36","222","Emberiza schoeniclus","0","0","1","0"
"0.36","222","Tringa totanus","0","0","1","0"
"0.36","222","Passer hispaniolensis","0","0","1","0"
"0.36","222","Charadrius alexandrinus","0","0","1","0"
"0.36","222","Falco naumanni","0","0","1","0"
"0.36","222","Strix aluco","0","0","1","0"
"0.36","222","Ardeola ralloides","0","0","1","0"
"0.36","222","Regulus regulus","0","0","1","0"
"0.36","222","Lanius meridionalis","0","0","1","0"
"0.36","222","Tyto alba","0","0","1","0"
"0.36","222","Psittacula krameri","0","0","1","0"
"0.36","222","Thalasseus sandvicensis","0","0","1","0"
"0.36","222","Ichthyaetus audouinii","0","0","1","0"
"0.36","222","Podiceps nigricollis","0","0","1","0"
"0.36","222","Spatula clypeata","0","0","1","0"
"0.36","222","Monticola solitarius","0","0","1","0"
"0.36","222","Ixobrychus minutus","0","0","1","0"
"0.36","222","Chlidonias hybrida","0","0","1","0"
"0.36","222","Hippolais icterina","0","0","1","0"
"0.36","222","Limosa limosa","0","0","1","0"
"0.36","222","Corvus cornix","0","0","1","0"
"0.36","222","Ficedula hypoleuca","0","0","1","0"
"0.36","222","Oenanthe hispanica","0","0","1","0"
"0.36","222","Otus scops","0","0","1","0"
"0.36","222","Jynx torquilla","0","0","1","0"
"0.36","222","Dendrocoptes medius","0","0","1","0"
"0.36","222","Asio otus","0","0","1","0"
"0.36","222","Monticola saxatilis","0","0","1","0"
"0.36","223","Turdus merula","0","0","1","0"
"0.36","223","Columba palumbus","0","0","1","0"
"0.36","223","Apus apus","0","0","1","0"
"0.36","223","Hirundo rustica","0","0","1","0"
"0.36","223","Passer domesticus","0","0","1","0"
"0.36","223","Delichon urbicum","0","0","1","0"
"0.36","223","Streptopelia decaocto","0","0","1","0"
"0.36","223","Carduelis carduelis","0","0","1","0"
"0.36","223","Fringilla coelebs","0","0","1","0"
"0.36","223","Pica pica","0","0","1","0"
"0.36","223","Sylvia atricapilla","0","0","1","0"
"0.36","223","Parus major","0","0","1","0"
"0.36","223","Corvus corone","0","0","1","0"
"0.36","223","Phoenicurus ochruros","0","0","1","0"
"0.36","223","Serinus serinus","0","0","1","0"
"0.36","223","Columba livia","0","0","1","0"
"0.36","223","Gyps fulvus","0","0","1","0"
"0.36","223","Garrulus glandarius","0","0","1","0"
"0.36","223","Cyanistes caeruleus","0","0","1","0"
"0.36","223","Falco tinnunculus","0","0","1","0"
"0.36","223","Motacilla alba","0","0","1","0"
"0.36","223","Milvus migrans","0","0","1","0"
"0.36","223","Erithacus rubecula","0","0","1","0"
"0.36","223","Buteo buteo","0","0","1","0"
"0.36","223","Chloris chloris","0","0","1","0"
"0.36","223","Emberiza cirlus","0","0","1","0"
"0.36","223","Merops apiaster","0","0","1","0"
"0.36","223","Periparus ater","0","0","1","0"
"0.36","223","Larus michahellis","0","0","1","0"
"0.36","223","Anas platyrhynchos","0","0","1","0"
"0.36","223","Oriolus oriolus","0","0","1","0"
"0.36","223","Ptyonoprogne rupestris","0","0","1","0"
"0.36","223","Ardea cinerea","0","0","1","0"
"0.36","223","Linaria cannabina","0","0","1","0"
"0.36","223","Dendrocopos major","0","0","1","0"
"0.36","223","Phylloscopus bonelli","0","0","1","0"
"0.36","223","Certhia brachydactyla","0","0","1","0"
"0.36","223","Corvus corax","0","0","1","0"
"0.36","223","Aegithalos caudatus","0","0","1","0"
"0.36","223","Curruca melanocephala","0","0","1","0"
"0.36","223","Troglodytes troglodytes","0","0","1","0"
"0.36","223","Lophophanes cristatus","0","0","1","0"
"0.36","223","Upupa epops","0","0","1","0"
"0.36","223","Sitta europaea","0","0","1","0"
"0.36","223","Fulica atra","0","0","1","0"
"0.36","223","Sturnus vulgaris","0","0","1","0"
"0.36","223","Egretta garzetta","0","0","1","0"
"0.36","223","Gallinula chloropus","0","0","1","0"
"0.36","223","Streptopelia turtur","0","0","1","0"
"0.36","223","Saxicola rubicola","0","0","1","0"
"0.36","223","Chroicocephalus ridibundus","0","0","1","0"
"0.36","223","Galerida cristata","0","0","1","0"
"0.36","223","Picus viridis","0","0","1","0"
"0.36","223","Bubulcus ibis","0","0","1","0"
"0.36","223","Circaetus gallicus","0","0","1","0"
"0.36","223","Muscicapa striata","0","0","1","0"
"0.36","223","Turdus viscivorus","0","0","1","0"
"0.36","223","Hieraaetus pennatus","0","0","1","0"
"0.36","223","Himantopus himantopus","0","0","1","0"
"0.36","223","Cettia cetti","0","0","1","0"
"0.36","223","Regulus ignicapilla","0","0","1","0"
"0.36","223","Phalacrocorax carbo","0","0","1","0"
"0.36","223","Oenanthe oenanthe","0","0","1","0"
"0.36","223","Lanius senator","0","0","1","0"
"0.36","223","Hippolais polyglotta","0","0","1","0"
"0.36","223","Cisticola juncidis","0","0","1","0"
"0.36","223","Carduelis citrinella","0","0","1","0"
"0.36","223","Lanius collurio","0","0","1","0"
"0.36","223","Luscinia megarhynchos","0","0","1","0"
"0.36","223","Motacilla cinerea","0","0","1","0"
"0.36","223","Pyrrhocorax pyrrhocorax","0","0","1","0"
"0.36","223","Pernis apivorus","0","0","1","0"
"0.36","223","Circus aeruginosus","0","0","1","0"
"0.36","223","Milvus milvus","0","0","1","0"
"0.36","223","Lullula arborea","0","0","1","0"
"0.36","223","Phylloscopus collybita","0","0","1","0"
"0.36","223","Picus sharpei","0","0","1","0"
"0.36","223","Acrocephalus scirpaceus","0","0","1","0"
"0.36","223","Petronia petronia","0","0","1","0"
"0.36","223","Corvus monedula","0","0","1","0"
"0.36","223","Emberiza calandra","0","0","1","0"
"0.36","223","Actitis hypoleucos","0","0","1","0"
"0.36","223","Tachybaptus ruficollis","0","0","1","0"
"0.36","223","Sturnus unicolor","0","0","1","0"
"0.36","223","Alauda arvensis","0","0","1","0"
"0.36","223","Turdus philomelos","0","0","1","0"
"0.36","223","Phoenicurus phoenicurus","0","0","1","0"
"0.36","223","Alcedo atthis","0","0","1","0"
"0.36","223","Ciconia ciconia","0","0","1","0"
"0.36","223","Motacilla flava","0","0","1","0"
"0.36","223","Alectoris rufa","0","0","1","0"
"0.36","223","Passer montanus","0","0","1","0"
"0.36","223","Podiceps cristatus","0","0","1","0"
"0.36","223","Coturnix coturnix","0","0","1","0"
"0.36","223","Curruca communis","0","0","1","0"
"0.36","223","Cuculus canorus","0","0","1","0"
"0.36","223","Charadrius dubius","0","0","1","0"
"0.36","223","Tringa ochropus","0","0","1","0"
"0.36","223","Ardea purpurea","0","0","1","0"
"0.36","223","Curruca iberiae","0","0","1","0"
"0.36","223","Sterna hirundo","0","0","1","0"
"0.36","223","Anthus trivialis","0","0","1","0"
"0.36","223","Emberiza cia","0","0","1","0"
"0.36","223","Apus melba","0","0","1","0"
"0.36","223","Cinclus cinclus","0","0","1","0"
"0.36","223","Anthus campestris","0","0","1","0"
"0.36","223","Falco subbuteo","0","0","1","0"
"0.36","223","Recurvirostra avosetta","0","0","1","0"
"0.36","223","Phoenicopterus roseus","0","0","1","0"
"0.36","223","Aquila chrysaetos","0","0","1","0"
"0.36","223","Anthus spinoletta","0","0","1","0"
"0.36","223","Prunella modularis","0","0","1","0"
"0.36","223","Vanellus vanellus","0","0","1","0"
"0.36","223","Riparia riparia","0","0","1","0"
"0.36","223","Ardea alba","0","0","1","0"
"0.36","223","Tadorna tadorna","0","0","1","0"
"0.36","223","Aythya ferina","0","0","1","0"
"0.36","223","Curruca undata","0","0","1","0"
"0.36","223","Nycticorax nycticorax","0","1","0","0"
"0.36","223","Ficedula hypoleuca","0","0","1","0"
"0.36","223","Circus pygargus","0","0","1","0"
"0.36","223","Sylvia borin","0","0","1","0"
"0.36","223","Cecropis daurica","0","0","1","0"
"0.36","223","Accipiter nisus","0","0","1","0"
"0.36","223","Plegadis falcinellus","0","0","1","0"
"0.36","223","Netta rufina","0","0","1","0"
"0.36","223","Acrocephalus arundinaceus","0","0","1","0"
"0.36","223","Rallus aquaticus","0","0","1","0"
"0.36","223","Poecile palustris","0","0","1","0"
"0.36","223","Burhinus oedicnemus","0","0","1","0"
"0.36","223","Pyrrhula pyrrhula","0","0","1","0"
"0.36","223","Loxia curvirostra","0","0","1","0"
"0.36","223","Columba oenas","0","0","1","0"
"0.36","223","Chlidonias niger","0","0","1","0"
"0.36","223","Passer italiae","0","0","1","0"
"0.36","223","Platalea leucorodia","0","0","1","0"
"0.36","223","Emberiza citrinella","0","0","1","0"
"0.36","223","Ichthyaetus melanocephalus","0","0","1","0"
"0.36","223","Saxicola rubetra","0","0","1","0"
"0.36","223","Sternula albifrons","0","0","1","0"
"0.36","223","Mareca strepera","0","0","1","0"
"0.36","223","Coccothraustes coccothraustes","0","0","1","0"
"0.36","223","Coracias garrulus","0","0","1","0"
"0.36","223","Thalasseus sandvicensis","0","0","1","0"
"0.36","223","Tringa totanus","0","0","1","0"
"0.36","223","Athene noctua","0","0","1","0"
"0.36","223","Galerida theklae","0","0","1","0"
"0.36","223","Pyrrhocorax graculus","0","0","1","0"
"0.36","223","Charadrius alexandrinus","0","0","1","0"
"0.36","223","Tringa glareola","0","0","1","0"
"0.36","223","Lanius meridionalis","0","0","1","0"
"0.36","223","Spatula clypeata","0","0","1","0"
"0.36","223","Melanocorypha calandra","0","0","1","0"
"0.36","223","Ichthyaetus audouinii","0","0","1","0"
"0.36","223","Podiceps nigricollis","0","0","1","0"
"0.36","223","Tyto alba","0","0","1","0"
"0.36","223","Numenius arquata","0","0","1","0"
"0.36","223","Emberiza schoeniclus","0","0","1","0"
"0.36","223","Strix aluco","0","0","1","0"
"0.36","223","Passer hispaniolensis","0","0","1","0"
"0.36","223","Charadrius hiaticula","0","0","1","0"
"0.36","223","Ardeola ralloides","0","0","1","0"
"0.36","223","Falco naumanni","0","0","1","0"
"0.36","223","Apus pallidus","0","0","1","0"
"0.36","223","Limosa limosa","0","0","1","0"
"0.36","223","Chlidonias hybrida","0","0","1","0"
"0.36","223","Phasianus colchicus","0","0","1","0"
"0.36","223","Psittacula krameri","0","0","1","0"
"0.36","223","Tringa nebularia","0","0","1","0"
"0.36","223","Falco peregrinus","0","0","1","0"
"0.36","223","Calidris minuta","0","0","1","0"
"0.36","223","Ixobrychus minutus","0","0","1","0"
"0.36","223","Regulus regulus","0","0","1","0"
"0.36","223","Calidris alpina","0","0","1","0"
"0.36","223","Hydroprogne caspia","0","0","1","0"
"0.36","223","Morus bassanus","0","0","1","0"
"0.36","223","Porphyrio porphyrio","0","0","1","0"
"0.36","223","Phylloscopus trochilus","0","0","1","0"
"0.36","223","Monticola solitarius","0","0","1","0"
"0.36","223","Calidris ferruginea","0","0","1","0"
"0.36","223","Hippolais icterina","0","0","1","0"
"0.36","223","Otus scops","0","0","1","0"
"0.36","223","Jynx torquilla","0","0","1","0"
"0.36","223","Dendrocoptes medius","0","0","1","0"
"0.36","223","Asio otus","0","0","1","0"
"0.36","223","Monticola saxatilis","0","0","1","0"
"0.36","224","Turdus merula","0","0","1","0"
"0.36","224","Columba palumbus","0","0","1","0"
"0.36","224","Apus apus","0","0","1","0"
"0.36","224","Hirundo rustica","0","0","1","0"
"0.36","224","Passer domesticus","0","0","1","0"
"0.36","224","Delichon urbicum","0","0","1","0"
"0.36","224","Streptopelia decaocto","0","0","1","0"
"0.36","224","Carduelis carduelis","0","0","1","0"
"0.36","224","Fringilla coelebs","0","0","1","0"
"0.36","224","Pica pica","0","0","1","0"
"0.36","224","Sylvia atricapilla","0","0","1","0"
"0.36","224","Parus major","0","0","1","0"
"0.36","224","Corvus corone","0","0","1","0"
"0.36","224","Phoenicurus ochruros","0","0","1","0"
"0.36","224","Serinus serinus","0","0","1","0"
"0.36","224","Columba livia","0","0","1","0"
"0.36","224","Gyps fulvus","0","0","1","0"
"0.36","224","Garrulus glandarius","0","0","1","0"
"0.36","224","Cyanistes caeruleus","0","0","1","0"
"0.36","224","Falco tinnunculus","0","0","1","0"
"0.36","224","Motacilla alba","0","0","1","0"
"0.36","224","Milvus migrans","0","0","1","0"
"0.36","224","Erithacus rubecula","0","0","1","0"
"0.36","224","Buteo buteo","0","0","1","0"
"0.36","224","Chloris chloris","0","0","1","0"
"0.36","224","Emberiza cirlus","0","0","1","0"
"0.36","224","Merops apiaster","0","0","1","0"
"0.36","224","Periparus ater","0","0","1","0"
"0.36","224","Larus michahellis","0","0","1","0"
"0.36","224","Anas platyrhynchos","0","0","1","0"
"0.36","224","Oriolus oriolus","0","0","1","0"
"0.36","224","Ptyonoprogne rupestris","0","0","1","0"
"0.36","224","Ardea cinerea","0","0","1","0"
"0.36","224","Linaria cannabina","0","0","1","0"
"0.36","224","Dendrocopos major","0","0","1","0"
"0.36","224","Phylloscopus bonelli","0","0","1","0"
"0.36","224","Certhia brachydactyla","0","0","1","0"
"0.36","224","Corvus corax","0","0","1","0"
"0.36","224","Aegithalos caudatus","0","0","1","0"
"0.36","224","Curruca melanocephala","0","0","1","0"
"0.36","224","Troglodytes troglodytes","0","0","1","0"
"0.36","224","Lophophanes cristatus","0","0","1","0"
"0.36","224","Upupa epops","0","0","1","0"
"0.36","224","Sitta europaea","0","0","1","0"
"0.36","224","Fulica atra","0","0","1","0"
"0.36","224","Sturnus vulgaris","0","0","1","0"
"0.36","224","Egretta garzetta","0","0","1","0"
"0.36","224","Gallinula chloropus","0","0","1","0"
"0.36","224","Streptopelia turtur","0","0","1","0"
"0.36","224","Saxicola rubicola","0","0","1","0"
"0.36","224","Chroicocephalus ridibundus","0","0","1","0"
"0.36","224","Galerida cristata","0","0","1","0"
"0.36","224","Picus viridis","0","0","1","0"
"0.36","224","Bubulcus ibis","0","0","1","0"
"0.36","224","Circaetus gallicus","0","0","1","0"
"0.36","224","Muscicapa striata","0","0","1","0"
"0.36","224","Turdus viscivorus","0","0","1","0"
"0.36","224","Hieraaetus pennatus","0","0","1","0"
"0.36","224","Himantopus himantopus","0","0","1","0"
"0.36","224","Cettia cetti","0","0","1","0"
"0.36","224","Regulus ignicapilla","0","0","1","0"
"0.36","224","Phalacrocorax carbo","0","0","1","0"
"0.36","224","Oenanthe oenanthe","0","0","1","0"
"0.36","224","Lanius senator","0","0","1","0"
"0.36","224","Hippolais polyglotta","0","0","1","0"
"0.36","224","Cisticola juncidis","0","0","1","0"
"0.36","224","Carduelis citrinella","0","0","1","0"
"0.36","224","Lanius collurio","0","0","1","0"
"0.36","224","Luscinia megarhynchos","0","0","1","0"
"0.36","224","Motacilla cinerea","0","0","1","0"
"0.36","224","Pyrrhocorax pyrrhocorax","0","0","1","0"
"0.36","224","Pernis apivorus","0","0","1","0"
"0.36","224","Circus aeruginosus","0","0","1","0"
"0.36","224","Milvus milvus","0","0","1","0"
"0.36","224","Lullula arborea","0","0","1","0"
"0.36","224","Phylloscopus collybita","0","0","1","0"
"0.36","224","Picus sharpei","0","0","1","0"
"0.36","224","Acrocephalus scirpaceus","0","0","1","0"
"0.36","224","Petronia petronia","0","0","1","0"
"0.36","224","Corvus monedula","0","0","1","0"
"0.36","224","Emberiza calandra","0","0","1","0"
"0.36","224","Actitis hypoleucos","0","0","1","0"
"0.36","224","Tachybaptus ruficollis","0","0","1","0"
"0.36","224","Sturnus unicolor","0","0","1","0"
"0.36","224","Alauda arvensis","0","0","1","0"
"0.36","224","Turdus philomelos","0","0","1","0"
"0.36","224","Phoenicurus phoenicurus","0","0","1","0"
"0.36","224","Alcedo atthis","0","0","1","0"
"0.36","224","Ciconia ciconia","0","0","1","0"
"0.36","224","Motacilla flava","0","0","1","0"
"0.36","224","Alectoris rufa","0","0","1","0"
"0.36","224","Passer montanus","0","0","1","0"
"0.36","224","Podiceps cristatus","0","0","1","0"
"0.36","224","Coturnix coturnix","0","0","1","0"
"0.36","224","Curruca communis","0","0","1","0"
"0.36","224","Cuculus canorus","0","0","1","0"
"0.36","224","Charadrius dubius","0","0","1","0"
"0.36","224","Tringa ochropus","0","0","1","0"
"0.36","224","Ardea purpurea","0","0","1","0"
"0.36","224","Curruca iberiae","0","0","1","0"
"0.36","224","Sterna hirundo","0","0","1","0"
"0.36","224","Anthus trivialis","0","0","1","0"
"0.36","224","Emberiza cia","0","0","1","0"
"0.36","224","Apus melba","0","0","1","0"
"0.36","224","Cinclus cinclus","0","0","1","0"
"0.36","224","Anthus campestris","0","0","1","0"
"0.36","224","Falco subbuteo","0","0","1","0"
"0.36","224","Recurvirostra avosetta","0","0","1","0"
"0.36","224","Phoenicopterus roseus","0","0","1","0"
"0.36","224","Aquila chrysaetos","0","0","1","0"
"0.36","224","Anthus spinoletta","0","0","1","0"
"0.36","224","Prunella modularis","0","0","1","0"
"0.36","224","Vanellus vanellus","0","0","1","0"
"0.36","224","Riparia riparia","0","0","1","0"
"0.36","224","Ardea alba","0","0","1","0"
"0.36","224","Tadorna tadorna","0","0","1","0"
"0.36","224","Aythya ferina","0","0","1","0"
"0.36","224","Curruca undata","0","0","1","0"
"0.36","224","Nycticorax nycticorax","0","0","1","0"
"0.36","224","Ficedula hypoleuca","0","0","1","0"
"0.36","224","Circus pygargus","0","0","1","0"
"0.36","224","Sylvia borin","0","0","1","0"
"0.36","224","Cecropis daurica","0","0","1","0"
"0.36","224","Accipiter nisus","0","0","1","0"
"0.36","224","Plegadis falcinellus","0","0","1","0"
"0.36","224","Netta rufina","0","0","1","0"
"0.36","224","Acrocephalus arundinaceus","0","0","1","0"
"0.36","224","Rallus aquaticus","0","0","1","0"
"0.36","224","Poecile palustris","0","0","1","0"
"0.36","224","Burhinus oedicnemus","0","0","1","0"
"0.36","224","Pyrrhula pyrrhula","0","0","1","0"
"0.36","224","Loxia curvirostra","0","0","1","0"
"0.36","224","Columba oenas","0","0","1","0"
"0.36","224","Chlidonias niger","0","0","1","0"
"0.36","224","Passer italiae","0","0","1","0"
"0.36","224","Platalea leucorodia","0","0","1","0"
"0.36","224","Emberiza citrinella","0","0","1","0"
"0.36","224","Ichthyaetus melanocephalus","0","0","1","0"
"0.36","224","Saxicola rubetra","0","0","1","0"
"0.36","224","Sternula albifrons","0","0","1","0"
"0.36","224","Mareca strepera","0","0","1","0"
"0.36","224","Coccothraustes coccothraustes","0","0","1","0"
"0.36","224","Coracias garrulus","0","0","1","0"
"0.36","224","Thalasseus sandvicensis","0","0","1","0"
"0.36","224","Tringa totanus","0","0","1","0"
"0.36","224","Athene noctua","0","0","1","0"
"0.36","224","Galerida theklae","0","0","1","0"
"0.36","224","Pyrrhocorax graculus","0","0","1","0"
"0.36","224","Charadrius alexandrinus","0","0","1","0"
"0.36","224","Tringa glareola","0","0","1","0"
"0.36","224","Lanius meridionalis","0","0","1","0"
"0.36","224","Spatula clypeata","0","0","1","0"
"0.36","224","Melanocorypha calandra","0","0","1","0"
"0.36","224","Ichthyaetus audouinii","0","0","1","0"
"0.36","224","Podiceps nigricollis","0","0","1","0"
"0.36","224","Tyto alba","0","0","1","0"
"0.36","224","Numenius arquata","0","0","1","0"
"0.36","224","Emberiza schoeniclus","0","0","1","0"
"0.36","224","Strix aluco","0","0","1","0"
"0.36","224","Passer hispaniolensis","0","0","1","0"
"0.36","224","Charadrius hiaticula","0","0","1","0"
"0.36","224","Ardeola ralloides","0","0","1","0"
"0.36","224","Falco naumanni","0","0","1","0"
"0.36","224","Apus pallidus","0","0","1","0"
"0.36","224","Limosa limosa","0","0","1","0"
"0.36","224","Chlidonias hybrida","0","0","1","0"
"0.36","224","Phasianus colchicus","0","0","1","0"
"0.36","224","Psittacula krameri","0","0","1","0"
"0.36","224","Tringa nebularia","0","0","1","0"
"0.36","224","Falco peregrinus","0","0","1","0"
"0.36","224","Calidris minuta","0","0","1","0"
"0.36","224","Ixobrychus minutus","0","0","1","0"
"0.36","224","Regulus regulus","0","0","1","0"
"0.36","224","Calidris alpina","0","0","1","0"
"0.36","224","Hydroprogne caspia","0","0","1","0"
"0.36","224","Morus bassanus","0","0","1","0"
"0.36","224","Porphyrio porphyrio","0","0","1","0"
"0.36","224","Phylloscopus trochilus","0","0","1","0"
"0.36","224","Monticola solitarius","0","0","1","0"
"0.36","224","Calidris ferruginea","0","0","1","0"
"0.36","224","Hippolais icterina","0","0","1","0"
"0.36","224","Otus scops","0","0","1","0"
"0.36","224","Jynx torquilla","0","0","1","0"
"0.36","224","Dendrocoptes medius","0","0","1","0"
"0.36","224","Asio otus","0","0","1","0"
"0.36","224","Monticola saxatilis","0","0","1","0"
"0.36","225","Turdus merula","0","0","1","0"
"0.36","225","Columba palumbus","0","0","1","0"
"0.36","225","Apus apus","0","0","1","0"
"0.36","225","Hirundo rustica","0","0","1","0"
"0.36","225","Passer domesticus","0","0","1","0"
"0.36","225","Delichon urbicum","0","0","1","0"
"0.36","225","Streptopelia decaocto","0","0","1","0"
"0.36","225","Carduelis carduelis","0","0","1","0"
"0.36","225","Fringilla coelebs","0","0","0","1"
"0.36","225","Pica pica","0","0","1","0"
"0.36","225","Sylvia atricapilla","0","0","1","0"
"0.36","225","Parus major","0","0","1","0"
"0.36","225","Corvus corone","0","0","1","0"
"0.36","225","Phoenicurus ochruros","0","0","1","0"
"0.36","225","Serinus serinus","0","0","1","0"
"0.36","225","Columba livia","0","0","1","0"
"0.36","225","Gyps fulvus","0","0","1","0"
"0.36","225","Garrulus glandarius","0","0","1","0"
"0.36","225","Cyanistes caeruleus","0","0","1","0"
"0.36","225","Falco tinnunculus","0","0","1","0"
"0.36","225","Motacilla alba","0","0","1","0"
"0.36","225","Milvus migrans","0","0","1","0"
"0.36","225","Erithacus rubecula","0","0","1","0"
"0.36","225","Buteo buteo","0","0","1","0"
"0.36","225","Chloris chloris","0","0","1","0"
"0.36","225","Emberiza cirlus","0","0","1","0"
"0.36","225","Merops apiaster","0","0","1","0"
"0.36","225","Periparus ater","0","0","1","0"
"0.36","225","Larus michahellis","0","0","1","0"
"0.36","225","Anas platyrhynchos","0","0","1","0"
"0.36","225","Oriolus oriolus","0","0","1","0"
"0.36","225","Ptyonoprogne rupestris","0","0","1","0"
"0.36","225","Ardea cinerea","0","0","1","0"
"0.36","225","Linaria cannabina","0","0","1","0"
"0.36","225","Dendrocopos major","0","0","1","0"
"0.36","225","Phylloscopus bonelli","0","0","1","0"
"0.36","225","Certhia brachydactyla","0","0","1","0"
"0.36","225","Corvus corax","0","0","1","0"
"0.36","225","Aegithalos caudatus","0","0","1","0"
"0.36","225","Curruca melanocephala","0","0","1","0"
"0.36","225","Troglodytes troglodytes","0","0","1","0"
"0.36","225","Lophophanes cristatus","0","0","1","0"
"0.36","225","Upupa epops","0","0","1","0"
"0.36","225","Sitta europaea","0","0","1","0"
"0.36","225","Fulica atra","0","0","1","0"
"0.36","225","Sturnus vulgaris","0","0","1","0"
"0.36","225","Egretta garzetta","0","0","1","0"
"0.36","225","Gallinula chloropus","0","0","1","0"
"0.36","225","Streptopelia turtur","0","0","1","0"
"0.36","225","Saxicola rubicola","0","0","1","0"
"0.36","225","Chroicocephalus ridibundus","0","0","1","0"
"0.36","225","Galerida cristata","0","0","1","0"
"0.36","225","Picus viridis","0","0","1","0"
"0.36","225","Bubulcus ibis","0","0","1","0"
"0.36","225","Circaetus gallicus","0","0","1","0"
"0.36","225","Muscicapa striata","0","0","1","0"
"0.36","225","Turdus viscivorus","0","0","1","0"
"0.36","225","Hieraaetus pennatus","0","0","1","0"
"0.36","225","Himantopus himantopus","0","0","1","0"
"0.36","225","Cettia cetti","0","0","1","0"
"0.36","225","Regulus ignicapilla","0","0","1","0"
"0.36","225","Phalacrocorax carbo","0","0","1","0"
"0.36","225","Oenanthe oenanthe","0","0","1","0"
"0.36","225","Lanius senator","0","0","1","0"
"0.36","225","Hippolais polyglotta","0","0","1","0"
"0.36","225","Cisticola juncidis","0","0","1","0"
"0.36","225","Carduelis citrinella","0","0","1","0"
"0.36","225","Lanius collurio","0","0","1","0"
"0.36","225","Luscinia megarhynchos","0","0","1","0"
"0.36","225","Motacilla cinerea","0","0","1","0"
"0.36","225","Pyrrhocorax pyrrhocorax","0","0","1","0"
"0.36","225","Pernis apivorus","0","0","1","0"
"0.36","225","Circus aeruginosus","0","0","1","0"
"0.36","225","Milvus milvus","0","0","1","0"
"0.36","225","Lullula arborea","0","0","1","0"
"0.36","225","Phylloscopus collybita","0","0","1","0"
"0.36","225","Picus sharpei","0","0","1","0"
"0.36","225","Acrocephalus scirpaceus","0","0","1","0"
"0.36","225","Petronia petronia","0","0","1","0"
"0.36","225","Corvus monedula","0","0","1","0"
"0.36","225","Emberiza calandra","0","0","1","0"
"0.36","225","Actitis hypoleucos","0","0","1","0"
"0.36","225","Tachybaptus ruficollis","0","0","1","0"
"0.36","225","Sturnus unicolor","0","0","1","0"
"0.36","225","Alauda arvensis","0","0","1","0"
"0.36","225","Turdus philomelos","0","0","1","0"
"0.36","225","Phoenicurus phoenicurus","0","0","1","0"
"0.36","225","Alcedo atthis","0","0","1","0"
"0.36","225","Ciconia ciconia","0","0","1","0"
"0.36","225","Motacilla flava","0","0","1","0"
"0.36","225","Alectoris rufa","0","0","1","0"
"0.36","225","Passer montanus","0","0","1","0"
"0.36","225","Podiceps cristatus","0","0","1","0"
"0.36","225","Coturnix coturnix","0","0","1","0"
"0.36","225","Curruca communis","0","0","1","0"
"0.36","225","Cuculus canorus","0","0","1","0"
"0.36","225","Charadrius dubius","0","0","1","0"
"0.36","225","Tringa ochropus","0","0","1","0"
"0.36","225","Ardea purpurea","0","0","1","0"
"0.36","225","Curruca iberiae","0","0","1","0"
"0.36","225","Sterna hirundo","0","0","1","0"
"0.36","225","Anthus trivialis","0","0","1","0"
"0.36","225","Emberiza cia","0","0","1","0"
"0.36","225","Apus melba","0","0","1","0"
"0.36","225","Cinclus cinclus","0","0","1","0"
"0.36","225","Anthus campestris","0","0","1","0"
"0.36","225","Falco subbuteo","0","0","1","0"
"0.36","225","Recurvirostra avosetta","0","0","1","0"
"0.36","225","Phoenicopterus roseus","0","0","1","0"
"0.36","225","Aquila chrysaetos","0","0","1","0"
"0.36","225","Anthus spinoletta","0","0","1","0"
"0.36","225","Prunella modularis","0","0","1","0"
"0.36","225","Vanellus vanellus","0","0","1","0"
"0.36","225","Riparia riparia","0","0","1","0"
"0.36","225","Ardea alba","0","0","1","0"
"0.36","225","Tadorna tadorna","0","0","1","0"
"0.36","225","Aythya ferina","0","0","1","0"
"0.36","225","Curruca undata","0","0","1","0"
"0.36","225","Nycticorax nycticorax","0","0","1","0"
"0.36","225","Ficedula hypoleuca","0","0","1","0"
"0.36","225","Circus pygargus","0","0","1","0"
"0.36","225","Sylvia borin","0","0","1","0"
"0.36","225","Cecropis daurica","0","0","1","0"
"0.36","225","Accipiter nisus","0","0","1","0"
"0.36","225","Plegadis falcinellus","0","0","1","0"
"0.36","225","Netta rufina","0","0","1","0"
"0.36","225","Acrocephalus arundinaceus","0","0","1","0"
"0.36","225","Rallus aquaticus","0","0","1","0"
"0.36","225","Poecile palustris","0","0","1","0"
"0.36","225","Burhinus oedicnemus","0","0","1","0"
"0.36","225","Pyrrhula pyrrhula","0","0","1","0"
"0.36","225","Loxia curvirostra","0","0","1","0"
"0.36","225","Columba oenas","0","0","1","0"
"0.36","225","Chlidonias niger","0","0","1","0"
"0.36","225","Passer italiae","0","0","1","0"
"0.36","225","Platalea leucorodia","0","0","1","0"
"0.36","225","Emberiza citrinella","0","0","1","0"
"0.36","225","Ichthyaetus melanocephalus","0","0","1","0"
"0.36","225","Saxicola rubetra","0","0","1","0"
"0.36","225","Sternula albifrons","0","0","1","0"
"0.36","225","Mareca strepera","0","0","1","0"
"0.36","225","Coccothraustes coccothraustes","0","0","1","0"
"0.36","225","Coracias garrulus","0","0","1","0"
"0.36","225","Thalasseus sandvicensis","0","0","1","0"
"0.36","225","Tringa totanus","0","0","1","0"
"0.36","225","Athene noctua","0","0","1","0"
"0.36","225","Galerida theklae","0","0","1","0"
"0.36","225","Pyrrhocorax graculus","0","0","1","0"
"0.36","225","Charadrius alexandrinus","0","0","1","0"
"0.36","225","Tringa glareola","0","0","1","0"
"0.36","225","Lanius meridionalis","0","0","1","0"
"0.36","225","Spatula clypeata","0","0","1","0"
"0.36","225","Melanocorypha calandra","0","0","1","0"
"0.36","225","Ichthyaetus audouinii","0","0","1","0"
"0.36","225","Podiceps nigricollis","0","0","1","0"
"0.36","225","Tyto alba","0","0","1","0"
"0.36","225","Numenius arquata","0","0","1","0"
"0.36","225","Emberiza schoeniclus","0","0","1","0"
"0.36","225","Strix aluco","0","0","1","0"
"0.36","225","Passer hispaniolensis","0","0","1","0"
"0.36","225","Charadrius hiaticula","0","0","1","0"
"0.36","225","Ardeola ralloides","0","0","1","0"
"0.36","225","Falco naumanni","0","0","1","0"
"0.36","225","Apus pallidus","0","0","1","0"
"0.36","225","Limosa limosa","0","0","1","0"
"0.36","225","Chlidonias hybrida","0","0","1","0"
"0.36","225","Phasianus colchicus","0","0","1","0"
"0.36","225","Psittacula krameri","0","0","1","0"
"0.36","225","Tringa nebularia","0","0","1","0"
"0.36","225","Falco peregrinus","0","0","1","0"
"0.36","225","Calidris minuta","0","0","1","0"
"0.36","225","Ixobrychus minutus","0","0","1","0"
"0.36","225","Regulus regulus","0","0","1","0"
"0.36","225","Calidris alpina","0","0","1","0"
"0.36","225","Hydroprogne caspia","0","0","1","0"
"0.36","225","Morus bassanus","0","0","1","0"
"0.36","225","Porphyrio porphyrio","0","0","1","0"
"0.36","225","Phylloscopus trochilus","0","0","1","0"
"0.36","225","Monticola solitarius","0","0","1","0"
"0.36","225","Calidris ferruginea","0","0","1","0"
"0.36","225","Hippolais icterina","0","0","1","0"
"0.36","225","Otus scops","0","0","1","0"
"0.36","225","Jynx torquilla","0","0","1","0"
"0.36","225","Dendrocoptes medius","0","0","1","0"
"0.36","225","Asio otus","0","0","1","0"
"0.36","225","Monticola saxatilis","0","0","1","0"
"0.36","226","Turdus merula","0","0","1","0"
"0.36","226","Apus apus","0","0","1","0"
"0.36","226","Hirundo rustica","0","0","1","0"
"0.36","226","Columba palumbus","0","0","1","0"
"0.36","226","Fringilla coelebs","0","0","1","0"
"0.36","226","Passer domesticus","0","0","1","0"
"0.36","226","Sylvia atricapilla","0","0","1","0"
"0.36","226","Pica pica","0","0","1","0"
"0.36","226","Carduelis carduelis","0","0","1","0"
"0.36","226","Streptopelia decaocto","0","0","1","0"
"0.36","226","Serinus serinus","0","0","1","0"
"0.36","226","Parus major","0","0","1","0"
"0.36","226","Delichon urbicum","0","0","1","0"
"0.36","226","Corvus corone","0","0","1","0"
"0.36","226","Milvus migrans","0","0","1","0"
"0.36","226","Luscinia megarhynchos","0","0","1","0"
"0.36","226","Phoenicurus ochruros","0","0","1","0"
"0.36","226","Cyanistes caeruleus","0","0","1","0"
"0.36","226","Cuculus canorus","0","0","1","0"
"0.36","226","Erithacus rubecula","0","0","1","0"
"0.36","226","Garrulus glandarius","0","0","1","0"
"0.36","226","Columba livia","0","0","1","0"
"0.36","226","Gyps fulvus","0","0","1","0"
"0.36","226","Chloris chloris","0","0","1","0"
"0.36","226","Motacilla alba","0","0","1","0"
"0.36","226","Falco tinnunculus","0","0","1","0"
"0.36","226","Oriolus oriolus","0","0","1","0"
"0.36","226","Emberiza cirlus","0","0","1","0"
"0.36","226","Phylloscopus bonelli","0","0","1","0"
"0.36","226","Merops apiaster","0","0","1","0"
"0.36","226","Anas platyrhynchos","0","0","1","0"
"0.36","226","Larus michahellis","0","0","1","0"
"0.36","226","Troglodytes troglodytes","0","0","1","0"
"0.36","226","Periparus ater","0","0","1","0"
"0.36","226","Sturnus vulgaris","0","0","1","0"
"0.36","226","Buteo buteo","0","0","1","0"
"0.36","226","Linaria cannabina","0","0","1","0"
"0.36","226","Upupa epops","0","0","1","0"
"0.36","226","Hippolais polyglotta","0","0","1","0"
"0.36","226","Ardea cinerea","0","0","1","0"
"0.36","226","Emberiza calandra","0","0","1","0"
"0.36","226","Ptyonoprogne rupestris","0","0","1","0"
"0.36","226","Dendrocopos major","0","0","1","0"
"0.36","226","Streptopelia turtur","0","0","1","0"
"0.36","226","Curruca melanocephala","0","0","1","0"
"0.36","226","Corvus corax","0","0","1","0"
"0.36","226","Saxicola rubicola","0","0","1","0"
"0.36","226","Aegithalos caudatus","0","0","1","0"
"0.36","226","Certhia brachydactyla","0","0","1","0"
"0.36","226","Cettia cetti","0","0","1","0"
"0.36","226","Regulus ignicapilla","0","0","1","0"
"0.36","226","Turdus viscivorus","0","0","1","0"
"0.36","226","Galerida cristata","0","0","1","0"
"0.36","226","Lophophanes cristatus","0","0","1","0"
"0.36","226","Fulica atra","0","0","1","0"
"0.36","226","Lullula arborea","0","0","1","0"
"0.36","226","Egretta garzetta","0","0","1","0"
"0.36","226","Sitta europaea","0","0","1","0"
"0.36","226","Pyrrhocorax pyrrhocorax","0","0","1","0"
"0.36","226","Gallinula chloropus","0","0","1","0"
"0.36","226","Petronia petronia","0","0","1","0"
"0.36","226","Picus viridis","0","0","1","0"
"0.36","226","Corvus monedula","0","0","1","0"
"0.36","226","Himantopus himantopus","0","0","1","0"
"0.36","226","Cisticola juncidis","0","0","1","0"
"0.36","226","Alauda arvensis","0","0","1","0"
"0.36","226","Phoenicurus phoenicurus","0","0","1","0"
"0.36","226","Curruca communis","0","0","1","0"
"0.36","226","Turdus philomelos","0","0","1","0"
"0.36","226","Phalacrocorax carbo","0","0","1","0"
"0.36","226","Oenanthe oenanthe","0","0","1","0"
"0.36","226","Circaetus gallicus","0","0","1","0"
"0.36","226","Carduelis citrinella","0","0","1","0"
"0.36","226","Hieraaetus pennatus","0","0","1","0"
"0.36","226","Phylloscopus collybita","0","0","1","0"
"0.36","226","Sturnus unicolor","0","0","1","0"
"0.36","226","Circus aeruginosus","0","0","1","0"
"0.36","226","Milvus milvus","0","0","1","0"
"0.36","226","Motacilla flava","0","0","1","0"
"0.36","226","Lanius senator","0","0","1","0"
"0.36","226","Acrocephalus arundinaceus","0","0","1","0"
"0.36","226","Picus sharpei","0","0","1","0"
"0.36","226","Acrocephalus scirpaceus","0","0","1","0"
"0.36","226","Bubulcus ibis","0","0","1","0"
"0.36","226","Muscicapa striata","0","0","1","0"
"0.36","226","Lanius collurio","0","0","1","0"
"0.36","226","Motacilla cinerea","0","0","1","0"
"0.36","226","Chroicocephalus ridibundus","0","0","1","0"
"0.36","226","Ciconia ciconia","0","0","1","0"
"0.36","226","Curruca iberiae","0","0","1","0"
"0.36","226","Alectoris rufa","0","0","1","0"
"0.36","226","Pernis apivorus","0","0","1","0"
"0.36","226","Emberiza cia","0","0","1","0"
"0.36","226","Passer montanus","0","0","1","0"
"0.36","226","Podiceps cristatus","0","0","1","0"
"0.36","226","Ardea purpurea","0","0","1","0"
"0.36","226","Coturnix coturnix","0","0","1","0"
"0.36","226","Anthus trivialis","0","0","1","0"
"0.36","226","Prunella modularis","0","0","1","0"
"0.36","226","Tachybaptus ruficollis","0","0","1","0"
"0.36","226","Charadrius dubius","0","0","1","0"
"0.36","226","Falco subbuteo","0","0","1","0"
"0.36","226","Tadorna tadorna","0","0","1","0"
"0.36","226","Sterna hirundo","0","0","1","0"
"0.36","226","Apus melba","0","0","1","0"
"0.36","226","Sylvia borin","0","0","1","0"
"0.36","226","Recurvirostra avosetta","0","0","1","0"
"0.36","226","Emberiza citrinella","0","0","1","0"
"0.36","226","Netta rufina","0","0","1","0"
"0.36","226","Anthus campestris","0","0","1","0"
"0.36","226","Riparia riparia","0","0","1","0"
"0.36","226","Circus pygargus","0","0","1","0"
"0.36","226","Aquila chrysaetos","0","0","1","0"
"0.36","226","Curruca undata","0","0","1","0"
"0.36","226","Cinclus cinclus","0","0","1","0"
"0.36","226","Actitis hypoleucos","0","0","1","0"
"0.36","226","Phasianus colchicus","0","0","1","0"
"0.36","226","Saxicola rubetra","0","0","1","0"
"0.36","226","Phoenicopterus roseus","0","0","1","0"
"0.36","226","Pyrrhula pyrrhula","0","0","1","0"
"0.36","226","Aythya ferina","0","0","1","0"
"0.36","226","Burhinus oedicnemus","0","0","1","0"
"0.36","226","Melanocorypha calandra","0","0","1","0"
"0.36","226","Passer italiae","0","0","1","0"
"0.36","226","Nycticorax nycticorax","0","0","1","0"
"0.36","226","Plegadis falcinellus","0","0","1","0"
"0.36","226","Mareca strepera","0","0","1","0"
"0.36","226","Accipiter nisus","0","0","1","0"
"0.36","226","Poecile palustris","0","0","1","0"
"0.36","226","Alcedo atthis","0","0","1","0"
"0.36","226","Coccothraustes coccothraustes","0","0","1","0"
"0.36","226","Sternula albifrons","0","0","1","0"
"0.36","226","Pyrrhocorax graculus","0","0","1","0"
"0.36","226","Ardea alba","0","0","1","0"
"0.36","226","Ichthyaetus melanocephalus","0","0","1","0"
"0.36","226","Psittacula krameri","0","0","1","0"
"0.36","226","Galerida theklae","0","0","1","0"
"0.36","226","Loxia curvirostra","0","0","1","0"
"0.36","226","Jynx torquilla","0","0","1","0"
"0.36","226","Anthus spinoletta","0","0","1","0"
"0.36","226","Columba oenas","0","0","1","0"
"0.36","226","Corvus cornix","0","0","1","0"
"0.36","226","Passer hispaniolensis","0","0","1","0"
"0.36","226","Tringa ochropus","0","0","1","0"
"0.36","226","Tringa totanus","0","0","1","0"
"0.36","226","Cecropis daurica","0","0","1","0"
"0.36","226","Chlidonias niger","0","0","1","0"
"0.36","226","Ardeola ralloides","0","0","1","0"
"0.36","226","Regulus regulus","0","0","1","0"
"0.36","226","Vanellus vanellus","0","0","1","0"
"0.36","226","Falco naumanni","0","0","1","0"
"0.36","226","Emberiza schoeniclus","0","0","1","0"
"0.36","226","Coracias garrulus","0","0","1","0"
"0.36","226","Athene noctua","0","0","1","0"
"0.36","226","Tringa glareola","0","0","1","0"
"0.36","226","Ichthyaetus audouinii","0","0","1","0"
"0.36","226","Rallus aquaticus","0","0","1","0"
"0.36","226","Podiceps nigricollis","0","0","1","0"
"0.36","226","Chlidonias hybrida","0","0","1","0"
"0.36","226","Spatula clypeata","0","0","1","0"
"0.36","226","Monticola solitarius","0","0","1","0"
"0.36","226","Charadrius alexandrinus","0","0","1","0"
"0.36","226","Platalea leucorodia","0","0","1","0"
"0.36","226","Strix aluco","0","0","1","0"
"0.36","226","Falco peregrinus","0","0","1","0"
"0.36","226","Hippolais icterina","0","0","1","0"
"0.36","226","Thalasseus sandvicensis","0","0","1","0"
"0.36","226","Emberiza hortulana","0","0","1","0"
"0.36","226","Otus scops","0","0","1","0"
"0.36","226","Dendrocoptes medius","0","0","1","0"
"0.36","226","Asio otus","0","0","1","0"
"0.36","226","Monticola saxatilis","0","0","1","0"
"0.36","227","Turdus merula","0","0","0","1"
"0.36","227","Apus apus","0","0","1","0"
"0.36","227","Hirundo rustica","0","0","1","0"
"0.36","227","Columba palumbus","0","0","1","0"
"0.36","227","Fringilla coelebs","0","0","1","0"
"0.36","227","Passer domesticus","0","0","1","0"
"0.36","227","Sylvia atricapilla","0","0","1","0"
"0.36","227","Pica pica","0","0","1","0"
"0.36","227","Carduelis carduelis","0","0","1","0"
"0.36","227","Streptopelia decaocto","0","0","1","0"
"0.36","227","Serinus serinus","0","0","1","0"
"0.36","227","Delichon urbicum","0","0","1","0"
"0.36","227","Parus major","0","0","1","0"
"0.36","227","Corvus corone","0","0","1","0"
"0.36","227","Milvus migrans","0","0","1","0"
"0.36","227","Phoenicurus ochruros","0","0","1","0"
"0.36","227","Garrulus glandarius","0","0","1","0"
"0.36","227","Luscinia megarhynchos","0","0","1","0"
"0.36","227","Erithacus rubecula","0","0","1","0"
"0.36","227","Cyanistes caeruleus","0","0","1","0"
"0.36","227","Gyps fulvus","0","0","1","0"
"0.36","227","Columba livia","0","0","1","0"
"0.36","227","Motacilla alba","0","0","1","0"
"0.36","227","Chloris chloris","0","0","1","0"
"0.36","227","Falco tinnunculus","0","0","1","0"
"0.36","227","Oriolus oriolus","0","0","1","0"
"0.36","227","Cuculus canorus","0","0","0","1"
"0.36","227","Emberiza cirlus","0","0","1","0"
"0.36","227","Phylloscopus bonelli","0","0","1","0"
"0.36","227","Merops apiaster","0","0","1","0"
"0.36","227","Larus michahellis","0","0","1","0"
"0.36","227","Troglodytes troglodytes","0","0","0","1"
"0.36","227","Periparus ater","0","0","1","0"
"0.36","227","Buteo buteo","0","0","1","0"
"0.36","227","Anas platyrhynchos","0","0","1","0"
"0.36","227","Sturnus vulgaris","0","0","1","0"
"0.36","227","Linaria cannabina","0","0","1","0"
"0.36","227","Upupa epops","0","0","1","0"
"0.36","227","Hippolais polyglotta","0","0","1","0"
"0.36","227","Ptyonoprogne rupestris","0","0","1","0"
"0.36","227","Streptopelia turtur","0","0","1","0"
"0.36","227","Dendrocopos major","0","0","1","0"
"0.36","227","Ardea cinerea","0","0","1","0"
"0.36","227","Saxicola rubicola","0","0","0","1"
"0.36","227","Curruca melanocephala","0","0","1","0"
"0.36","227","Emberiza calandra","0","0","1","0"
"0.36","227","Corvus corax","0","0","1","0"
"0.36","227","Certhia brachydactyla","0","0","1","0"
"0.36","227","Aegithalos caudatus","0","0","1","0"
"0.36","227","Regulus ignicapilla","0","0","1","0"
"0.36","227","Cettia cetti","0","0","1","0"
"0.36","227","Galerida cristata","0","0","1","0"
"0.36","227","Turdus viscivorus","0","0","1","0"
"0.36","227","Lophophanes cristatus","0","0","0","1"
"0.36","227","Fulica atra","0","0","1","0"
"0.36","227","Lullula arborea","1","0","0","0"
"0.36","227","Sitta europaea","0","0","1","0"
"0.36","227","Egretta garzetta","0","0","1","0"
"0.36","227","Picus viridis","0","0","1","0"
"0.36","227","Pyrrhocorax pyrrhocorax","0","0","1","0"
"0.36","227","Petronia petronia","0","0","1","0"
"0.36","227","Gallinula chloropus","0","0","1","0"
"0.36","227","Corvus monedula","0","0","1","0"
"0.36","227","Alauda arvensis","0","0","0","1"
"0.36","227","Himantopus himantopus","0","0","1","0"
"0.36","227","Cisticola juncidis","0","0","1","0"
"0.36","227","Turdus philomelos","0","0","1","0"
"0.36","227","Phoenicurus phoenicurus","0","0","1","0"
"0.36","227","Circaetus gallicus","0","0","1","0"
"0.36","227","Oenanthe oenanthe","0","0","1","0"
"0.36","227","Curruca communis","0","0","1","0"
"0.36","227","Carduelis citrinella","0","0","1","0"
"0.36","227","Phalacrocorax carbo","0","0","1","0"
"0.36","227","Hieraaetus pennatus","0","0","1","0"
"0.36","227","Lanius collurio","0","0","1","0"
"0.36","227","Phylloscopus collybita","0","0","1","0"
"0.36","227","Sturnus unicolor","0","0","1","0"
"0.36","227","Lanius senator","0","0","1","0"
"0.36","227","Milvus milvus","0","0","1","0"
"0.36","227","Bubulcus ibis","0","0","1","0"
"0.36","227","Acrocephalus scirpaceus","0","0","1","0"
"0.36","227","Chroicocephalus ridibundus","0","0","1","0"
"0.36","227","Picus sharpei","0","0","0","1"
"0.36","227","Circus aeruginosus","0","0","1","0"
"0.36","227","Acrocephalus arundinaceus","0","0","1","0"
"0.36","227","Muscicapa striata","0","0","1","0"
"0.36","227","Motacilla cinerea","0","0","1","0"
"0.36","227","Motacilla flava","0","0","1","0"
"0.36","227","Ciconia ciconia","0","0","1","0"
"0.36","227","Alectoris rufa","0","0","1","0"
"0.36","227","Pernis apivorus","0","0","1","0"
"0.36","227","Curruca iberiae","0","0","1","0"
"0.36","227","Emberiza cia","0","0","0","1"
"0.36","227","Passer montanus","0","0","1","0"
"0.36","227","Coturnix coturnix","0","0","1","0"
"0.36","227","Podiceps cristatus","0","0","1","0"
"0.36","227","Ardea purpurea","0","0","1","0"
"0.36","227","Prunella modularis","0","0","1","0"
"0.36","227","Anthus trivialis","1","0","0","0"
"0.36","227","Sterna hirundo","0","0","1","0"
"0.36","227","Tachybaptus ruficollis","0","0","1","0"
"0.36","227","Falco subbuteo","0","0","1","0"
"0.36","227","Charadrius dubius","0","0","1","0"
"0.36","227","Sylvia borin","0","0","1","0"
"0.36","227","Apus melba","0","0","1","0"
"0.36","227","Emberiza citrinella","0","0","1","0"
"0.36","227","Anthus campestris","0","0","1","0"
"0.36","227","Tadorna tadorna","0","0","1","0"
"0.36","227","Recurvirostra avosetta","0","0","1","0"
"0.36","227","Netta rufina","0","0","1","0"
"0.36","227","Aquila chrysaetos","0","0","1","0"
"0.36","227","Circus pygargus","0","0","1","0"
"0.36","227","Riparia riparia","0","0","1","0"
"0.36","227","Cinclus cinclus","0","0","1","0"
"0.36","227","Curruca undata","0","0","1","0"
"0.36","227","Burhinus oedicnemus","0","0","1","0"
"0.36","227","Aythya ferina","0","0","1","0"
"0.36","227","Pyrrhula pyrrhula","0","0","1","0"
"0.36","227","Actitis hypoleucos","0","0","1","0"
"0.36","227","Phoenicopterus roseus","0","0","1","0"
"0.36","227","Phasianus colchicus","0","0","1","0"
"0.36","227","Melanocorypha calandra","0","0","1","0"
"0.36","227","Nycticorax nycticorax","0","0","1","0"
"0.36","227","Passer italiae","0","0","1","0"
"0.36","227","Alcedo atthis","0","0","1","0"
"0.36","227","Saxicola rubetra","0","0","1","0"
"0.36","227","Sternula albifrons","0","0","1","0"
"0.36","227","Coccothraustes coccothraustes","0","0","1","0"
"0.36","227","Accipiter nisus","0","0","1","0"
"0.36","227","Plegadis falcinellus","0","0","1","0"
"0.36","227","Poecile palustris","0","0","1","0"
"0.36","227","Mareca strepera","0","0","1","0"
"0.36","227","Galerida theklae","0","0","1","0"
"0.36","227","Pyrrhocorax graculus","0","0","1","0"
"0.36","227","Ichthyaetus melanocephalus","0","0","1","0"
"0.36","227","Anthus spinoletta","0","0","1","0"
"0.36","227","Loxia curvirostra","0","0","1","0"
"0.36","227","Coracias garrulus","0","0","1","0"
"0.36","227","Corvus cornix","0","0","1","0"
"0.36","227","Columba oenas","0","0","1","0"
"0.36","227","Ardea alba","0","0","1","0"
"0.36","227","Passer hispaniolensis","0","0","1","0"
"0.36","227","Psittacula krameri","0","0","1","0"
"0.36","227","Cecropis daurica","0","0","1","0"
"0.36","227","Tringa ochropus","0","0","1","0"
"0.36","227","Vanellus vanellus","0","0","1","0"
"0.36","227","Chlidonias niger","0","0","1","0"
"0.36","227","Tringa totanus","0","0","1","0"
"0.36","227","Ardeola ralloides","0","0","1","0"
"0.36","227","Emberiza schoeniclus","0","0","1","0"
"0.36","227","Athene noctua","0","0","1","0"
"0.36","227","Falco naumanni","0","0","1","0"
"0.36","227","Regulus regulus","0","0","1","0"
"0.36","227","Jynx torquilla","0","0","1","0"
"0.36","227","Ichthyaetus audouinii","0","0","1","0"
"0.36","227","Rallus aquaticus","0","0","1","0"
"0.36","227","Platalea leucorodia","0","0","1","0"
"0.36","227","Charadrius alexandrinus","0","0","1","0"
"0.36","227","Strix aluco","0","0","1","0"
"0.36","227","Chlidonias hybrida","0","0","1","0"
"0.36","227","Monticola solitarius","0","0","1","0"
"0.36","227","Podiceps nigricollis","0","0","1","0"
"0.36","227","Hippolais icterina","0","0","1","0"
"0.36","227","Spatula clypeata","0","0","1","0"
"0.36","227","Otus scops","0","0","1","0"
"0.36","227","Dendrocoptes medius","0","0","1","0"
"0.36","227","Asio otus","0","0","1","0"
"0.36","227","Monticola saxatilis","0","0","1","0"
"0.36","228","Turdus merula","0","0","1","0"
"0.36","228","Apus apus","0","0","1","0"
"0.36","228","Hirundo rustica","0","0","1","0"
"0.36","228","Columba palumbus","0","0","1","0"
"0.36","228","Fringilla coelebs","0","0","1","0"
"0.36","228","Passer domesticus","0","0","1","0"
"0.36","228","Sylvia atricapilla","0","0","1","0"
"0.36","228","Pica pica","0","0","1","0"
"0.36","228","Carduelis carduelis","0","0","1","0"
"0.36","228","Streptopelia decaocto","0","0","1","0"
"0.36","228","Serinus serinus","0","0","1","0"
"0.36","228","Delichon urbicum","0","0","1","0"
"0.36","228","Parus major","0","0","1","0"
"0.36","228","Corvus corone","0","0","1","0"
"0.36","228","Milvus migrans","0","0","1","0"
"0.36","228","Phoenicurus ochruros","0","0","1","0"
"0.36","228","Garrulus glandarius","0","0","1","0"
"0.36","228","Luscinia megarhynchos","0","0","1","0"
"0.36","228","Erithacus rubecula","0","0","1","0"
"0.36","228","Cyanistes caeruleus","0","0","1","0"
"0.36","228","Gyps fulvus","0","0","1","0"
"0.36","228","Columba livia","0","0","1","0"
"0.36","228","Motacilla alba","0","0","1","0"
"0.36","228","Chloris chloris","0","0","1","0"
"0.36","228","Falco tinnunculus","0","0","1","0"
"0.36","228","Oriolus oriolus","0","0","1","0"
"0.36","228","Cuculus canorus","0","0","1","0"
"0.36","228","Emberiza cirlus","0","0","1","0"
"0.36","228","Phylloscopus bonelli","0","0","1","0"
"0.36","228","Merops apiaster","0","0","1","0"
"0.36","228","Larus michahellis","0","0","1","0"
"0.36","228","Troglodytes troglodytes","0","0","1","0"
"0.36","228","Periparus ater","0","0","1","0"
"0.36","228","Buteo buteo","0","0","1","0"
"0.36","228","Anas platyrhynchos","0","0","1","0"
"0.36","228","Sturnus vulgaris","0","0","1","0"
"0.36","228","Linaria cannabina","0","0","1","0"
"0.36","228","Upupa epops","0","0","1","0"
"0.36","228","Hippolais polyglotta","0","0","1","0"
"0.36","228","Ptyonoprogne rupestris","0","0","1","0"
"0.36","228","Streptopelia turtur","0","0","1","0"
"0.36","228","Dendrocopos major","0","0","1","0"
"0.36","228","Ardea cinerea","0","0","1","0"
"0.36","228","Saxicola rubicola","0","0","1","0"
"0.36","228","Curruca melanocephala","0","0","1","0"
"0.36","228","Emberiza calandra","0","0","1","0"
"0.36","228","Corvus corax","0","0","1","0"
"0.36","228","Certhia brachydactyla","0","0","1","0"
"0.36","228","Aegithalos caudatus","0","0","1","0"
"0.36","228","Regulus ignicapilla","0","0","1","0"
"0.36","228","Cettia cetti","0","0","1","0"
"0.36","228","Galerida cristata","0","0","1","0"
"0.36","228","Turdus viscivorus","0","0","1","0"
"0.36","228","Lophophanes cristatus","0","0","1","0"
"0.36","228","Fulica atra","0","0","1","0"
"0.36","228","Lullula arborea","0","0","1","0"
"0.36","228","Sitta europaea","0","0","1","0"
"0.36","228","Egretta garzetta","0","0","1","0"
"0.36","228","Picus viridis","0","0","1","0"
"0.36","228","Pyrrhocorax pyrrhocorax","0","0","1","0"
"0.36","228","Petronia petronia","0","0","1","0"
"0.36","228","Gallinula chloropus","0","0","1","0"
"0.36","228","Corvus monedula","0","0","1","0"
"0.36","228","Alauda arvensis","0","0","1","0"
"0.36","228","Himantopus himantopus","0","0","1","0"
"0.36","228","Cisticola juncidis","0","0","1","0"
"0.36","228","Turdus philomelos","0","0","1","0"
"0.36","228","Phoenicurus phoenicurus","0","0","1","0"
"0.36","228","Circaetus gallicus","0","0","1","0"
"0.36","228","Oenanthe oenanthe","0","0","1","0"
"0.36","228","Curruca communis","0","0","1","0"
"0.36","228","Carduelis citrinella","0","0","1","0"
"0.36","228","Phalacrocorax carbo","0","0","1","0"
"0.36","228","Hieraaetus pennatus","0","0","1","0"
"0.36","228","Lanius collurio","0","0","1","0"
"0.36","228","Phylloscopus collybita","0","0","1","0"
"0.36","228","Sturnus unicolor","0","0","1","0"
"0.36","228","Lanius senator","0","0","1","0"
"0.36","228","Milvus milvus","0","0","1","0"
"0.36","228","Bubulcus ibis","0","0","1","0"
"0.36","228","Acrocephalus scirpaceus","0","0","1","0"
"0.36","228","Chroicocephalus ridibundus","0","0","1","0"
"0.36","228","Picus sharpei","0","0","1","0"
"0.36","228","Circus aeruginosus","0","0","1","0"
"0.36","228","Acrocephalus arundinaceus","0","0","1","0"
"0.36","228","Muscicapa striata","0","0","1","0"
"0.36","228","Motacilla cinerea","0","0","1","0"
"0.36","228","Motacilla flava","0","0","1","0"
"0.36","228","Ciconia ciconia","0","0","1","0"
"0.36","228","Alectoris rufa","0","0","1","0"
"0.36","228","Pernis apivorus","0","0","1","0"
"0.36","228","Curruca iberiae","0","0","1","0"
"0.36","228","Emberiza cia","0","0","1","0"
"0.36","228","Passer montanus","0","0","1","0"
"0.36","228","Coturnix coturnix","0","0","1","0"
"0.36","228","Podiceps cristatus","0","0","1","0"
"0.36","228","Ardea purpurea","0","0","1","0"
"0.36","228","Prunella modularis","0","0","1","0"
"0.36","228","Anthus trivialis","0","0","1","0"
"0.36","228","Sterna hirundo","0","0","1","0"
"0.36","228","Tachybaptus ruficollis","0","0","1","0"
"0.36","228","Falco subbuteo","0","0","1","0"
"0.36","228","Charadrius dubius","0","0","1","0"
"0.36","228","Sylvia borin","0","0","1","0"
"0.36","228","Apus melba","0","0","1","0"
"0.36","228","Emberiza citrinella","0","0","1","0"
"0.36","228","Anthus campestris","0","0","1","0"
"0.36","228","Tadorna tadorna","0","0","1","0"
"0.36","228","Recurvirostra avosetta","0","0","1","0"
"0.36","228","Netta rufina","0","0","1","0"
"0.36","228","Aquila chrysaetos","0","0","1","0"
"0.36","228","Circus pygargus","0","0","1","0"
"0.36","228","Riparia riparia","0","0","1","0"
"0.36","228","Cinclus cinclus","0","0","1","0"
"0.36","228","Curruca undata","0","0","1","0"
"0.36","228","Burhinus oedicnemus","0","0","1","0"
"0.36","228","Aythya ferina","0","0","1","0"
"0.36","228","Pyrrhula pyrrhula","0","0","1","0"
"0.36","228","Actitis hypoleucos","0","0","1","0"
"0.36","228","Phoenicopterus roseus","0","0","1","0"
"0.36","228","Phasianus colchicus","0","0","1","0"
"0.36","228","Melanocorypha calandra","0","0","1","0"
"0.36","228","Nycticorax nycticorax","0","0","1","0"
"0.36","228","Passer italiae","0","0","1","0"
"0.36","228","Alcedo atthis","0","0","1","0"
"0.36","228","Saxicola rubetra","0","0","1","0"
"0.36","228","Sternula albifrons","0","0","1","0"
"0.36","228","Coccothraustes coccothraustes","0","0","1","0"
"0.36","228","Accipiter nisus","0","0","1","0"
"0.36","228","Plegadis falcinellus","0","0","1","0"
"0.36","228","Poecile palustris","0","0","1","0"
"0.36","228","Mareca strepera","0","0","1","0"
"0.36","228","Galerida theklae","0","0","1","0"
"0.36","228","Pyrrhocorax graculus","0","0","1","0"
"0.36","228","Ichthyaetus melanocephalus","0","0","1","0"
"0.36","228","Anthus spinoletta","0","0","1","0"
"0.36","228","Loxia curvirostra","0","0","1","0"
"0.36","228","Coracias garrulus","0","0","1","0"
"0.36","228","Corvus cornix","0","0","1","0"
"0.36","228","Columba oenas","0","0","1","0"
"0.36","228","Ardea alba","0","0","1","0"
"0.36","228","Passer hispaniolensis","0","0","1","0"
"0.36","228","Psittacula krameri","0","0","1","0"
"0.36","228","Cecropis daurica","0","0","1","0"
"0.36","228","Tringa ochropus","0","0","1","0"
"0.36","228","Vanellus vanellus","0","0","1","0"
"0.36","228","Chlidonias niger","0","0","1","0"
"0.36","228","Tringa totanus","0","0","1","0"
"0.36","228","Ardeola ralloides","0","0","1","0"
"0.36","228","Emberiza schoeniclus","0","0","1","0"
"0.36","228","Athene noctua","0","0","1","0"
"0.36","228","Falco naumanni","0","0","1","0"
"0.36","228","Regulus regulus","0","0","1","0"
"0.36","228","Jynx torquilla","0","0","1","0"
"0.36","228","Ichthyaetus audouinii","0","0","1","0"
"0.36","228","Rallus aquaticus","0","0","1","0"
"0.36","228","Platalea leucorodia","0","0","1","0"
"0.36","228","Charadrius alexandrinus","0","0","1","0"
"0.36","228","Strix aluco","0","0","1","0"
"0.36","228","Chlidonias hybrida","0","0","1","0"
"0.36","228","Monticola solitarius","0","0","1","0"
"0.36","228","Podiceps nigricollis","0","0","1","0"
"0.36","228","Hippolais icterina","0","0","1","0"
"0.36","228","Spatula clypeata","0","0","1","0"
"0.36","228","Otus scops","0","0","1","0"
"0.36","228","Dendrocoptes medius","0","0","1","0"
"0.36","228","Asio otus","0","0","1","0"
"0.36","228","Monticola saxatilis","0","0","1","0"
"0.36","229","Turdus merula","0","0","1","0"
"0.36","229","Apus apus","0","0","1","0"
"0.36","229","Columba palumbus","0","0","1","0"
"0.36","229","Passer domesticus","0","0","1","0"
"0.36","229","Hirundo rustica","0","0","1","0"
"0.36","229","Fringilla coelebs","0","0","1","0"
"0.36","229","Carduelis carduelis","0","0","1","0"
"0.36","229","Delichon urbicum","0","0","1","0"
"0.36","229","Streptopelia decaocto","0","0","1","0"
"0.36","229","Pica pica","0","0","1","0"
"0.36","229","Corvus corone","0","0","1","0"
"0.36","229","Sylvia atricapilla","0","0","1","0"
"0.36","229","Parus major","0","0","1","0"
"0.36","229","Serinus serinus","0","0","1","0"
"0.36","229","Phoenicurus ochruros","0","0","1","0"
"0.36","229","Gyps fulvus","0","0","1","0"
"0.36","229","Milvus migrans","0","0","1","0"
"0.36","229","Motacilla alba","0","0","1","0"
"0.36","229","Garrulus glandarius","0","0","1","0"
"0.36","229","Erithacus rubecula","0","0","1","0"
"0.36","229","Columba livia","0","0","1","0"
"0.36","229","Cyanistes caeruleus","0","0","1","0"
"0.36","229","Falco tinnunculus","0","0","1","0"
"0.36","229","Chloris chloris","0","0","1","0"
"0.36","229","Buteo buteo","0","0","1","0"
"0.36","229","Emberiza cirlus","0","0","1","0"
"0.36","229","Oriolus oriolus","0","0","1","0"
"0.36","229","Periparus ater","0","0","1","0"
"0.36","229","Linaria cannabina","0","0","1","0"
"0.36","229","Merops apiaster","0","0","1","0"
"0.36","229","Ptyonoprogne rupestris","0","0","1","0"
"0.36","229","Troglodytes troglodytes","0","0","1","0"
"0.36","229","Larus michahellis","0","0","1","0"
"0.36","229","Anas platyrhynchos","0","0","1","0"
"0.36","229","Phylloscopus bonelli","0","0","1","0"
"0.36","229","Dendrocopos major","0","0","1","0"
"0.36","229","Ardea cinerea","0","0","1","0"
"0.36","229","Certhia brachydactyla","0","0","1","0"
"0.36","229","Sturnus vulgaris","0","0","1","0"
"0.36","229","Saxicola rubicola","0","0","1","0"
"0.36","229","Streptopelia turtur","0","0","1","0"
"0.36","229","Upupa epops","0","0","1","0"
"0.36","229","Corvus corax","0","0","1","0"
"0.36","229","Aegithalos caudatus","0","0","1","0"
"0.36","229","Lophophanes cristatus","0","0","1","0"
"0.36","229","Hippolais polyglotta","0","0","1","0"
"0.36","229","Luscinia megarhynchos","0","0","1","0"
"0.36","229","Sitta europaea","0","0","1","0"
"0.36","229","Galerida cristata","0","0","1","0"
"0.36","229","Curruca melanocephala","0","0","1","0"
"0.36","229","Turdus viscivorus","0","0","1","0"
"0.36","229","Fulica atra","0","0","1","0"
"0.36","229","Regulus ignicapilla","0","0","1","0"
"0.36","229","Picus viridis","0","0","1","0"
"0.36","229","Egretta garzetta","0","0","1","0"
"0.36","229","Chroicocephalus ridibundus","0","0","1","0"
"0.36","229","Gallinula chloropus","0","0","1","0"
"0.36","229","Circaetus gallicus","0","0","1","0"
"0.36","229","Hieraaetus pennatus","0","0","1","0"
"0.36","229","Pyrrhocorax pyrrhocorax","0","0","1","0"
"0.36","229","Cettia cetti","0","0","1","0"
"0.36","229","Lullula arborea","0","0","1","0"
"0.36","229","Lanius collurio","0","0","1","0"
"0.36","229","Cisticola juncidis","0","0","1","0"
"0.36","229","Phylloscopus collybita","0","0","1","0"
"0.36","229","Turdus philomelos","0","0","1","0"
"0.36","229","Emberiza calandra","0","0","1","0"
"0.36","229","Phalacrocorax carbo","0","0","1","0"
"0.36","229","Petronia petronia","0","0","1","0"
"0.36","229","Alauda arvensis","0","0","1","0"
"0.36","229","Lanius senator","0","0","1","0"
"0.36","229","Oenanthe oenanthe","0","0","1","0"
"0.36","229","Carduelis citrinella","0","0","1","0"
"0.36","229","Cuculus canorus","0","0","1","0"
"0.36","229","Bubulcus ibis","0","0","1","0"
"0.36","229","Motacilla cinerea","0","0","1","0"
"0.36","229","Picus sharpei","0","0","1","0"
"0.36","229","Milvus milvus","0","0","1","0"
"0.36","229","Himantopus himantopus","0","0","1","0"
"0.36","229","Muscicapa striata","0","0","1","0"
"0.36","229","Ciconia ciconia","0","0","1","0"
"0.36","229","Circus aeruginosus","0","0","1","0"
"0.36","229","Acrocephalus scirpaceus","0","0","1","0"
"0.36","229","Sturnus unicolor","0","0","1","0"
"0.36","229","Pernis apivorus","0","0","1","0"
"0.36","229","Coturnix coturnix","0","0","1","0"
"0.36","229","Alectoris rufa","0","0","1","0"
"0.36","229","Corvus monedula","0","0","1","0"
"0.36","229","Phoenicurus phoenicurus","0","0","1","0"
"0.36","229","Curruca communis","0","0","1","0"
"0.36","229","Curruca iberiae","0","0","1","0"
"0.36","229","Emberiza cia","0","0","1","0"
"0.36","229","Passer montanus","0","0","1","0"
"0.36","229","Motacilla flava","0","0","1","0"
"0.36","229","Tachybaptus ruficollis","0","0","1","0"
"0.36","229","Sterna hirundo","0","0","1","0"
"0.36","229","Prunella modularis","0","0","1","0"
"0.36","229","Podiceps cristatus","0","0","1","0"
"0.36","229","Ardea purpurea","0","0","1","0"
"0.36","229","Charadrius dubius","0","0","1","0"
"0.36","229","Anthus trivialis","0","0","1","0"
"0.36","229","Alcedo atthis","0","0","1","0"
"0.36","229","Actitis hypoleucos","0","0","1","0"
"0.36","229","Apus melba","0","0","1","0"
"0.36","229","Curruca undata","0","0","1","0"
"0.36","229","Anthus campestris","0","0","1","0"
"0.36","229","Emberiza citrinella","0","0","1","0"
"0.36","229","Tringa ochropus","0","0","1","0"
"0.36","229","Recurvirostra avosetta","0","0","1","0"
"0.36","229","Falco subbuteo","0","0","1","0"
"0.36","229","Cinclus cinclus","0","0","1","0"
"0.36","229","Acrocephalus arundinaceus","0","0","1","0"
"0.36","229","Riparia riparia","0","0","1","0"
"0.36","229","Sylvia borin","0","0","1","0"
"0.36","229","Aquila chrysaetos","0","0","1","0"
"0.36","229","Tadorna tadorna","0","0","1","0"
"0.36","229","Circus pygargus","0","0","1","0"
"0.36","229","Vanellus vanellus","0","0","1","0"
"0.36","229","Anthus spinoletta","0","0","1","0"
"0.36","229","Netta rufina","0","0","1","0"
"0.36","229","Aythya ferina","0","0","1","0"
"0.36","229","Galerida theklae","0","0","1","0"
"0.36","229","Pyrrhula pyrrhula","0","0","1","0"
"0.36","229","Nycticorax nycticorax","0","0","1","0"
"0.36","229","Burhinus oedicnemus","0","0","1","0"
"0.36","229","Accipiter nisus","0","0","1","0"
"0.36","229","Phoenicopterus roseus","0","0","1","0"
"0.36","229","Loxia curvirostra","0","0","1","0"
"0.36","229","Sternula albifrons","0","0","1","0"
"0.36","229","Cecropis daurica","0","0","1","0"
"0.36","229","Poecile palustris","0","0","1","0"
"0.36","229","Ardea alba","0","0","1","0"
"0.36","229","Coccothraustes coccothraustes","0","0","1","0"
"0.36","229","Plegadis falcinellus","0","0","1","0"
"0.36","229","Columba oenas","0","0","1","0"
"0.36","229","Rallus aquaticus","0","0","1","0"
"0.36","229","Lanius meridionalis","0","0","1","0"
"0.36","229","Melanocorypha calandra","0","0","1","0"
"0.36","229","Pyrrhocorax graculus","0","0","1","0"
"0.36","229","Coracias garrulus","0","0","1","0"
"0.36","229","Athene noctua","0","0","1","0"
"0.36","229","Mareca strepera","0","0","1","0"
"0.36","229","Platalea leucorodia","0","0","1","0"
"0.36","229","Ichthyaetus melanocephalus","0","0","1","0"
"0.36","229","Emberiza schoeniclus","0","0","1","0"
"0.36","229","Tringa totanus","0","0","1","0"
"0.36","229","Ficedula hypoleuca","0","0","1","0"
"0.36","229","Saxicola rubetra","0","0","1","0"
"0.36","229","Chlidonias niger","0","0","1","0"
"0.36","229","Thalasseus sandvicensis","0","0","1","0"
"0.36","229","Passer hispaniolensis","0","0","1","0"
"0.36","229","Strix aluco","0","0","1","0"
"0.36","229","Falco naumanni","0","0","1","0"
"0.36","229","Charadrius alexandrinus","0","0","1","0"
"0.36","229","Spatula clypeata","0","0","1","0"
"0.36","229","Tyto alba","0","0","1","0"
"0.36","229","Podiceps nigricollis","0","0","1","0"
"0.36","229","Phasianus colchicus","0","0","1","0"
"0.36","229","Regulus regulus","0","0","1","0"
"0.36","229","Charadrius hiaticula","0","0","1","0"
"0.36","229","Limosa limosa","0","0","1","0"
"0.36","229","Psittacula krameri","0","0","1","0"
"0.36","229","Numenius arquata","0","0","1","0"
"0.36","229","Cygnus olor","0","0","1","0"
"0.36","229","Ardeola ralloides","0","0","1","0"
"0.36","229","Ichthyaetus audouinii","0","0","1","0"
"0.36","229","Oenanthe hispanica","0","0","1","0"
"0.36","229","Monticola solitarius","0","0","1","0"
"0.36","229","Ixobrychus minutus","0","0","1","0"
"0.36","229","Chlidonias hybrida","0","0","1","0"
"0.36","229","Spinus spinus","0","0","1","0"
"0.36","229","Porphyrio porphyrio","0","0","1","0"
"0.36","229","Tringa glareola","0","0","1","0"
"0.36","229","Larus fuscus","0","0","1","0"
"0.36","229","Phylloscopus trochilus","0","0","1","0"
"0.36","229","Otus scops","0","0","1","0"
"0.36","229","Jynx torquilla","0","0","1","0"
"0.36","229","Dendrocoptes medius","0","0","1","0"
"0.36","229","Asio otus","0","0","1","0"
"0.36","229","Monticola saxatilis","0","0","1","0"
"0.36","230","Turdus merula","0","0","0","1"
"0.36","230","Apus apus","0","0","1","0"
"0.36","230","Columba palumbus","0","0","1","0"
"0.36","230","Passer domesticus","0","0","1","0"
"0.36","230","Hirundo rustica","0","0","1","0"
"0.36","230","Fringilla coelebs","0","0","1","0"
"0.36","230","Carduelis carduelis","0","0","1","0"
"0.36","230","Delichon urbicum","0","0","1","0"
"0.36","230","Streptopelia decaocto","0","0","1","0"
"0.36","230","Pica pica","0","0","1","0"
"0.36","230","Corvus corone","0","0","0","1"
"0.36","230","Sylvia atricapilla","0","0","0","1"
"0.36","230","Parus major","0","0","1","0"
"0.36","230","Serinus serinus","0","0","1","0"
"0.36","230","Phoenicurus ochruros","0","0","1","0"
"0.36","230","Gyps fulvus","0","0","1","0"
"0.36","230","Milvus migrans","0","0","1","0"
"0.36","230","Motacilla alba","0","0","1","0"
"0.36","230","Garrulus glandarius","0","0","1","0"
"0.36","230","Erithacus rubecula","0","0","1","0"
"0.36","230","Columba livia","0","0","1","0"
"0.36","230","Cyanistes caeruleus","0","0","1","0"
"0.36","230","Falco tinnunculus","0","0","1","0"
"0.36","230","Chloris chloris","0","0","1","0"
"0.36","230","Buteo buteo","0","0","1","0"
"0.36","230","Emberiza cirlus","0","0","1","0"
"0.36","230","Oriolus oriolus","0","0","1","0"
"0.36","230","Periparus ater","0","0","1","0"
"0.36","230","Linaria cannabina","0","0","1","0"
"0.36","230","Merops apiaster","0","0","1","0"
"0.36","230","Ptyonoprogne rupestris","0","0","1","0"
"0.36","230","Troglodytes troglodytes","0","0","1","0"
"0.36","230","Larus michahellis","0","0","1","0"
"0.36","230","Anas platyrhynchos","0","0","1","0"
"0.36","230","Phylloscopus bonelli","0","0","1","0"
"0.36","230","Dendrocopos major","0","0","1","0"
"0.36","230","Ardea cinerea","0","0","1","0"
"0.36","230","Certhia brachydactyla","0","0","1","0"
"0.36","230","Sturnus vulgaris","0","0","1","0"
"0.36","230","Saxicola rubicola","0","0","1","0"
"0.36","230","Streptopelia turtur","0","0","1","0"
"0.36","230","Upupa epops","0","0","1","0"
"0.36","230","Corvus corax","0","0","1","0"
"0.36","230","Aegithalos caudatus","0","0","1","0"
"0.36","230","Lophophanes cristatus","0","0","1","0"
"0.36","230","Hippolais polyglotta","0","0","1","0"
"0.36","230","Luscinia megarhynchos","0","0","1","0"
"0.36","230","Sitta europaea","0","0","1","0"
"0.36","230","Galerida cristata","0","0","1","0"
"0.36","230","Curruca melanocephala","0","0","1","0"
"0.36","230","Turdus viscivorus","0","0","1","0"
"0.36","230","Fulica atra","0","0","1","0"
"0.36","230","Regulus ignicapilla","0","0","1","0"
"0.36","230","Picus viridis","0","0","1","0"
"0.36","230","Egretta garzetta","0","0","1","0"
"0.36","230","Chroicocephalus ridibundus","0","0","1","0"
"0.36","230","Gallinula chloropus","0","0","1","0"
"0.36","230","Circaetus gallicus","0","0","1","0"
"0.36","230","Hieraaetus pennatus","0","0","1","0"
"0.36","230","Pyrrhocorax pyrrhocorax","0","0","1","0"
"0.36","230","Cettia cetti","0","0","1","0"
"0.36","230","Lullula arborea","0","0","1","0"
"0.36","230","Lanius collurio","0","0","1","0"
"0.36","230","Cisticola juncidis","0","0","1","0"
"0.36","230","Phylloscopus collybita","0","0","1","0"
"0.36","230","Turdus philomelos","0","0","0","1"
"0.36","230","Emberiza calandra","0","0","1","0"
"0.36","230","Phalacrocorax carbo","0","0","1","0"
"0.36","230","Petronia petronia","0","0","1","0"
"0.36","230","Alauda arvensis","0","0","1","0"
"0.36","230","Lanius senator","0","0","1","0"
"0.36","230","Oenanthe oenanthe","0","0","1","0"
"0.36","230","Carduelis citrinella","0","0","1","0"
"0.36","230","Cuculus canorus","0","0","1","0"
"0.36","230","Bubulcus ibis","0","0","1","0"
"0.36","230","Motacilla cinerea","0","0","1","0"
"0.36","230","Picus sharpei","0","0","1","0"
"0.36","230","Milvus milvus","0","0","1","0"
"0.36","230","Himantopus himantopus","0","0","1","0"
"0.36","230","Muscicapa striata","0","0","1","0"
"0.36","230","Ciconia ciconia","0","0","1","0"
"0.36","230","Circus aeruginosus","0","0","1","0"
"0.36","230","Acrocephalus scirpaceus","0","0","1","0"
"0.36","230","Sturnus unicolor","0","0","1","0"
"0.36","230","Pernis apivorus","0","0","1","0"
"0.36","230","Coturnix coturnix","0","0","1","0"
"0.36","230","Alectoris rufa","0","0","1","0"
"0.36","230","Corvus monedula","0","0","1","0"
"0.36","230","Phoenicurus phoenicurus","0","0","1","0"
"0.36","230","Curruca communis","0","0","1","0"
"0.36","230","Curruca iberiae","0","0","1","0"
"0.36","230","Emberiza cia","0","0","0","1"
"0.36","230","Passer montanus","0","0","1","0"
"0.36","230","Motacilla flava","0","0","1","0"
"0.36","230","Tachybaptus ruficollis","0","0","1","0"
"0.36","230","Sterna hirundo","0","0","1","0"
"0.36","230","Prunella modularis","0","0","1","0"
"0.36","230","Podiceps cristatus","0","0","1","0"
"0.36","230","Ardea purpurea","0","0","1","0"
"0.36","230","Charadrius dubius","0","0","1","0"
"0.36","230","Anthus trivialis","1","0","0","0"
"0.36","230","Alcedo atthis","0","0","1","0"
"0.36","230","Actitis hypoleucos","0","1","0","0"
"0.36","230","Apus melba","0","0","1","0"
"0.36","230","Curruca undata","0","0","1","0"
"0.36","230","Anthus campestris","0","0","1","0"
"0.36","230","Emberiza citrinella","0","0","1","0"
"0.36","230","Tringa ochropus","0","0","1","0"
"0.36","230","Recurvirostra avosetta","0","0","1","0"
"0.36","230","Falco subbuteo","0","0","1","0"
"0.36","230","Cinclus cinclus","0","0","1","0"
"0.36","230","Acrocephalus arundinaceus","0","0","1","0"
"0.36","230","Riparia riparia","0","0","1","0"
"0.36","230","Sylvia borin","0","0","1","0"
"0.36","230","Aquila chrysaetos","0","0","1","0"
"0.36","230","Tadorna tadorna","0","0","1","0"
"0.36","230","Circus pygargus","0","0","1","0"
"0.36","230","Vanellus vanellus","0","0","1","0"
"0.36","230","Anthus spinoletta","0","0","1","0"
"0.36","230","Netta rufina","0","0","1","0"
"0.36","230","Aythya ferina","0","0","1","0"
"0.36","230","Galerida theklae","0","0","1","0"
"0.36","230","Pyrrhula pyrrhula","0","0","1","0"
"0.36","230","Nycticorax nycticorax","0","0","1","0"
"0.36","230","Burhinus oedicnemus","0","0","1","0"
"0.36","230","Accipiter nisus","0","0","1","0"
"0.36","230","Phoenicopterus roseus","0","0","1","0"
"0.36","230","Loxia curvirostra","0","0","1","0"
"0.36","230","Sternula albifrons","0","0","1","0"
"0.36","230","Cecropis daurica","0","0","1","0"
"0.36","230","Poecile palustris","0","0","1","0"
"0.36","230","Ardea alba","0","0","1","0"
"0.36","230","Coccothraustes coccothraustes","0","0","1","0"
"0.36","230","Plegadis falcinellus","0","0","1","0"
"0.36","230","Columba oenas","0","0","1","0"
"0.36","230","Rallus aquaticus","0","0","1","0"
"0.36","230","Lanius meridionalis","0","0","1","0"
"0.36","230","Melanocorypha calandra","0","0","1","0"
"0.36","230","Pyrrhocorax graculus","0","0","1","0"
"0.36","230","Coracias garrulus","0","0","1","0"
"0.36","230","Athene noctua","0","0","1","0"
"0.36","230","Mareca strepera","0","0","1","0"
"0.36","230","Platalea leucorodia","0","0","1","0"
"0.36","230","Ichthyaetus melanocephalus","0","0","1","0"
"0.36","230","Emberiza schoeniclus","0","0","1","0"
"0.36","230","Tringa totanus","0","0","1","0"
"0.36","230","Ficedula hypoleuca","0","0","1","0"
"0.36","230","Saxicola rubetra","0","0","1","0"
"0.36","230","Chlidonias niger","0","0","1","0"
"0.36","230","Thalasseus sandvicensis","0","0","1","0"
"0.36","230","Passer hispaniolensis","0","0","1","0"
"0.36","230","Strix aluco","0","0","1","0"
"0.36","230","Falco naumanni","0","0","1","0"
"0.36","230","Charadrius alexandrinus","0","0","1","0"
"0.36","230","Spatula clypeata","0","0","1","0"
"0.36","230","Tyto alba","0","0","1","0"
"0.36","230","Podiceps nigricollis","0","0","1","0"
"0.36","230","Phasianus colchicus","0","0","1","0"
"0.36","230","Regulus regulus","0","0","1","0"
"0.36","230","Charadrius hiaticula","0","0","1","0"
"0.36","230","Limosa limosa","0","0","1","0"
"0.36","230","Psittacula krameri","0","0","1","0"
"0.36","230","Numenius arquata","0","0","1","0"
"0.36","230","Cygnus olor","0","0","1","0"
"0.36","230","Ardeola ralloides","0","0","1","0"
"0.36","230","Ichthyaetus audouinii","0","0","1","0"
"0.36","230","Oenanthe hispanica","0","0","1","0"
"0.36","230","Monticola solitarius","0","0","1","0"
"0.36","230","Ixobrychus minutus","0","0","1","0"
"0.36","230","Chlidonias hybrida","0","0","1","0"
"0.36","230","Spinus spinus","0","0","1","0"
"0.36","230","Porphyrio porphyrio","0","0","1","0"
"0.36","230","Tringa glareola","0","0","1","0"
"0.36","230","Larus fuscus","0","0","1","0"
"0.36","230","Phylloscopus trochilus","0","0","1","0"
"0.36","230","Otus scops","0","0","1","0"
"0.36","230","Jynx torquilla","0","0","1","0"
"0.36","230","Dendrocoptes medius","0","0","1","0"
"0.36","230","Asio otus","0","0","1","0"
"0.36","230","Monticola saxatilis","0","0","1","0"
"0.36","231","Turdus merula","0","0","0","1"
"0.36","231","Apus apus","0","0","1","0"
"0.36","231","Columba palumbus","0","0","1","0"
"0.36","231","Passer domesticus","0","0","1","0"
"0.36","231","Hirundo rustica","0","0","1","0"
"0.36","231","Fringilla coelebs","0","0","1","0"
"0.36","231","Carduelis carduelis","0","0","1","0"
"0.36","231","Delichon urbicum","0","0","1","0"
"0.36","231","Streptopelia decaocto","0","0","1","0"
"0.36","231","Pica pica","0","0","1","0"
"0.36","231","Corvus corone","0","0","0","1"
"0.36","231","Sylvia atricapilla","0","0","0","1"
"0.36","231","Parus major","0","0","1","0"
"0.36","231","Serinus serinus","0","0","1","0"
"0.36","231","Phoenicurus ochruros","0","0","1","0"
"0.36","231","Gyps fulvus","0","0","1","0"
"0.36","231","Milvus migrans","0","0","1","0"
"0.36","231","Motacilla alba","0","0","1","0"
"0.36","231","Garrulus glandarius","0","0","1","0"
"0.36","231","Erithacus rubecula","0","0","1","0"
"0.36","231","Columba livia","0","0","1","0"
"0.36","231","Cyanistes caeruleus","0","0","1","0"
"0.36","231","Falco tinnunculus","0","0","1","0"
"0.36","231","Chloris chloris","0","0","1","0"
"0.36","231","Buteo buteo","0","0","1","0"
"0.36","231","Emberiza cirlus","0","0","1","0"
"0.36","231","Oriolus oriolus","0","0","1","0"
"0.36","231","Periparus ater","0","0","1","0"
"0.36","231","Linaria cannabina","0","0","1","0"
"0.36","231","Merops apiaster","0","0","1","0"
"0.36","231","Ptyonoprogne rupestris","0","0","1","0"
"0.36","231","Troglodytes troglodytes","0","0","1","0"
"0.36","231","Larus michahellis","0","0","1","0"
"0.36","231","Anas platyrhynchos","0","0","1","0"
"0.36","231","Phylloscopus bonelli","0","0","1","0"
"0.36","231","Dendrocopos major","0","0","1","0"
"0.36","231","Ardea cinerea","0","0","1","0"
"0.36","231","Certhia brachydactyla","0","0","1","0"
"0.36","231","Sturnus vulgaris","0","0","1","0"
"0.36","231","Saxicola rubicola","0","0","1","0"
"0.36","231","Streptopelia turtur","0","0","1","0"
"0.36","231","Upupa epops","0","0","1","0"
"0.36","231","Corvus corax","0","0","1","0"
"0.36","231","Aegithalos caudatus","0","0","1","0"
"0.36","231","Lophophanes cristatus","0","0","1","0"
"0.36","231","Hippolais polyglotta","0","0","1","0"
"0.36","231","Luscinia megarhynchos","0","0","1","0"
"0.36","231","Sitta europaea","0","0","1","0"
"0.36","231","Galerida cristata","0","0","1","0"
"0.36","231","Curruca melanocephala","0","0","1","0"
"0.36","231","Turdus viscivorus","0","0","1","0"
"0.36","231","Fulica atra","0","0","1","0"
"0.36","231","Regulus ignicapilla","0","0","1","0"
"0.36","231","Picus viridis","0","0","1","0"
"0.36","231","Egretta garzetta","0","0","1","0"
"0.36","231","Chroicocephalus ridibundus","0","0","1","0"
"0.36","231","Gallinula chloropus","0","0","1","0"
"0.36","231","Circaetus gallicus","0","0","1","0"
"0.36","231","Hieraaetus pennatus","0","0","1","0"
"0.36","231","Pyrrhocorax pyrrhocorax","0","0","1","0"
"0.36","231","Cettia cetti","0","0","1","0"
"0.36","231","Lullula arborea","0","0","1","0"
"0.36","231","Lanius collurio","0","0","1","0"
"0.36","231","Cisticola juncidis","0","0","1","0"
"0.36","231","Phylloscopus collybita","0","0","1","0"
"0.36","231","Turdus philomelos","0","0","1","0"
"0.36","231","Emberiza calandra","0","0","1","0"
"0.36","231","Phalacrocorax carbo","0","0","1","0"
"0.36","231","Petronia petronia","0","0","1","0"
"0.36","231","Alauda arvensis","0","0","1","0"
"0.36","231","Lanius senator","0","0","1","0"
"0.36","231","Oenanthe oenanthe","0","0","1","0"
"0.36","231","Carduelis citrinella","0","0","1","0"
"0.36","231","Cuculus canorus","0","0","1","0"
"0.36","231","Bubulcus ibis","0","0","1","0"
"0.36","231","Motacilla cinerea","0","0","1","0"
"0.36","231","Picus sharpei","0","0","1","0"
"0.36","231","Milvus milvus","0","0","1","0"
"0.36","231","Himantopus himantopus","0","0","1","0"
"0.36","231","Muscicapa striata","0","0","1","0"
"0.36","231","Ciconia ciconia","0","0","1","0"
"0.36","231","Circus aeruginosus","0","0","1","0"
"0.36","231","Acrocephalus scirpaceus","0","0","1","0"
"0.36","231","Sturnus unicolor","0","0","1","0"
"0.36","231","Pernis apivorus","0","0","1","0"
"0.36","231","Coturnix coturnix","0","0","1","0"
"0.36","231","Alectoris rufa","0","0","1","0"
"0.36","231","Corvus monedula","0","0","1","0"
"0.36","231","Phoenicurus phoenicurus","0","0","1","0"
"0.36","231","Curruca communis","0","0","1","0"
"0.36","231","Curruca iberiae","0","0","1","0"
"0.36","231","Emberiza cia","0","0","1","0"
"0.36","231","Passer montanus","0","0","1","0"
"0.36","231","Motacilla flava","0","0","1","0"
"0.36","231","Tachybaptus ruficollis","0","0","1","0"
"0.36","231","Sterna hirundo","0","0","1","0"
"0.36","231","Prunella modularis","0","0","1","0"
"0.36","231","Podiceps cristatus","0","0","1","0"
"0.36","231","Ardea purpurea","0","0","1","0"
"0.36","231","Charadrius dubius","0","0","1","0"
"0.36","231","Anthus trivialis","1","0","0","0"
"0.36","231","Alcedo atthis","0","0","1","0"
"0.36","231","Actitis hypoleucos","0","0","1","0"
"0.36","231","Apus melba","0","0","1","0"
"0.36","231","Curruca undata","0","0","1","0"
"0.36","231","Anthus campestris","0","0","1","0"
"0.36","231","Emberiza citrinella","0","0","1","0"
"0.36","231","Tringa ochropus","0","0","1","0"
"0.36","231","Recurvirostra avosetta","0","0","1","0"
"0.36","231","Falco subbuteo","0","0","1","0"
"0.36","231","Cinclus cinclus","0","0","1","0"
"0.36","231","Acrocephalus arundinaceus","0","0","1","0"
"0.36","231","Riparia riparia","0","0","1","0"
"0.36","231","Sylvia borin","0","0","1","0"
"0.36","231","Aquila chrysaetos","0","0","1","0"
"0.36","231","Tadorna tadorna","0","0","1","0"
"0.36","231","Circus pygargus","0","0","1","0"
"0.36","231","Vanellus vanellus","0","0","1","0"
"0.36","231","Anthus spinoletta","0","0","1","0"
"0.36","231","Netta rufina","0","0","1","0"
"0.36","231","Aythya ferina","0","0","1","0"
"0.36","231","Galerida theklae","0","0","1","0"
"0.36","231","Pyrrhula pyrrhula","0","0","1","0"
"0.36","231","Nycticorax nycticorax","0","0","1","0"
"0.36","231","Burhinus oedicnemus","0","0","1","0"
"0.36","231","Accipiter nisus","0","0","1","0"
"0.36","231","Phoenicopterus roseus","0","0","1","0"
"0.36","231","Loxia curvirostra","0","0","1","0"
"0.36","231","Sternula albifrons","0","0","1","0"
"0.36","231","Cecropis daurica","0","0","1","0"
"0.36","231","Poecile palustris","0","1","0","0"
"0.36","231","Ardea alba","0","0","1","0"
"0.36","231","Coccothraustes coccothraustes","0","0","1","0"
"0.36","231","Plegadis falcinellus","0","0","1","0"
"0.36","231","Columba oenas","0","0","1","0"
"0.36","231","Rallus aquaticus","0","0","1","0"
"0.36","231","Lanius meridionalis","0","0","1","0"
"0.36","231","Melanocorypha calandra","0","0","1","0"
"0.36","231","Pyrrhocorax graculus","0","0","1","0"
"0.36","231","Coracias garrulus","0","0","1","0"
"0.36","231","Athene noctua","0","0","1","0"
"0.36","231","Mareca strepera","0","0","1","0"
"0.36","231","Platalea leucorodia","0","0","1","0"
"0.36","231","Ichthyaetus melanocephalus","0","0","1","0"
"0.36","231","Emberiza schoeniclus","0","0","1","0"
"0.36","231","Tringa totanus","0","0","1","0"
"0.36","231","Ficedula hypoleuca","0","0","1","0"
"0.36","231","Saxicola rubetra","0","0","1","0"
"0.36","231","Chlidonias niger","0","0","1","0"
"0.36","231","Thalasseus sandvicensis","0","0","1","0"
"0.36","231","Passer hispaniolensis","0","0","1","0"
"0.36","231","Strix aluco","0","0","1","0"
"0.36","231","Falco naumanni","0","0","1","0"
"0.36","231","Charadrius alexandrinus","0","0","1","0"
"0.36","231","Spatula clypeata","0","0","1","0"
"0.36","231","Tyto alba","0","0","1","0"
"0.36","231","Podiceps nigricollis","0","0","1","0"
"0.36","231","Phasianus colchicus","0","0","1","0"
"0.36","231","Regulus regulus","0","0","1","0"
"0.36","231","Charadrius hiaticula","0","0","1","0"
"0.36","231","Limosa limosa","0","0","1","0"
"0.36","231","Psittacula krameri","0","0","1","0"
"0.36","231","Numenius arquata","0","0","1","0"
"0.36","231","Cygnus olor","0","0","1","0"
"0.36","231","Ardeola ralloides","0","0","1","0"
"0.36","231","Ichthyaetus audouinii","0","0","1","0"
"0.36","231","Oenanthe hispanica","0","0","1","0"
"0.36","231","Monticola solitarius","0","0","1","0"
"0.36","231","Ixobrychus minutus","0","0","1","0"
"0.36","231","Chlidonias hybrida","0","0","1","0"
"0.36","231","Spinus spinus","0","0","1","0"
"0.36","231","Porphyrio porphyrio","0","0","1","0"
"0.36","231","Tringa glareola","0","0","1","0"
"0.36","231","Larus fuscus","0","0","1","0"
"0.36","231","Phylloscopus trochilus","0","0","1","0"
"0.36","231","Otus scops","0","0","1","0"
"0.36","231","Jynx torquilla","0","0","1","0"
"0.36","231","Dendrocoptes medius","0","0","1","0"
"0.36","231","Asio otus","0","0","1","0"
"0.36","231","Monticola saxatilis","0","0","1","0"
"0.36","232","Turdus merula","0","0","1","0"
"0.36","232","Apus apus","0","0","1","0"
"0.36","232","Hirundo rustica","0","0","1","0"
"0.36","232","Columba palumbus","0","0","1","0"
"0.36","232","Fringilla coelebs","0","0","1","0"
"0.36","232","Passer domesticus","0","0","1","0"
"0.36","232","Sylvia atricapilla","0","0","1","0"
"0.36","232","Carduelis carduelis","0","0","1","0"
"0.36","232","Pica pica","0","0","1","0"
"0.36","232","Serinus serinus","0","0","1","0"
"0.36","232","Streptopelia decaocto","0","0","1","0"
"0.36","232","Corvus corone","0","0","1","0"
"0.36","232","Delichon urbicum","0","0","1","0"
"0.36","232","Parus major","0","0","1","0"
"0.36","232","Milvus migrans","0","0","1","0"
"0.36","232","Gyps fulvus","0","0","1","0"
"0.36","232","Phoenicurus ochruros","0","0","1","0"
"0.36","232","Motacilla alba","0","0","1","0"
"0.36","232","Erithacus rubecula","0","0","1","0"
"0.36","232","Garrulus glandarius","0","0","1","0"
"0.36","232","Columba livia","0","0","1","0"
"0.36","232","Cyanistes caeruleus","0","0","1","0"
"0.36","232","Chloris chloris","0","0","1","0"
"0.36","232","Oriolus oriolus","0","0","1","0"
"0.36","232","Luscinia megarhynchos","0","0","1","0"
"0.36","232","Falco tinnunculus","0","0","1","0"
"0.36","232","Emberiza cirlus","0","0","1","0"
"0.36","232","Troglodytes troglodytes","0","0","1","0"
"0.36","232","Phylloscopus bonelli","0","0","1","0"
"0.36","232","Merops apiaster","0","0","1","0"
"0.36","232","Cuculus canorus","0","0","1","0"
"0.36","232","Buteo buteo","0","0","1","0"
"0.36","232","Periparus ater","0","0","1","0"
"0.36","232","Linaria cannabina","0","0","1","0"
"0.36","232","Larus michahellis","0","0","1","0"
"0.36","232","Anas platyrhynchos","0","0","1","0"
"0.36","232","Upupa epops","0","0","1","0"
"0.36","232","Ptyonoprogne rupestris","0","0","1","0"
"0.36","232","Hippolais polyglotta","0","0","1","0"
"0.36","232","Sturnus vulgaris","0","0","1","0"
"0.36","232","Streptopelia turtur","0","0","1","0"
"0.36","232","Dendrocopos major","0","0","1","0"
"0.36","232","Certhia brachydactyla","0","0","1","0"
"0.36","232","Saxicola rubicola","0","0","1","0"
"0.36","232","Ardea cinerea","0","0","1","0"
"0.36","232","Emberiza calandra","0","0","1","0"
"0.36","232","Corvus corax","0","0","1","0"
"0.36","232","Aegithalos caudatus","0","0","1","0"
"0.36","232","Curruca melanocephala","0","0","1","0"
"0.36","232","Galerida cristata","0","0","1","0"
"0.36","232","Lophophanes cristatus","0","0","1","0"
"0.36","232","Regulus ignicapilla","0","0","1","0"
"0.36","232","Turdus viscivorus","0","0","1","0"
"0.36","232","Lullula arborea","0","0","1","0"
"0.36","232","Cettia cetti","0","0","1","0"
"0.36","232","Petronia petronia","0","0","1","0"
"0.36","232","Sitta europaea","0","0","1","0"
"0.36","232","Pyrrhocorax pyrrhocorax","0","0","1","0"
"0.36","232","Alauda arvensis","0","0","1","0"
"0.36","232","Fulica atra","0","0","1","0"
"0.36","232","Turdus philomelos","0","0","1","0"
"0.36","232","Circaetus gallicus","0","0","1","0"
"0.36","232","Cisticola juncidis","0","0","1","0"
"0.36","232","Egretta garzetta","0","0","1","0"
"0.36","232","Hieraaetus pennatus","0","0","1","0"
"0.36","232","Sturnus unicolor","0","0","1","0"
"0.36","232","Picus viridis","0","0","1","0"
"0.36","232","Gallinula chloropus","0","0","1","0"
"0.36","232","Picus sharpei","0","0","1","0"
"0.36","232","Oenanthe oenanthe","0","0","1","0"
"0.36","232","Carduelis citrinella","0","0","1","0"
"0.36","232","Himantopus himantopus","0","0","1","0"
"0.36","232","Lanius senator","0","0","1","0"
"0.36","232","Lanius collurio","0","0","1","0"
"0.36","232","Corvus monedula","0","0","1","0"
"0.36","232","Phalacrocorax carbo","0","0","1","0"
"0.36","232","Curruca communis","0","0","1","0"
"0.36","232","Phoenicurus phoenicurus","0","0","1","0"
"0.36","232","Milvus milvus","0","0","1","0"
"0.36","232","Phylloscopus collybita","0","0","1","0"
"0.36","232","Alectoris rufa","0","0","1","0"
"0.36","232","Chroicocephalus ridibundus","0","0","1","0"
"0.36","232","Ciconia ciconia","0","0","1","0"
"0.36","232","Motacilla cinerea","0","0","1","0"
"0.36","232","Acrocephalus scirpaceus","0","0","1","0"
"0.36","232","Bubulcus ibis","0","0","1","0"
"0.36","232","Circus aeruginosus","0","0","1","0"
"0.36","232","Curruca iberiae","0","0","1","0"
"0.36","232","Muscicapa striata","0","0","1","0"
"0.36","232","Coturnix coturnix","0","0","1","0"
"0.36","232","Emberiza cia","0","0","1","0"
"0.36","232","Acrocephalus arundinaceus","0","0","1","0"
"0.36","232","Motacilla flava","0","0","1","0"
"0.36","232","Passer montanus","0","0","1","0"
"0.36","232","Pernis apivorus","0","0","1","0"
"0.36","232","Prunella modularis","0","0","1","0"
"0.36","232","Ardea purpurea","0","0","1","0"
"0.36","232","Sterna hirundo","0","0","1","0"
"0.36","232","Anthus trivialis","0","0","1","0"
"0.36","232","Podiceps cristatus","0","0","1","0"
"0.36","232","Charadrius dubius","0","0","1","0"
"0.36","232","Tachybaptus ruficollis","0","0","1","0"
"0.36","232","Emberiza citrinella","0","0","1","0"
"0.36","232","Anthus campestris","0","0","1","0"
"0.36","232","Falco subbuteo","0","0","1","0"
"0.36","232","Curruca undata","0","0","1","0"
"0.36","232","Apus melba","0","0","1","0"
"0.36","232","Sylvia borin","0","0","1","0"
"0.36","232","Recurvirostra avosetta","0","0","1","0"
"0.36","232","Tadorna tadorna","0","0","1","0"
"0.36","232","Galerida theklae","0","0","1","0"
"0.36","232","Circus pygargus","0","0","1","0"
"0.36","232","Aquila chrysaetos","0","0","1","0"
"0.36","232","Netta rufina","0","0","1","0"
"0.36","232","Riparia riparia","0","0","1","0"
"0.36","232","Cinclus cinclus","0","0","1","0"
"0.36","232","Burhinus oedicnemus","0","0","1","0"
"0.36","232","Aythya ferina","0","0","1","0"
"0.36","232","Pyrrhula pyrrhula","0","0","1","0"
"0.36","232","Actitis hypoleucos","0","0","1","0"
"0.36","232","Melanocorypha calandra","0","0","1","0"
"0.36","232","Sternula albifrons","0","0","1","0"
"0.36","232","Phoenicopterus roseus","0","0","1","0"
"0.36","232","Alcedo atthis","0","0","1","0"
"0.36","232","Nycticorax nycticorax","0","0","1","0"
"0.36","232","Coccothraustes coccothraustes","0","0","1","0"
"0.36","232","Accipiter nisus","0","0","1","0"
"0.36","232","Phasianus colchicus","0","0","1","0"
"0.36","232","Coracias garrulus","0","0","1","0"
"0.36","232","Cecropis daurica","0","0","1","0"
"0.36","232","Mareca strepera","0","0","1","0"
"0.36","232","Poecile palustris","0","0","1","0"
"0.36","232","Loxia curvirostra","0","0","1","0"
"0.36","232","Plegadis falcinellus","0","0","1","0"
"0.36","232","Tringa ochropus","0","0","1","0"
"0.36","232","Vanellus vanellus","0","0","1","0"
"0.36","232","Anthus spinoletta","0","0","1","0"
"0.36","232","Saxicola rubetra","0","0","1","0"
"0.36","232","Pyrrhocorax graculus","0","0","1","0"
"0.36","232","Passer hispaniolensis","0","0","1","0"
"0.36","232","Athene noctua","0","0","1","0"
"0.36","232","Columba oenas","0","0","1","0"
"0.36","232","Ichthyaetus melanocephalus","0","0","1","0"
"0.36","232","Falco naumanni","0","0","1","0"
"0.36","232","Tringa totanus","0","0","1","0"
"0.36","232","Emberiza schoeniclus","0","0","1","0"
"0.36","232","Ardea alba","0","0","1","0"
"0.36","232","Lanius meridionalis","0","0","1","0"
"0.36","232","Rallus aquaticus","0","0","1","0"
"0.36","232","Platalea leucorodia","0","0","1","0"
"0.36","232","Regulus regulus","0","0","1","0"
"0.36","232","Psittacula krameri","0","0","1","0"
"0.36","232","Chlidonias niger","0","0","1","0"
"0.36","232","Charadrius alexandrinus","0","0","1","0"
"0.36","232","Oenanthe hispanica","0","0","1","0"
"0.36","232","Ardeola ralloides","0","0","1","0"
"0.36","232","Strix aluco","0","0","1","0"
"0.36","232","Spatula clypeata","0","0","1","0"
"0.36","232","Monticola solitarius","0","0","1","0"
"0.36","232","Ichthyaetus audouinii","0","0","1","0"
"0.36","232","Chlidonias hybrida","0","0","1","0"
"0.36","232","Podiceps nigricollis","0","0","1","0"
"0.36","232","Otus scops","0","0","1","0"
"0.36","232","Jynx torquilla","0","0","1","0"
"0.36","232","Dendrocoptes medius","0","0","1","0"
"0.36","232","Asio otus","0","0","1","0"
"0.36","232","Monticola saxatilis","0","0","1","0"
"0.36","233","Turdus merula","0","0","0","1"
"0.36","233","Apus apus","0","0","1","0"
"0.36","233","Hirundo rustica","0","0","1","0"
"0.36","233","Columba palumbus","0","0","1","0"
"0.36","233","Fringilla coelebs","0","0","0","1"
"0.36","233","Passer domesticus","0","0","1","0"
"0.36","233","Sylvia atricapilla","0","0","0","1"
"0.36","233","Carduelis carduelis","0","0","1","0"
"0.36","233","Pica pica","0","0","1","0"
"0.36","233","Serinus serinus","0","0","1","0"
"0.36","233","Streptopelia decaocto","0","0","1","0"
"0.36","233","Corvus corone","0","0","1","0"
"0.36","233","Delichon urbicum","0","0","1","0"
"0.36","233","Parus major","0","0","1","0"
"0.36","233","Milvus migrans","0","0","1","0"
"0.36","233","Gyps fulvus","0","0","1","0"
"0.36","233","Phoenicurus ochruros","0","0","1","0"
"0.36","233","Motacilla alba","0","0","1","0"
"0.36","233","Erithacus rubecula","0","0","1","0"
"0.36","233","Garrulus glandarius","0","0","1","0"
"0.36","233","Columba livia","0","0","1","0"
"0.36","233","Cyanistes caeruleus","0","0","1","0"
"0.36","233","Chloris chloris","0","0","1","0"
"0.36","233","Oriolus oriolus","0","0","1","0"
"0.36","233","Luscinia megarhynchos","0","0","1","0"
"0.36","233","Falco tinnunculus","0","0","1","0"
"0.36","233","Emberiza cirlus","0","0","1","0"
"0.36","233","Troglodytes troglodytes","1","0","0","0"
"0.36","233","Phylloscopus bonelli","0","0","1","0"
"0.36","233","Merops apiaster","0","0","1","0"
"0.36","233","Cuculus canorus","0","0","1","0"
"0.36","233","Buteo buteo","0","0","1","0"
"0.36","233","Periparus ater","0","0","1","0"
"0.36","233","Linaria cannabina","0","0","1","0"
"0.36","233","Larus michahellis","0","0","1","0"
"0.36","233","Anas platyrhynchos","0","0","1","0"
"0.36","233","Upupa epops","0","0","1","0"
"0.36","233","Ptyonoprogne rupestris","0","0","1","0"
"0.36","233","Hippolais polyglotta","0","0","1","0"
"0.36","233","Sturnus vulgaris","0","0","1","0"
"0.36","233","Streptopelia turtur","0","0","1","0"
"0.36","233","Dendrocopos major","0","0","1","0"
"0.36","233","Certhia brachydactyla","0","0","1","0"
"0.36","233","Saxicola rubicola","0","0","1","0"
"0.36","233","Ardea cinerea","0","0","1","0"
"0.36","233","Emberiza calandra","0","0","1","0"
"0.36","233","Corvus corax","0","0","1","0"
"0.36","233","Aegithalos caudatus","0","0","1","0"
"0.36","233","Curruca melanocephala","0","0","1","0"
"0.36","233","Galerida cristata","0","0","1","0"
"0.36","233","Lophophanes cristatus","0","0","1","0"
"0.36","233","Regulus ignicapilla","0","0","1","0"
"0.36","233","Turdus viscivorus","0","0","1","0"
"0.36","233","Lullula arborea","0","0","1","0"
"0.36","233","Cettia cetti","0","0","1","0"
"0.36","233","Petronia petronia","0","0","1","0"
"0.36","233","Sitta europaea","0","0","1","0"
"0.36","233","Pyrrhocorax pyrrhocorax","0","0","1","0"
"0.36","233","Alauda arvensis","0","0","1","0"
"0.36","233","Fulica atra","0","0","1","0"
"0.36","233","Turdus philomelos","0","0","1","0"
"0.36","233","Circaetus gallicus","0","0","1","0"
"0.36","233","Cisticola juncidis","0","0","1","0"
"0.36","233","Egretta garzetta","0","0","1","0"
"0.36","233","Hieraaetus pennatus","0","0","1","0"
"0.36","233","Sturnus unicolor","0","0","1","0"
"0.36","233","Picus viridis","0","0","1","0"
"0.36","233","Gallinula chloropus","0","0","1","0"
"0.36","233","Picus sharpei","0","0","1","0"
"0.36","233","Oenanthe oenanthe","0","0","1","0"
"0.36","233","Carduelis citrinella","0","0","1","0"
"0.36","233","Himantopus himantopus","0","0","1","0"
"0.36","233","Lanius senator","0","0","1","0"
"0.36","233","Lanius collurio","0","0","1","0"
"0.36","233","Corvus monedula","0","0","1","0"
"0.36","233","Phalacrocorax carbo","0","0","1","0"
"0.36","233","Curruca communis","0","0","1","0"
"0.36","233","Phoenicurus phoenicurus","0","0","1","0"
"0.36","233","Milvus milvus","0","0","1","0"
"0.36","233","Phylloscopus collybita","0","0","1","0"
"0.36","233","Alectoris rufa","0","0","1","0"
"0.36","233","Chroicocephalus ridibundus","0","0","1","0"
"0.36","233","Ciconia ciconia","0","0","1","0"
"0.36","233","Motacilla cinerea","0","0","1","0"
"0.36","233","Acrocephalus scirpaceus","0","0","1","0"
"0.36","233","Bubulcus ibis","0","0","1","0"
"0.36","233","Circus aeruginosus","0","0","1","0"
"0.36","233","Curruca iberiae","0","0","1","0"
"0.36","233","Muscicapa striata","0","0","1","0"
"0.36","233","Coturnix coturnix","0","0","1","0"
"0.36","233","Emberiza cia","0","0","1","0"
"0.36","233","Acrocephalus arundinaceus","0","0","1","0"
"0.36","233","Motacilla flava","0","0","1","0"
"0.36","233","Passer montanus","0","0","1","0"
"0.36","233","Pernis apivorus","0","0","1","0"
"0.36","233","Prunella modularis","0","0","0","1"
"0.36","233","Ardea purpurea","0","0","1","0"
"0.36","233","Sterna hirundo","0","0","1","0"
"0.36","233","Anthus trivialis","0","0","0","1"
"0.36","233","Podiceps cristatus","0","0","1","0"
"0.36","233","Charadrius dubius","0","0","1","0"
"0.36","233","Tachybaptus ruficollis","0","0","1","0"
"0.36","233","Emberiza citrinella","0","0","1","0"
"0.36","233","Anthus campestris","0","0","1","0"
"0.36","233","Falco subbuteo","0","0","1","0"
"0.36","233","Curruca undata","0","0","1","0"
"0.36","233","Apus melba","0","0","1","0"
"0.36","233","Sylvia borin","0","0","1","0"
"0.36","233","Recurvirostra avosetta","0","0","1","0"
"0.36","233","Tadorna tadorna","0","0","1","0"
"0.36","233","Galerida theklae","0","0","1","0"
"0.36","233","Circus pygargus","0","0","1","0"
"0.36","233","Aquila chrysaetos","0","0","1","0"
"0.36","233","Netta rufina","0","0","1","0"
"0.36","233","Riparia riparia","0","0","1","0"
"0.36","233","Cinclus cinclus","0","0","1","0"
"0.36","233","Burhinus oedicnemus","0","0","1","0"
"0.36","233","Aythya ferina","0","0","1","0"
"0.36","233","Pyrrhula pyrrhula","0","0","1","0"
"0.36","233","Actitis hypoleucos","0","0","1","0"
"0.36","233","Melanocorypha calandra","0","0","1","0"
"0.36","233","Sternula albifrons","0","0","1","0"
"0.36","233","Phoenicopterus roseus","0","0","1","0"
"0.36","233","Alcedo atthis","0","0","1","0"
"0.36","233","Nycticorax nycticorax","0","0","1","0"
"0.36","233","Coccothraustes coccothraustes","0","0","1","0"
"0.36","233","Accipiter nisus","0","0","1","0"
"0.36","233","Phasianus colchicus","0","0","1","0"
"0.36","233","Coracias garrulus","0","0","1","0"
"0.36","233","Cecropis daurica","0","0","1","0"
"0.36","233","Mareca strepera","0","0","1","0"
"0.36","233","Poecile palustris","0","0","1","0"
"0.36","233","Loxia curvirostra","0","0","1","0"
"0.36","233","Plegadis falcinellus","0","0","1","0"
"0.36","233","Tringa ochropus","0","0","1","0"
"0.36","233","Vanellus vanellus","0","0","1","0"
"0.36","233","Anthus spinoletta","0","0","0","1"
"0.36","233","Saxicola rubetra","0","0","1","0"
"0.36","233","Pyrrhocorax graculus","0","0","1","0"
"0.36","233","Passer hispaniolensis","0","0","1","0"
"0.36","233","Athene noctua","0","0","1","0"
"0.36","233","Columba oenas","0","0","1","0"
"0.36","233","Ichthyaetus melanocephalus","0","0","1","0"
"0.36","233","Falco naumanni","0","0","1","0"
"0.36","233","Tringa totanus","0","0","1","0"
"0.36","233","Emberiza schoeniclus","0","0","1","0"
"0.36","233","Ardea alba","0","0","1","0"
"0.36","233","Lanius meridionalis","0","0","1","0"
"0.36","233","Rallus aquaticus","0","0","1","0"
"0.36","233","Platalea leucorodia","0","0","1","0"
"0.36","233","Regulus regulus","0","0","1","0"
"0.36","233","Psittacula krameri","0","0","1","0"
"0.36","233","Chlidonias niger","0","0","1","0"
"0.36","233","Charadrius alexandrinus","0","0","1","0"
"0.36","233","Oenanthe hispanica","0","0","1","0"
"0.36","233","Ardeola ralloides","0","0","1","0"
"0.36","233","Strix aluco","0","0","1","0"
"0.36","233","Spatula clypeata","0","0","1","0"
"0.36","233","Monticola solitarius","0","0","1","0"
"0.36","233","Ichthyaetus audouinii","0","0","1","0"
"0.36","233","Chlidonias hybrida","0","0","1","0"
"0.36","233","Podiceps nigricollis","0","0","1","0"
"0.36","233","Otus scops","0","0","1","0"
"0.36","233","Jynx torquilla","0","0","1","0"
"0.36","233","Dendrocoptes medius","0","0","1","0"
"0.36","233","Asio otus","0","0","1","0"
"0.36","233","Monticola saxatilis","0","0","1","0"
"0.36","234","Turdus merula","0","0","1","0"
"0.36","234","Apus apus","0","0","1","0"
"0.36","234","Hirundo rustica","0","0","1","0"
"0.36","234","Columba palumbus","0","0","1","0"
"0.36","234","Fringilla coelebs","0","0","1","0"
"0.36","234","Passer domesticus","0","0","1","0"
"0.36","234","Sylvia atricapilla","0","0","1","0"
"0.36","234","Carduelis carduelis","0","0","1","0"
"0.36","234","Pica pica","0","0","1","0"
"0.36","234","Serinus serinus","0","0","1","0"
"0.36","234","Streptopelia decaocto","0","0","1","0"
"0.36","234","Corvus corone","0","0","1","0"
"0.36","234","Delichon urbicum","0","0","1","0"
"0.36","234","Parus major","0","0","1","0"
"0.36","234","Milvus migrans","0","0","1","0"
"0.36","234","Gyps fulvus","0","0","1","0"
"0.36","234","Phoenicurus ochruros","0","0","1","0"
"0.36","234","Motacilla alba","0","0","1","0"
"0.36","234","Erithacus rubecula","0","0","1","0"
"0.36","234","Garrulus glandarius","0","0","1","0"
"0.36","234","Columba livia","0","0","1","0"
"0.36","234","Cyanistes caeruleus","0","0","1","0"
"0.36","234","Chloris chloris","0","0","1","0"
"0.36","234","Oriolus oriolus","0","0","1","0"
"0.36","234","Luscinia megarhynchos","0","0","1","0"
"0.36","234","Falco tinnunculus","0","0","1","0"
"0.36","234","Emberiza cirlus","0","0","1","0"
"0.36","234","Troglodytes troglodytes","0","0","1","0"
"0.36","234","Phylloscopus bonelli","0","0","1","0"
"0.36","234","Merops apiaster","0","0","1","0"
"0.36","234","Cuculus canorus","1","0","0","0"
"0.36","234","Buteo buteo","0","0","1","0"
"0.36","234","Periparus ater","0","0","1","0"
"0.36","234","Linaria cannabina","0","0","1","0"
"0.36","234","Larus michahellis","0","0","1","0"
"0.36","234","Anas platyrhynchos","0","0","1","0"
"0.36","234","Upupa epops","0","0","1","0"
"0.36","234","Ptyonoprogne rupestris","0","0","1","0"
"0.36","234","Hippolais polyglotta","0","0","1","0"
"0.36","234","Sturnus vulgaris","0","0","1","0"
"0.36","234","Streptopelia turtur","0","0","1","0"
"0.36","234","Dendrocopos major","0","0","1","0"
"0.36","234","Certhia brachydactyla","0","0","1","0"
"0.36","234","Saxicola rubicola","0","0","1","0"
"0.36","234","Ardea cinerea","0","0","1","0"
"0.36","234","Emberiza calandra","0","0","1","0"
"0.36","234","Corvus corax","0","0","1","0"
"0.36","234","Aegithalos caudatus","0","0","1","0"
"0.36","234","Curruca melanocephala","0","0","1","0"
"0.36","234","Galerida cristata","0","0","1","0"
"0.36","234","Lophophanes cristatus","0","0","1","0"
"0.36","234","Regulus ignicapilla","0","0","1","0"
"0.36","234","Turdus viscivorus","0","0","1","0"
"0.36","234","Lullula arborea","0","0","1","0"
"0.36","234","Cettia cetti","0","0","1","0"
"0.36","234","Petronia petronia","0","0","1","0"
"0.36","234","Sitta europaea","0","0","1","0"
"0.36","234","Pyrrhocorax pyrrhocorax","0","0","1","0"
"0.36","234","Alauda arvensis","0","0","1","0"
"0.36","234","Fulica atra","0","0","1","0"
"0.36","234","Turdus philomelos","0","0","1","0"
"0.36","234","Circaetus gallicus","0","0","1","0"
"0.36","234","Cisticola juncidis","0","0","1","0"
"0.36","234","Egretta garzetta","0","0","1","0"
"0.36","234","Hieraaetus pennatus","0","0","1","0"
"0.36","234","Sturnus unicolor","0","0","1","0"
"0.36","234","Picus viridis","0","0","1","0"
"0.36","234","Gallinula chloropus","0","0","1","0"
"0.36","234","Picus sharpei","0","0","1","0"
"0.36","234","Oenanthe oenanthe","0","0","1","0"
"0.36","234","Carduelis citrinella","0","0","1","0"
"0.36","234","Himantopus himantopus","0","0","1","0"
"0.36","234","Lanius senator","0","0","1","0"
"0.36","234","Lanius collurio","0","0","1","0"
"0.36","234","Corvus monedula","0","0","1","0"
"0.36","234","Phalacrocorax carbo","0","0","1","0"
"0.36","234","Curruca communis","0","0","1","0"
"0.36","234","Phoenicurus phoenicurus","0","0","1","0"
"0.36","234","Milvus milvus","0","0","1","0"
"0.36","234","Phylloscopus collybita","0","0","1","0"
"0.36","234","Alectoris rufa","0","0","1","0"
"0.36","234","Chroicocephalus ridibundus","0","0","1","0"
"0.36","234","Ciconia ciconia","0","0","1","0"
"0.36","234","Motacilla cinerea","0","0","1","0"
"0.36","234","Acrocephalus scirpaceus","0","0","1","0"
"0.36","234","Bubulcus ibis","0","0","1","0"
"0.36","234","Circus aeruginosus","0","0","1","0"
"0.36","234","Curruca iberiae","0","0","1","0"
"0.36","234","Muscicapa striata","0","0","1","0"
"0.36","234","Coturnix coturnix","0","0","1","0"
"0.36","234","Emberiza cia","0","0","1","0"
"0.36","234","Acrocephalus arundinaceus","0","0","1","0"
"0.36","234","Motacilla flava","0","0","1","0"
"0.36","234","Passer montanus","0","0","1","0"
"0.36","234","Pernis apivorus","0","0","1","0"
"0.36","234","Prunella modularis","0","0","1","0"
"0.36","234","Ardea purpurea","0","0","1","0"
"0.36","234","Sterna hirundo","0","0","1","0"
"0.36","234","Anthus trivialis","0","0","1","0"
"0.36","234","Podiceps cristatus","0","0","1","0"
"0.36","234","Charadrius dubius","0","0","1","0"
"0.36","234","Tachybaptus ruficollis","0","0","1","0"
"0.36","234","Emberiza citrinella","0","0","1","0"
"0.36","234","Anthus campestris","0","0","1","0"
"0.36","234","Falco subbuteo","0","0","1","0"
"0.36","234","Curruca undata","0","0","1","0"
"0.36","234","Apus melba","0","0","1","0"
"0.36","234","Sylvia borin","0","0","1","0"
"0.36","234","Recurvirostra avosetta","0","0","1","0"
"0.36","234","Tadorna tadorna","0","0","1","0"
"0.36","234","Galerida theklae","0","0","1","0"
"0.36","234","Circus pygargus","0","0","1","0"
"0.36","234","Aquila chrysaetos","0","0","1","0"
"0.36","234","Netta rufina","0","0","1","0"
"0.36","234","Riparia riparia","0","0","1","0"
"0.36","234","Cinclus cinclus","0","0","1","0"
"0.36","234","Burhinus oedicnemus","0","0","1","0"
"0.36","234","Aythya ferina","0","0","1","0"
"0.36","234","Pyrrhula pyrrhula","0","0","1","0"
"0.36","234","Actitis hypoleucos","0","0","1","0"
"0.36","234","Melanocorypha calandra","0","0","1","0"
"0.36","234","Sternula albifrons","0","0","1","0"
"0.36","234","Phoenicopterus roseus","0","0","1","0"
"0.36","234","Alcedo atthis","0","0","1","0"
"0.36","234","Nycticorax nycticorax","0","0","1","0"
"0.36","234","Coccothraustes coccothraustes","0","0","1","0"
"0.36","234","Accipiter nisus","0","0","1","0"
"0.36","234","Phasianus colchicus","0","0","1","0"
"0.36","234","Coracias garrulus","0","0","1","0"
"0.36","234","Cecropis daurica","0","0","1","0"
"0.36","234","Mareca strepera","0","0","1","0"
"0.36","234","Poecile palustris","0","0","1","0"
"0.36","234","Loxia curvirostra","0","0","1","0"
"0.36","234","Plegadis falcinellus","0","0","1","0"
"0.36","234","Tringa ochropus","0","0","1","0"
"0.36","234","Vanellus vanellus","0","0","1","0"
"0.36","234","Anthus spinoletta","0","0","1","0"
"0.36","234","Saxicola rubetra","0","0","1","0"
"0.36","234","Pyrrhocorax graculus","0","0","1","0"
"0.36","234","Passer hispaniolensis","0","0","1","0"
"0.36","234","Athene noctua","0","0","1","0"
"0.36","234","Columba oenas","0","0","1","0"
"0.36","234","Ichthyaetus melanocephalus","0","0","1","0"
"0.36","234","Falco naumanni","0","0","1","0"
"0.36","234","Tringa totanus","0","0","1","0"
"0.36","234","Emberiza schoeniclus","0","0","1","0"
"0.36","234","Ardea alba","0","0","1","0"
"0.36","234","Lanius meridionalis","0","0","1","0"
"0.36","234","Rallus aquaticus","0","0","1","0"
"0.36","234","Platalea leucorodia","0","0","1","0"
"0.36","234","Regulus regulus","0","0","1","0"
"0.36","234","Psittacula krameri","0","0","1","0"
"0.36","234","Chlidonias niger","0","0","1","0"
"0.36","234","Charadrius alexandrinus","0","0","1","0"
"0.36","234","Oenanthe hispanica","0","0","1","0"
"0.36","234","Ardeola ralloides","0","0","1","0"
"0.36","234","Strix aluco","0","0","1","0"
"0.36","234","Spatula clypeata","0","0","1","0"
"0.36","234","Monticola solitarius","0","0","1","0"
"0.36","234","Ichthyaetus audouinii","0","0","1","0"
"0.36","234","Chlidonias hybrida","0","0","1","0"
"0.36","234","Podiceps nigricollis","0","0","1","0"
"0.36","234","Otus scops","0","0","1","0"
"0.36","234","Jynx torquilla","0","0","1","0"
"0.36","234","Dendrocoptes medius","0","0","1","0"
"0.36","234","Asio otus","0","0","1","0"
"0.36","234","Monticola saxatilis","0","0","1","0"
"0.36","235","Turdus merula","0","0","1","0"
"0.36","235","Apus apus","0","0","1","0"
"0.36","235","Columba palumbus","0","0","1","0"
"0.36","235","Hirundo rustica","0","0","1","0"
"0.36","235","Passer domesticus","0","0","1","0"
"0.36","235","Fringilla coelebs","0","0","1","0"
"0.36","235","Delichon urbicum","0","0","1","0"
"0.36","235","Carduelis carduelis","0","0","1","0"
"0.36","235","Streptopelia decaocto","0","0","1","0"
"0.36","235","Pica pica","0","0","1","0"
"0.36","235","Sylvia atricapilla","0","0","1","0"
"0.36","235","Corvus corone","0","0","1","0"
"0.36","235","Parus major","0","0","1","0"
"0.36","235","Phoenicurus ochruros","0","0","1","0"
"0.36","235","Serinus serinus","0","0","1","0"
"0.36","235","Gyps fulvus","0","0","1","0"
"0.36","235","Columba livia","0","0","1","0"
"0.36","235","Garrulus glandarius","0","0","1","0"
"0.36","235","Milvus migrans","0","0","1","0"
"0.36","235","Motacilla alba","0","0","1","0"
"0.36","235","Cyanistes caeruleus","0","0","1","0"
"0.36","235","Falco tinnunculus","0","0","1","0"
"0.36","235","Erithacus rubecula","0","0","1","0"
"0.36","235","Buteo buteo","0","0","1","0"
"0.36","235","Emberiza cirlus","0","0","1","0"
"0.36","235","Chloris chloris","0","0","1","0"
"0.36","235","Periparus ater","0","0","1","0"
"0.36","235","Oriolus oriolus","0","0","1","0"
"0.36","235","Merops apiaster","0","0","1","0"
"0.36","235","Larus michahellis","0","0","1","0"
"0.36","235","Anas platyrhynchos","0","0","1","0"
"0.36","235","Ptyonoprogne rupestris","0","0","1","0"
"0.36","235","Linaria cannabina","0","0","1","0"
"0.36","235","Ardea cinerea","0","0","1","0"
"0.36","235","Dendrocopos major","0","0","1","0"
"0.36","235","Troglodytes troglodytes","0","0","1","0"
"0.36","235","Phylloscopus bonelli","0","0","1","0"
"0.36","235","Certhia brachydactyla","0","0","1","0"
"0.36","235","Sturnus vulgaris","0","0","1","0"
"0.36","235","Corvus corax","0","0","1","0"
"0.36","235","Aegithalos caudatus","0","0","1","0"
"0.36","235","Upupa epops","0","0","1","0"
"0.36","235","Streptopelia turtur","0","0","1","0"
"0.36","235","Lophophanes cristatus","0","0","1","0"
"0.36","235","Saxicola rubicola","0","0","1","0"
"0.36","235","Sitta europaea","0","0","1","0"
"0.36","235","Picus viridis","0","0","1","0"
"0.36","235","Curruca melanocephala","0","0","1","0"
"0.36","235","Fulica atra","0","0","1","0"
"0.36","235","Egretta garzetta","0","0","1","0"
"0.36","235","Chroicocephalus ridibundus","0","0","1","0"
"0.36","235","Gallinula chloropus","0","0","1","0"
"0.36","235","Turdus viscivorus","0","0","1","0"
"0.36","235","Galerida cristata","0","0","1","0"
"0.36","235","Regulus ignicapilla","0","0","1","0"
"0.36","235","Hippolais polyglotta","0","0","1","0"
"0.36","235","Circaetus gallicus","0","0","1","0"
"0.36","235","Luscinia megarhynchos","0","0","1","0"
"0.36","235","Bubulcus ibis","0","0","1","0"
"0.36","235","Lanius collurio","0","0","1","0"
"0.36","235","Cettia cetti","0","0","1","0"
"0.36","235","Phalacrocorax carbo","0","0","1","0"
"0.36","235","Hieraaetus pennatus","0","0","1","0"
"0.36","235","Cisticola juncidis","0","0","1","0"
"0.36","235","Carduelis citrinella","0","0","1","0"
"0.36","235","Muscicapa striata","0","0","1","0"
"0.36","235","Pyrrhocorax pyrrhocorax","0","0","1","0"
"0.36","235","Oenanthe oenanthe","0","0","1","0"
"0.36","235","Himantopus himantopus","0","0","1","0"
"0.36","235","Phylloscopus collybita","0","0","1","0"
"0.36","235","Lanius senator","0","0","1","0"
"0.36","235","Lullula arborea","0","0","1","0"
"0.36","235","Motacilla cinerea","0","0","1","0"
"0.36","235","Milvus milvus","0","0","1","0"
"0.36","235","Pernis apivorus","0","0","1","0"
"0.36","235","Petronia petronia","0","0","1","0"
"0.36","235","Turdus philomelos","0","0","1","0"
"0.36","235","Emberiza calandra","0","0","1","0"
"0.36","235","Circus aeruginosus","0","0","1","0"
"0.36","235","Alauda arvensis","0","0","1","0"
"0.36","235","Corvus monedula","0","0","1","0"
"0.36","235","Acrocephalus scirpaceus","0","0","1","0"
"0.36","235","Picus sharpei","0","0","1","0"
"0.36","235","Cuculus canorus","0","0","1","0"
"0.36","235","Phoenicurus phoenicurus","0","0","1","0"
"0.36","235","Ciconia ciconia","0","0","1","0"
"0.36","235","Coturnix coturnix","0","0","1","0"
"0.36","235","Tachybaptus ruficollis","0","0","1","0"
"0.36","235","Curruca communis","0","0","1","0"
"0.36","235","Alectoris rufa","0","0","1","0"
"0.36","235","Podiceps cristatus","0","0","1","0"
"0.36","235","Motacilla flava","0","0","1","0"
"0.36","235","Actitis hypoleucos","0","0","1","0"
"0.36","235","Passer montanus","0","0","1","0"
"0.36","235","Alcedo atthis","0","0","1","0"
"0.36","235","Sturnus unicolor","0","0","1","0"
"0.36","235","Sterna hirundo","0","0","1","0"
"0.36","235","Ardea purpurea","0","0","1","0"
"0.36","235","Curruca iberiae","0","0","1","0"
"0.36","235","Charadrius dubius","0","0","1","0"
"0.36","235","Emberiza cia","0","0","1","0"
"0.36","235","Anthus trivialis","0","0","1","0"
"0.36","235","Tringa ochropus","0","0","1","0"
"0.36","235","Prunella modularis","0","0","1","0"
"0.36","235","Apus melba","0","0","1","0"
"0.36","235","Cinclus cinclus","0","0","1","0"
"0.36","235","Falco subbuteo","0","0","1","0"
"0.36","235","Anthus campestris","0","0","1","0"
"0.36","235","Recurvirostra avosetta","0","0","1","0"
"0.36","235","Anthus spinoletta","0","0","1","0"
"0.36","235","Riparia riparia","0","0","1","0"
"0.36","235","Vanellus vanellus","0","0","1","0"
"0.36","235","Aquila chrysaetos","0","0","1","0"
"0.36","235","Sylvia borin","0","0","1","0"
"0.36","235","Emberiza citrinella","0","0","1","0"
"0.36","235","Tadorna tadorna","0","0","1","0"
"0.36","235","Curruca undata","0","0","1","0"
"0.36","235","Aythya ferina","0","0","1","0"
"0.36","235","Phoenicopterus roseus","0","0","1","0"
"0.36","235","Netta rufina","0","0","1","0"
"0.36","235","Acrocephalus arundinaceus","0","0","1","0"
"0.36","235","Circus pygargus","0","0","1","0"
"0.36","235","Pyrrhula pyrrhula","0","0","1","0"
"0.36","235","Ardea alba","0","0","1","0"
"0.36","235","Nycticorax nycticorax","0","0","1","0"
"0.36","235","Accipiter nisus","0","0","1","0"
"0.36","235","Poecile palustris","0","0","1","0"
"0.36","235","Burhinus oedicnemus","0","0","1","0"
"0.36","235","Loxia curvirostra","0","0","1","0"
"0.36","235","Plegadis falcinellus","0","0","1","0"
"0.36","235","Columba oenas","0","0","1","0"
"0.36","235","Rallus aquaticus","0","0","1","0"
"0.36","235","Cecropis daurica","0","0","1","0"
"0.36","235","Sternula albifrons","0","0","1","0"
"0.36","235","Ficedula hypoleuca","0","0","1","0"
"0.36","235","Coccothraustes coccothraustes","0","0","1","0"
"0.36","235","Pyrrhocorax graculus","0","0","1","0"
"0.36","235","Chlidonias niger","0","0","1","0"
"0.36","235","Ichthyaetus melanocephalus","0","0","1","0"
"0.36","235","Platalea leucorodia","0","0","1","0"
"0.36","235","Saxicola rubetra","0","0","1","0"
"0.36","235","Mareca strepera","0","0","1","0"
"0.36","235","Coracias garrulus","0","0","1","0"
"0.36","235","Passer italiae","0","0","1","0"
"0.36","235","Galerida theklae","0","0","1","0"
"0.36","235","Tringa totanus","0","0","1","0"
"0.36","235","Athene noctua","0","0","1","0"
"0.36","235","Thalasseus sandvicensis","0","0","1","0"
"0.36","235","Melanocorypha calandra","0","0","1","0"
"0.36","235","Emberiza schoeniclus","0","0","1","0"
"0.36","235","Strix aluco","0","0","1","0"
"0.36","235","Lanius meridionalis","0","0","1","0"
"0.36","235","Tyto alba","0","0","1","0"
"0.36","235","Charadrius alexandrinus","0","0","1","0"
"0.36","235","Podiceps nigricollis","0","0","1","0"
"0.36","235","Spatula clypeata","0","0","1","0"
"0.36","235","Phasianus colchicus","0","0","1","0"
"0.36","235","Passer hispaniolensis","0","0","1","0"
"0.36","235","Falco naumanni","0","0","1","0"
"0.36","235","Numenius arquata","0","0","1","0"
"0.36","235","Regulus regulus","0","0","1","0"
"0.36","235","Charadrius hiaticula","0","0","1","0"
"0.36","235","Tringa glareola","0","0","1","0"
"0.36","235","Ichthyaetus audouinii","0","0","1","0"
"0.36","235","Ardeola ralloides","0","0","1","0"
"0.36","235","Psittacula krameri","0","0","1","0"
"0.36","235","Limosa limosa","0","0","1","0"
"0.36","235","Cygnus olor","0","0","1","0"
"0.36","235","Ixobrychus minutus","0","0","1","0"
"0.36","235","Chlidonias hybrida","0","0","1","0"
"0.36","235","Monticola solitarius","0","0","1","0"
"0.36","235","Falco peregrinus","0","0","1","0"
"0.36","235","Apus pallidus","0","0","1","0"
"0.36","235","Hippolais icterina","0","0","1","0"
"0.36","235","Tringa nebularia","0","0","1","0"
"0.36","235","Morus bassanus","0","0","1","0"
"0.36","235","Phylloscopus trochilus","0","0","1","0"
"0.36","235","Otus scops","0","0","1","0"
"0.36","235","Jynx torquilla","0","0","1","0"
"0.36","235","Dendrocoptes medius","0","0","1","0"
"0.36","235","Asio otus","0","0","1","0"
"0.36","235","Monticola saxatilis","0","0","1","0"
"0.36","236","Turdus merula","0","0","1","0"
"0.36","236","Apus apus","0","0","1","0"
"0.36","236","Columba palumbus","0","0","1","0"
"0.36","236","Hirundo rustica","0","0","1","0"
"0.36","236","Passer domesticus","0","0","1","0"
"0.36","236","Fringilla coelebs","0","0","1","0"
"0.36","236","Delichon urbicum","0","0","1","0"
"0.36","236","Carduelis carduelis","0","0","1","0"
"0.36","236","Streptopelia decaocto","0","0","1","0"
"0.36","236","Pica pica","0","0","1","0"
"0.36","236","Sylvia atricapilla","0","0","1","0"
"0.36","236","Corvus corone","0","0","1","0"
"0.36","236","Parus major","0","0","1","0"
"0.36","236","Phoenicurus ochruros","0","0","1","0"
"0.36","236","Serinus serinus","0","0","1","0"
"0.36","236","Gyps fulvus","0","0","1","0"
"0.36","236","Columba livia","0","0","1","0"
"0.36","236","Garrulus glandarius","0","0","1","0"
"0.36","236","Milvus migrans","0","0","1","0"
"0.36","236","Motacilla alba","0","0","1","0"
"0.36","236","Cyanistes caeruleus","0","0","1","0"
"0.36","236","Falco tinnunculus","0","0","1","0"
"0.36","236","Erithacus rubecula","0","0","1","0"
"0.36","236","Buteo buteo","0","0","1","0"
"0.36","236","Emberiza cirlus","0","0","1","0"
"0.36","236","Chloris chloris","0","0","1","0"
"0.36","236","Periparus ater","0","0","1","0"
"0.36","236","Oriolus oriolus","0","0","1","0"
"0.36","236","Merops apiaster","0","0","1","0"
"0.36","236","Larus michahellis","0","0","1","0"
"0.36","236","Anas platyrhynchos","0","0","1","0"
"0.36","236","Ptyonoprogne rupestris","0","0","1","0"
"0.36","236","Linaria cannabina","0","0","1","0"
"0.36","236","Ardea cinerea","0","0","1","0"
"0.36","236","Dendrocopos major","0","0","1","0"
"0.36","236","Troglodytes troglodytes","0","0","0","1"
"0.36","236","Phylloscopus bonelli","0","0","1","0"
"0.36","236","Certhia brachydactyla","0","0","1","0"
"0.36","236","Sturnus vulgaris","0","0","1","0"
"0.36","236","Corvus corax","0","0","1","0"
"0.36","236","Aegithalos caudatus","0","0","1","0"
"0.36","236","Upupa epops","0","0","1","0"
"0.36","236","Streptopelia turtur","0","0","1","0"
"0.36","236","Lophophanes cristatus","0","0","1","0"
"0.36","236","Saxicola rubicola","0","0","1","0"
"0.36","236","Sitta europaea","0","0","1","0"
"0.36","236","Picus viridis","0","0","1","0"
"0.36","236","Curruca melanocephala","0","0","1","0"
"0.36","236","Fulica atra","0","0","1","0"
"0.36","236","Egretta garzetta","0","0","1","0"
"0.36","236","Chroicocephalus ridibundus","0","0","1","0"
"0.36","236","Gallinula chloropus","0","0","1","0"
"0.36","236","Turdus viscivorus","0","0","1","0"
"0.36","236","Galerida cristata","0","0","1","0"
"0.36","236","Regulus ignicapilla","0","0","1","0"
"0.36","236","Hippolais polyglotta","0","0","1","0"
"0.36","236","Circaetus gallicus","0","0","1","0"
"0.36","236","Luscinia megarhynchos","0","0","1","0"
"0.36","236","Bubulcus ibis","0","0","1","0"
"0.36","236","Lanius collurio","0","0","1","0"
"0.36","236","Cettia cetti","0","0","1","0"
"0.36","236","Phalacrocorax carbo","0","0","1","0"
"0.36","236","Hieraaetus pennatus","0","0","1","0"
"0.36","236","Cisticola juncidis","0","0","1","0"
"0.36","236","Carduelis citrinella","0","0","0","1"
"0.36","236","Muscicapa striata","0","0","1","0"
"0.36","236","Pyrrhocorax pyrrhocorax","0","0","1","0"
"0.36","236","Oenanthe oenanthe","0","0","1","0"
"0.36","236","Himantopus himantopus","0","0","1","0"
"0.36","236","Phylloscopus collybita","0","0","1","0"
"0.36","236","Lanius senator","0","0","1","0"
"0.36","236","Lullula arborea","0","0","1","0"
"0.36","236","Motacilla cinerea","0","0","1","0"
"0.36","236","Milvus milvus","0","0","1","0"
"0.36","236","Pernis apivorus","0","0","1","0"
"0.36","236","Petronia petronia","0","0","1","0"
"0.36","236","Turdus philomelos","0","0","1","0"
"0.36","236","Emberiza calandra","0","0","1","0"
"0.36","236","Circus aeruginosus","0","0","1","0"
"0.36","236","Alauda arvensis","0","0","1","0"
"0.36","236","Corvus monedula","0","0","1","0"
"0.36","236","Acrocephalus scirpaceus","0","0","1","0"
"0.36","236","Picus sharpei","0","0","1","0"
"0.36","236","Cuculus canorus","0","0","1","0"
"0.36","236","Phoenicurus phoenicurus","0","0","1","0"
"0.36","236","Ciconia ciconia","0","0","1","0"
"0.36","236","Coturnix coturnix","0","0","1","0"
"0.36","236","Tachybaptus ruficollis","0","0","1","0"
"0.36","236","Curruca communis","0","0","1","0"
"0.36","236","Alectoris rufa","0","0","1","0"
"0.36","236","Podiceps cristatus","0","0","1","0"
"0.36","236","Motacilla flava","0","0","1","0"
"0.36","236","Actitis hypoleucos","0","0","1","0"
"0.36","236","Passer montanus","0","0","1","0"
"0.36","236","Alcedo atthis","0","0","1","0"
"0.36","236","Sturnus unicolor","0","0","1","0"
"0.36","236","Sterna hirundo","0","0","1","0"
"0.36","236","Ardea purpurea","0","0","1","0"
"0.36","236","Curruca iberiae","0","0","1","0"
"0.36","236","Charadrius dubius","0","0","1","0"
"0.36","236","Emberiza cia","0","0","1","0"
"0.36","236","Anthus trivialis","0","0","1","0"
"0.36","236","Tringa ochropus","0","0","1","0"
"0.36","236","Prunella modularis","0","0","1","0"
"0.36","236","Apus melba","0","0","1","0"
"0.36","236","Cinclus cinclus","0","0","1","0"
"0.36","236","Falco subbuteo","0","0","1","0"
"0.36","236","Anthus campestris","0","0","1","0"
"0.36","236","Recurvirostra avosetta","0","0","1","0"
"0.36","236","Anthus spinoletta","0","0","1","0"
"0.36","236","Riparia riparia","0","0","1","0"
"0.36","236","Vanellus vanellus","0","0","1","0"
"0.36","236","Aquila chrysaetos","0","0","1","0"
"0.36","236","Sylvia borin","0","0","1","0"
"0.36","236","Emberiza citrinella","0","0","1","0"
"0.36","236","Tadorna tadorna","0","0","1","0"
"0.36","236","Curruca undata","0","0","1","0"
"0.36","236","Aythya ferina","0","0","1","0"
"0.36","236","Phoenicopterus roseus","0","0","1","0"
"0.36","236","Netta rufina","0","0","1","0"
"0.36","236","Acrocephalus arundinaceus","0","0","1","0"
"0.36","236","Circus pygargus","0","0","1","0"
"0.36","236","Pyrrhula pyrrhula","0","0","1","0"
"0.36","236","Ardea alba","0","0","1","0"
"0.36","236","Nycticorax nycticorax","0","0","1","0"
"0.36","236","Accipiter nisus","0","0","1","0"
"0.36","236","Poecile palustris","0","0","1","0"
"0.36","236","Burhinus oedicnemus","0","0","1","0"
"0.36","236","Loxia curvirostra","0","0","1","0"
"0.36","236","Plegadis falcinellus","0","0","1","0"
"0.36","236","Columba oenas","0","0","1","0"
"0.36","236","Rallus aquaticus","0","0","1","0"
"0.36","236","Cecropis daurica","0","0","1","0"
"0.36","236","Sternula albifrons","0","0","1","0"
"0.36","236","Ficedula hypoleuca","0","0","1","0"
"0.36","236","Coccothraustes coccothraustes","0","0","1","0"
"0.36","236","Pyrrhocorax graculus","0","0","1","0"
"0.36","236","Chlidonias niger","0","0","1","0"
"0.36","236","Ichthyaetus melanocephalus","0","0","1","0"
"0.36","236","Platalea leucorodia","0","0","1","0"
"0.36","236","Saxicola rubetra","0","0","1","0"
"0.36","236","Mareca strepera","0","0","1","0"
"0.36","236","Coracias garrulus","0","0","1","0"
"0.36","236","Passer italiae","0","0","1","0"
"0.36","236","Galerida theklae","0","0","1","0"
"0.36","236","Tringa totanus","0","0","1","0"
"0.36","236","Athene noctua","0","0","1","0"
"0.36","236","Thalasseus sandvicensis","0","0","1","0"
"0.36","236","Melanocorypha calandra","0","0","1","0"
"0.36","236","Emberiza schoeniclus","0","0","1","0"
"0.36","236","Strix aluco","0","0","1","0"
"0.36","236","Lanius meridionalis","0","0","1","0"
"0.36","236","Tyto alba","0","0","1","0"
"0.36","236","Charadrius alexandrinus","0","0","1","0"
"0.36","236","Podiceps nigricollis","0","0","1","0"
"0.36","236","Spatula clypeata","0","0","1","0"
"0.36","236","Phasianus colchicus","0","0","1","0"
"0.36","236","Passer hispaniolensis","0","0","1","0"
"0.36","236","Falco naumanni","0","0","1","0"
"0.36","236","Numenius arquata","0","0","1","0"
"0.36","236","Regulus regulus","0","0","1","0"
"0.36","236","Charadrius hiaticula","0","0","1","0"
"0.36","236","Tringa glareola","0","0","1","0"
"0.36","236","Ichthyaetus audouinii","0","0","1","0"
"0.36","236","Ardeola ralloides","0","0","1","0"
"0.36","236","Psittacula krameri","0","0","1","0"
"0.36","236","Limosa limosa","0","0","1","0"
"0.36","236","Cygnus olor","0","0","1","0"
"0.36","236","Ixobrychus minutus","0","0","1","0"
"0.36","236","Chlidonias hybrida","0","0","1","0"
"0.36","236","Monticola solitarius","0","0","1","0"
"0.36","236","Falco peregrinus","0","0","1","0"
"0.36","236","Apus pallidus","0","0","1","0"
"0.36","236","Hippolais icterina","0","0","1","0"
"0.36","236","Tringa nebularia","0","0","1","0"
"0.36","236","Morus bassanus","0","0","1","0"
"0.36","236","Phylloscopus trochilus","0","0","1","0"
"0.36","236","Otus scops","0","0","1","0"
"0.36","236","Jynx torquilla","0","0","1","0"
"0.36","236","Dendrocoptes medius","0","0","1","0"
"0.36","236","Asio otus","0","0","1","0"
"0.36","236","Monticola saxatilis","0","0","1","0"
"0.36","237","Turdus merula","0","0","1","0"
"0.36","237","Apus apus","0","0","1","0"
"0.36","237","Columba palumbus","0","0","1","0"
"0.36","237","Hirundo rustica","0","0","1","0"
"0.36","237","Passer domesticus","0","0","1","0"
"0.36","237","Fringilla coelebs","0","0","1","0"
"0.36","237","Delichon urbicum","0","0","1","0"
"0.36","237","Carduelis carduelis","0","0","1","0"
"0.36","237","Streptopelia decaocto","0","0","1","0"
"0.36","237","Pica pica","0","0","1","0"
"0.36","237","Sylvia atricapilla","0","0","1","0"
"0.36","237","Corvus corone","0","0","1","0"
"0.36","237","Parus major","0","0","1","0"
"0.36","237","Phoenicurus ochruros","0","0","0","1"
"0.36","237","Serinus serinus","0","0","1","0"
"0.36","237","Gyps fulvus","0","0","1","0"
"0.36","237","Columba livia","0","0","1","0"
"0.36","237","Garrulus glandarius","0","0","1","0"
"0.36","237","Milvus migrans","0","0","1","0"
"0.36","237","Motacilla alba","0","0","1","0"
"0.36","237","Cyanistes caeruleus","0","0","1","0"
"0.36","237","Falco tinnunculus","0","0","1","0"
"0.36","237","Erithacus rubecula","0","0","1","0"
"0.36","237","Buteo buteo","0","0","1","0"
"0.36","237","Emberiza cirlus","0","0","1","0"
"0.36","237","Chloris chloris","0","0","1","0"
"0.36","237","Periparus ater","0","0","1","0"
"0.36","237","Oriolus oriolus","0","0","1","0"
"0.36","237","Merops apiaster","0","0","1","0"
"0.36","237","Larus michahellis","0","0","1","0"
"0.36","237","Anas platyrhynchos","0","0","1","0"
"0.36","237","Ptyonoprogne rupestris","0","0","1","0"
"0.36","237","Linaria cannabina","0","0","1","0"
"0.36","237","Ardea cinerea","0","0","1","0"
"0.36","237","Dendrocopos major","0","0","1","0"
"0.36","237","Troglodytes troglodytes","0","0","0","1"
"0.36","237","Phylloscopus bonelli","0","0","1","0"
"0.36","237","Certhia brachydactyla","0","0","1","0"
"0.36","237","Sturnus vulgaris","0","0","1","0"
"0.36","237","Corvus corax","0","0","1","0"
"0.36","237","Aegithalos caudatus","0","0","1","0"
"0.36","237","Upupa epops","0","0","1","0"
"0.36","237","Streptopelia turtur","0","0","1","0"
"0.36","237","Lophophanes cristatus","0","0","1","0"
"0.36","237","Saxicola rubicola","0","0","1","0"
"0.36","237","Sitta europaea","0","0","1","0"
"0.36","237","Picus viridis","0","0","1","0"
"0.36","237","Curruca melanocephala","0","0","1","0"
"0.36","237","Fulica atra","0","0","1","0"
"0.36","237","Egretta garzetta","0","0","1","0"
"0.36","237","Chroicocephalus ridibundus","0","0","1","0"
"0.36","237","Gallinula chloropus","0","0","1","0"
"0.36","237","Turdus viscivorus","0","0","1","0"
"0.36","237","Galerida cristata","0","0","1","0"
"0.36","237","Regulus ignicapilla","0","0","1","0"
"0.36","237","Hippolais polyglotta","0","0","1","0"
"0.36","237","Circaetus gallicus","0","0","1","0"
"0.36","237","Luscinia megarhynchos","0","0","1","0"
"0.36","237","Bubulcus ibis","0","0","1","0"
"0.36","237","Lanius collurio","0","0","1","0"
"0.36","237","Cettia cetti","0","0","1","0"
"0.36","237","Phalacrocorax carbo","0","0","1","0"
"0.36","237","Hieraaetus pennatus","0","0","1","0"
"0.36","237","Cisticola juncidis","0","0","1","0"
"0.36","237","Carduelis citrinella","0","0","1","0"
"0.36","237","Muscicapa striata","0","0","1","0"
"0.36","237","Pyrrhocorax pyrrhocorax","0","0","0","1"
"0.36","237","Oenanthe oenanthe","0","0","1","0"
"0.36","237","Himantopus himantopus","0","0","1","0"
"0.36","237","Phylloscopus collybita","0","0","1","0"
"0.36","237","Lanius senator","0","0","1","0"
"0.36","237","Lullula arborea","0","0","1","0"
"0.36","237","Motacilla cinerea","0","0","1","0"
"0.36","237","Milvus milvus","0","0","1","0"
"0.36","237","Pernis apivorus","0","0","1","0"
"0.36","237","Petronia petronia","0","0","1","0"
"0.36","237","Turdus philomelos","0","0","1","0"
"0.36","237","Emberiza calandra","0","0","1","0"
"0.36","237","Circus aeruginosus","0","0","1","0"
"0.36","237","Alauda arvensis","0","0","1","0"
"0.36","237","Corvus monedula","0","0","1","0"
"0.36","237","Acrocephalus scirpaceus","0","0","1","0"
"0.36","237","Picus sharpei","0","0","1","0"
"0.36","237","Cuculus canorus","0","0","1","0"
"0.36","237","Phoenicurus phoenicurus","0","0","1","0"
"0.36","237","Ciconia ciconia","0","0","1","0"
"0.36","237","Coturnix coturnix","0","0","1","0"
"0.36","237","Tachybaptus ruficollis","0","0","1","0"
"0.36","237","Curruca communis","0","0","1","0"
"0.36","237","Alectoris rufa","0","0","1","0"
"0.36","237","Podiceps cristatus","0","0","1","0"
"0.36","237","Motacilla flava","0","0","1","0"
"0.36","237","Actitis hypoleucos","0","0","1","0"
"0.36","237","Passer montanus","0","0","1","0"
"0.36","237","Alcedo atthis","0","0","1","0"
"0.36","237","Sturnus unicolor","0","0","1","0"
"0.36","237","Sterna hirundo","0","0","1","0"
"0.36","237","Ardea purpurea","0","0","1","0"
"0.36","237","Curruca iberiae","0","0","1","0"
"0.36","237","Charadrius dubius","0","0","1","0"
"0.36","237","Emberiza cia","0","0","1","0"
"0.36","237","Anthus trivialis","0","0","1","0"
"0.36","237","Tringa ochropus","0","0","1","0"
"0.36","237","Prunella modularis","0","0","1","0"
"0.36","237","Apus melba","0","0","1","0"
"0.36","237","Cinclus cinclus","0","0","1","0"
"0.36","237","Falco subbuteo","0","0","1","0"
"0.36","237","Anthus campestris","0","0","1","0"
"0.36","237","Recurvirostra avosetta","0","0","1","0"
"0.36","237","Anthus spinoletta","0","0","1","0"
"0.36","237","Riparia riparia","0","0","1","0"
"0.36","237","Vanellus vanellus","0","0","1","0"
"0.36","237","Aquila chrysaetos","0","0","1","0"
"0.36","237","Sylvia borin","0","0","1","0"
"0.36","237","Emberiza citrinella","0","0","1","0"
"0.36","237","Tadorna tadorna","0","0","1","0"
"0.36","237","Curruca undata","0","0","1","0"
"0.36","237","Aythya ferina","0","0","1","0"
"0.36","237","Phoenicopterus roseus","0","0","1","0"
"0.36","237","Netta rufina","0","0","1","0"
"0.36","237","Acrocephalus arundinaceus","0","0","1","0"
"0.36","237","Circus pygargus","0","0","1","0"
"0.36","237","Pyrrhula pyrrhula","0","0","1","0"
"0.36","237","Ardea alba","0","0","1","0"
"0.36","237","Nycticorax nycticorax","0","0","1","0"
"0.36","237","Accipiter nisus","0","0","1","0"
"0.36","237","Poecile palustris","0","0","1","0"
"0.36","237","Burhinus oedicnemus","0","0","1","0"
"0.36","237","Loxia curvirostra","0","0","1","0"
"0.36","237","Plegadis falcinellus","0","0","1","0"
"0.36","237","Columba oenas","0","0","1","0"
"0.36","237","Rallus aquaticus","0","0","1","0"
"0.36","237","Cecropis daurica","0","0","1","0"
"0.36","237","Sternula albifrons","0","0","1","0"
"0.36","237","Ficedula hypoleuca","0","0","1","0"
"0.36","237","Coccothraustes coccothraustes","0","0","1","0"
"0.36","237","Pyrrhocorax graculus","0","0","1","0"
"0.36","237","Chlidonias niger","0","0","1","0"
"0.36","237","Ichthyaetus melanocephalus","0","0","1","0"
"0.36","237","Platalea leucorodia","0","0","1","0"
"0.36","237","Saxicola rubetra","0","0","1","0"
"0.36","237","Mareca strepera","0","0","1","0"
"0.36","237","Coracias garrulus","0","0","1","0"
"0.36","237","Passer italiae","0","0","1","0"
"0.36","237","Galerida theklae","0","0","1","0"
"0.36","237","Tringa totanus","0","0","1","0"
"0.36","237","Athene noctua","0","0","1","0"
"0.36","237","Thalasseus sandvicensis","0","0","1","0"
"0.36","237","Melanocorypha calandra","0","0","1","0"
"0.36","237","Emberiza schoeniclus","0","0","1","0"
"0.36","237","Strix aluco","0","0","1","0"
"0.36","237","Lanius meridionalis","0","0","1","0"
"0.36","237","Tyto alba","0","0","1","0"
"0.36","237","Charadrius alexandrinus","0","0","1","0"
"0.36","237","Podiceps nigricollis","0","0","1","0"
"0.36","237","Spatula clypeata","0","0","1","0"
"0.36","237","Phasianus colchicus","0","0","1","0"
"0.36","237","Passer hispaniolensis","0","0","1","0"
"0.36","237","Falco naumanni","0","0","1","0"
"0.36","237","Numenius arquata","0","0","1","0"
"0.36","237","Regulus regulus","0","0","1","0"
"0.36","237","Charadrius hiaticula","0","0","1","0"
"0.36","237","Tringa glareola","0","0","1","0"
"0.36","237","Ichthyaetus audouinii","0","0","1","0"
"0.36","237","Ardeola ralloides","0","0","1","0"
"0.36","237","Psittacula krameri","0","0","1","0"
"0.36","237","Limosa limosa","0","0","1","0"
"0.36","237","Cygnus olor","0","0","1","0"
"0.36","237","Ixobrychus minutus","0","0","1","0"
"0.36","237","Chlidonias hybrida","0","0","1","0"
"0.36","237","Monticola solitarius","0","0","1","0"
"0.36","237","Falco peregrinus","0","0","1","0"
"0.36","237","Apus pallidus","0","0","1","0"
"0.36","237","Hippolais icterina","0","0","1","0"
"0.36","237","Tringa nebularia","0","0","1","0"
"0.36","237","Morus bassanus","0","0","1","0"
"0.36","237","Phylloscopus trochilus","0","0","1","0"
"0.36","237","Otus scops","0","0","1","0"
"0.36","237","Jynx torquilla","0","0","1","0"
"0.36","237","Dendrocoptes medius","0","0","1","0"
"0.36","237","Asio otus","0","0","1","0"
"0.36","237","Monticola saxatilis","0","0","1","0"
